Date,RPM,Speed,nGear,Throttle,Brake,DRS,Source,Time,SessionTime,Distance,LapNumber
2023-10-22 19:03:41.558,4369,24,1,0,False,1,car,0 days 00:00:00.108000,0 days 01:02:39.325000,0.72,1.0
2023-10-22 19:03:41.758,4197,24,1,0,False,1,car,0 days 00:00:00.308000,0 days 01:02:39.525000,2.0533333333333332,1.0
2023-10-22 19:03:42.078,4102,24,1,0,False,1,car,0 days 00:00:00.628000,0 days 01:02:39.845000,4.1866666666666665,1.0
2023-10-22 19:03:42.358,3982,24,1,0,False,1,car,0 days 00:00:00.908000,0 days 01:02:40.125000,6.053333333333333,1.0
2023-10-22 19:03:42.758,3898,24,1,0,False,1,car,0 days 00:00:01.308000,0 days 01:02:40.525000,8.719999999999999,1.0
2023-10-22 19:03:42.958,3751,24,1,0,False,1,car,0 days 00:00:01.508000,0 days 01:02:40.725000,10.053333333333331,1.0
2023-10-22 19:03:43.358,3575,25,1,0,False,1,car,0 days 00:00:01.908000,0 days 01:02:41.125000,12.831111111111108,1.0
2023-10-22 19:03:43.518,3741,25,1,0,False,1,car,0 days 00:00:02.068000,0 days 01:02:41.285000,13.94222222222222,1.0
2023-10-22 19:03:43.758,3732,25,1,0,False,1,car,0 days 00:00:02.308000,0 days 01:02:41.525000,15.608888888888885,1.0
2023-10-22 19:03:44.238,3969,29,1,0,False,1,car,0 days 00:00:02.788000,0 days 01:02:42.005000,19.47555555555555,1.0
2023-10-22 19:03:44.398,3942,29,1,0,False,1,car,0 days 00:00:02.948000,0 days 01:02:42.165000,20.764444444444443,1.0
2023-10-22 19:03:44.838,4115,32,1,0,False,1,car,0 days 00:00:03.388000,0 days 01:02:42.605000,24.675555555555555,1.0
2023-10-22 19:03:44.998,4411,32,1,0,True,1,car,0 days 00:00:03.548000,0 days 01:02:42.765000,26.09777777777778,1.0
2023-10-22 19:03:45.238,4475,31,1,0,True,1,car,0 days 00:00:03.788000,0 days 01:02:43.005000,28.16444444444444,1.0
2023-10-22 19:03:45.598,4323,30,1,0,True,1,car,0 days 00:00:04.148000,0 days 01:02:43.365000,31.16444444444444,1.0
2023-10-22 19:03:45.758,4256,29,1,0,True,1,car,0 days 00:00:04.308000,0 days 01:02:43.525000,32.45333333333333,1.0
2023-10-22 19:03:45.918,4205,28,1,0,True,1,car,0 days 00:00:04.468000,0 days 01:02:43.685000,33.69777777777778,1.0
2023-10-22 19:03:46.278,4186,27,1,0,True,1,car,0 days 00:00:04.828000,0 days 01:02:44.045000,36.39777777777778,1.0
2023-10-22 19:03:46.677,4118,26,1,0,False,1,car,0 days 00:00:05.227000,0 days 01:02:44.444000,39.27944444444445,1.0
2023-10-22 19:03:46.838,4222,26,1,0,False,1,car,0 days 00:00:05.388000,0 days 01:02:44.605000,40.44222222222223,1.0
2023-10-22 19:03:47.038,4142,25,1,0,False,1,car,0 days 00:00:05.588000,0 days 01:02:44.805000,41.83111111111112,1.0
2023-10-22 19:03:47.518,4035,24,1,0,False,1,car,0 days 00:00:06.068000,0 days 01:02:45.285000,45.031111111111116,1.0
2023-10-22 19:03:47.678,3956,24,1,0,False,1,car,0 days 00:00:06.228000,0 days 01:02:45.445000,46.097777777777786,1.0
2023-10-22 19:03:47.878,3834,24,1,0,False,1,car,0 days 00:00:06.428000,0 days 01:02:45.645000,47.43111111111112,1.0
2023-10-22 19:03:48.038,3703,24,1,0,False,1,car,0 days 00:00:06.588000,0 days 01:02:45.805000,48.49777777777779,1.0
2023-10-22 19:03:48.198,3143,25,1,0,False,1,car,0 days 00:00:06.748000,0 days 01:02:45.965000,49.608888888888906,1.0
2023-10-22 19:03:48.438,3213,28,1,14,False,1,car,0 days 00:00:06.988000,0 days 01:02:46.205000,51.47555555555557,1.0
2023-10-22 19:03:48.678,3852,31,1,31,False,1,car,0 days 00:00:07.228000,0 days 01:02:46.445000,53.542222222222236,1.0
2023-10-22 19:03:48.838,4149,35,1,35,False,1,car,0 days 00:00:07.388000,0 days 01:02:46.605000,55.09777777777779,1.0
2023-10-22 19:03:49.038,4825,40,1,43,False,1,car,0 days 00:00:07.588000,0 days 01:02:46.805000,57.320000000000014,1.0
2023-10-22 19:03:49.358,5983,49,1,55,False,1,car,0 days 00:00:07.908000,0 days 01:02:47.125000,61.675555555555576,1.0
2023-10-22 19:03:49.518,6662,55,1,59,False,1,car,0 days 00:00:08.068000,0 days 01:02:47.285000,64.12,1.0
2023-10-22 19:03:49.798,8297,62,1,72,False,1,car,0 days 00:00:08.348000,0 days 01:02:47.565000,68.94222222222224,1.0
2023-10-22 19:03:49.998,8162,71,1,75,False,1,car,0 days 00:00:08.548000,0 days 01:02:47.765000,72.88666666666667,1.0
2023-10-22 19:03:50.318,8851,79,2,72,False,1,car,0 days 00:00:08.868000,0 days 01:02:48.085000,79.9088888888889,1.0
2023-10-22 19:03:50.478,7731,79,2,78,False,1,car,0 days 00:00:09.028000,0 days 01:02:48.245000,83.42000000000002,1.0
2023-10-22 19:03:50.758,6711,80,2,72,False,1,car,0 days 00:00:09.308000,0 days 01:02:48.525000,89.64222222222223,1.0
2023-10-22 19:03:50.918,6836,79,2,64,False,1,car,0 days 00:00:09.468000,0 days 01:02:48.685000,93.15333333333335,1.0
2023-10-22 19:03:51.078,6581,79,2,67,False,1,car,0 days 00:00:09.628000,0 days 01:02:48.845000,96.66444444444447,1.0
2023-10-22 19:03:51.438,6782,79,2,72,False,1,car,0 days 00:00:09.988000,0 days 01:02:49.205000,104.56444444444446,1.0
2023-10-22 19:03:51.598,6764,79,2,76,False,1,car,0 days 00:00:10.148000,0 days 01:02:49.365000,108.07555555555558,1.0
2023-10-22 19:03:51.838,6802,79,2,78,False,1,car,0 days 00:00:10.388000,0 days 01:02:49.605000,113.34222222222225,1.0
2023-10-22 19:03:52.078,6741,79,2,81,False,1,car,0 days 00:00:10.628000,0 days 01:02:49.845000,118.60888888888891,1.0
2023-10-22 19:03:52.318,6747,79,2,83,False,1,car,0 days 00:00:10.868000,0 days 01:02:50.085000,123.87555555555558,1.0
2023-10-22 19:03:52.558,6788,79,2,83,False,1,car,0 days 00:00:11.108000,0 days 01:02:50.325000,129.14222222222224,1.0
2023-10-22 19:03:52.798,6796,79,2,83,False,1,car,0 days 00:00:11.348000,0 days 01:02:50.565000,134.40888888888892,1.0
2023-10-22 19:03:53.038,6703,80,2,84,False,1,car,0 days 00:00:11.588000,0 days 01:02:50.805000,139.7422222222222,1.0
2023-10-22 19:03:53.279,6898,79,2,84,False,1,car,0 days 00:00:11.829000,0 days 01:02:51.046000,145.03083333333336,1.0
2023-10-22 19:03:53.638,7345,80,2,78,False,1,car,0 days 00:00:12.188000,0 days 01:02:51.405000,153.00861111111115,1.0
2023-10-22 19:03:53.918,7581,86,2,64,False,1,car,0 days 00:00:12.468000,0 days 01:02:51.685000,159.69750000000002,1.0
2023-10-22 19:03:54.278,8620,99,2,77,False,1,car,0 days 00:00:12.828000,0 days 01:02:52.045000,169.5975,1.0
2023-10-22 19:03:54.598,10440,108,2,79,False,1,car,0 days 00:00:13.148000,0 days 01:02:52.365000,179.1975,1.0
2023-10-22 19:03:54.798,11316,108,2,71,False,1,car,0 days 00:00:13.348000,0 days 01:02:52.565000,185.19750000000002,1.0
2023-10-22 19:03:55.038,12576,126,2,81,False,1,car,0 days 00:00:13.588000,0 days 01:02:52.805000,193.59749999999997,1.0
2023-10-22 19:03:55.318,10616,132,2,59,False,1,car,0 days 00:00:13.868000,0 days 01:02:53.085000,203.86416666666668,1.0
2023-10-22 19:03:55.758,11467,140,3,99,False,1,car,0 days 00:00:14.308000,0 days 01:02:53.525000,220.97527777777776,1.0
2023-10-22 19:03:55.918,11858,157,3,99,False,1,car,0 days 00:00:14.468000,0 days 01:02:53.685000,227.95305555555555,1.0
2023-10-22 19:03:56.158,10583,157,3,100,False,1,car,0 days 00:00:14.708000,0 days 01:02:53.925000,238.41972222222222,1.0
2023-10-22 19:03:56.358,10846,172,4,99,False,1,car,0 days 00:00:14.908000,0 days 01:02:54.125000,247.97527777777773,1.0
2023-10-22 19:03:56.518,11245,182,4,100,False,1,car,0 days 00:00:15.068000,0 days 01:02:54.285000,256.0641666666666,1.0
2023-10-22 19:03:57.438,10094,193,5,0,True,1,car,0 days 00:00:15.988000,0 days 01:02:55.205000,305.3863888888888,1.0
2023-10-22 19:03:57.638,9979,181,5,0,True,1,car,0 days 00:00:16.188000,0 days 01:02:55.405000,315.44194444444435,1.0
2023-10-22 19:03:58.078,10373,162,4,0,True,1,car,0 days 00:00:16.628000,0 days 01:02:55.845000,335.2419444444444,1.0
2023-10-22 19:03:58.478,10431,142,3,0,True,1,car,0 days 00:00:17.028000,0 days 01:02:56.245000,351.01972222222213,1.0
2023-10-22 19:03:58.878,10185,125,3,0,True,1,car,0 days 00:00:17.428000,0 days 01:02:56.645000,364.9086111111111,1.0
2023-10-22 19:03:59.118,9601,115,2,0,True,1,car,0 days 00:00:17.668000,0 days 01:02:56.885000,372.5752777777777,1.0
2023-10-22 19:03:59.438,8501,104,2,0,True,1,car,0 days 00:00:17.988000,0 days 01:02:57.205000,381.8197222222222,1.0
2023-10-22 19:03:59.838,7202,86,2,0,True,1,car,0 days 00:00:18.388000,0 days 01:02:57.605000,391.3752777777778,1.0
2023-10-22 19:04:00.118,6682,78,2,0,True,1,car,0 days 00:00:18.668000,0 days 01:02:57.885000,397.4419444444444,1.0
2023-10-22 19:04:00.318,6093,76,2,0,True,1,car,0 days 00:00:18.868000,0 days 01:02:58.085000,401.66416666666663,1.0
2023-10-22 19:04:00.758,5474,68,2,0,False,1,car,0 days 00:00:19.308000,0 days 01:02:58.525000,409.97527777777776,1.0
2023-10-22 19:04:01.158,5467,63,2,0,False,1,car,0 days 00:00:19.708000,0 days 01:02:58.925000,416.97527777777776,1.0
2023-10-22 19:04:01.558,5866,64,2,23,False,1,car,0 days 00:00:20.108000,0 days 01:02:59.325000,424.0863888888889,1.0
2023-10-22 19:04:01.718,5974,68,2,30,False,1,car,0 days 00:00:20.268000,0 days 01:02:59.485000,427.10861111111114,1.0
2023-10-22 19:04:01.958,6551,72,2,36,False,1,car,0 days 00:00:20.508000,0 days 01:02:59.725000,431.9086111111111,1.0
2023-10-22 19:04:02.398,7693,81,2,47,False,1,car,0 days 00:00:20.948000,0 days 01:03:00.165000,441.80861111111113,1.0
2023-10-22 19:04:02.558,8389,90,2,48,False,1,car,0 days 00:00:21.108000,0 days 01:03:00.325000,445.80861111111113,1.0
2023-10-22 19:04:02.838,8701,95,2,38,False,1,car,0 days 00:00:21.388000,0 days 01:03:00.605000,453.19750000000005,1.0
2023-10-22 19:04:03.038,8731,100,2,41,False,1,car,0 days 00:00:21.588000,0 days 01:03:00.805000,458.7530555555556,1.0
2023-10-22 19:04:03.238,9720,106,2,57,False,1,car,0 days 00:00:21.788000,0 days 01:03:01.005000,464.64194444444445,1.0
2023-10-22 19:04:03.438,10428,117,2,61,False,1,car,0 days 00:00:21.988000,0 days 01:03:01.205000,471.14194444444445,1.0
2023-10-22 19:04:03.638,10857,121,2,69,False,1,car,0 days 00:00:22.188000,0 days 01:03:01.405000,477.8641666666666,1.0
2023-10-22 19:04:03.958,10452,138,2,77,False,1,car,0 days 00:00:22.508000,0 days 01:03:01.725000,490.13083333333327,1.0
2023-10-22 19:04:04.158,10982,143,3,88,False,1,car,0 days 00:00:22.708000,0 days 01:03:01.925000,498.07527777777767,1.0
2023-10-22 19:04:04.438,10842,158,3,99,False,1,car,0 days 00:00:22.988000,0 days 01:03:02.205000,510.3641666666666,1.0
2023-10-22 19:04:04.878,11356,175,4,99,False,1,car,0 days 00:00:23.428000,0 days 01:03:02.645000,531.7530555555555,1.0
2023-10-22 19:04:05.278,10749,191,4,99,False,1,car,0 days 00:00:23.828000,0 days 01:03:03.045000,552.9752777777777,1.0
2023-10-22 19:04:05.678,11290,204,5,100,False,1,car,0 days 00:00:24.228000,0 days 01:03:03.445000,575.6419444444444,1.0
2023-10-22 19:04:05.998,11015,211,5,99,False,1,car,0 days 00:00:24.548000,0 days 01:03:03.765000,594.3974999999998,1.0
2023-10-22 19:04:06.198,10462,215,6,100,False,1,car,0 days 00:00:24.748000,0 days 01:03:03.965000,606.3419444444444,1.0
2023-10-22 19:04:06.559,10811,225,6,100,False,1,car,0 days 00:00:25.109000,0 days 01:03:04.326000,628.9044444444444,1.0
2023-10-22 19:04:06.719,10843,229,6,99,False,1,car,0 days 00:00:25.269000,0 days 01:03:04.486000,639.082222222222,1.0
2023-10-22 19:04:06.918,10960,232,6,99,False,1,car,0 days 00:00:25.468000,0 days 01:03:04.685000,651.9066666666665,1.0
2023-10-22 19:04:07.078,11148,233,6,99,False,1,car,0 days 00:00:25.628000,0 days 01:03:04.845000,662.2622222222221,1.0
2023-10-22 19:04:07.398,11345,238,6,99,False,1,car,0 days 00:00:25.948000,0 days 01:03:05.165000,683.4177777777777,1.0
2023-10-22 19:04:07.758,11509,242,6,99,False,1,car,0 days 00:00:26.308000,0 days 01:03:05.525000,707.6177777777776,1.0
2023-10-22 19:04:08.198,10275,246,6,99,False,1,car,0 days 00:00:26.748000,0 days 01:03:05.965000,737.6844444444444,1.0
2023-10-22 19:04:08.518,10439,252,7,99,False,1,car,0 days 00:00:27.068000,0 days 01:03:06.285000,760.0844444444443,1.0
2023-10-22 19:04:08.678,10573,253,7,100,False,1,car,0 days 00:00:27.228000,0 days 01:03:06.445000,771.3288888888887,1.0
2023-10-22 19:04:08.958,10700,257,7,100,False,1,car,0 days 00:00:27.508000,0 days 01:03:06.725000,791.3177777777775,1.0
2023-10-22 19:04:09.198,10800,259,7,100,False,1,car,0 days 00:00:27.748000,0 days 01:03:06.965000,808.5844444444442,1.0
2023-10-22 19:04:09.358,10948,262,7,100,False,1,car,0 days 00:00:27.908000,0 days 01:03:07.125000,820.2288888888887,1.0
2023-10-22 19:04:09.558,10995,264,7,100,False,1,car,0 days 00:00:28.108000,0 days 01:03:07.325000,834.8955555555553,1.0
2023-10-22 19:04:09.878,10989,265,7,100,False,1,car,0 days 00:00:28.428000,0 days 01:03:07.645000,858.4511111111109,1.0
2023-10-22 19:04:10.118,10996,266,7,100,False,1,car,0 days 00:00:28.668000,0 days 01:03:07.885000,876.1844444444441,1.0
2023-10-22 19:04:10.518,11070,268,7,77,False,1,car,0 days 00:00:29.068000,0 days 01:03:08.285000,905.9622222222221,1.0
2023-10-22 19:04:10.958,11205,267,7,63,False,1,car,0 days 00:00:29.508000,0 days 01:03:08.725000,938.5955555555553,1.0
2023-10-22 19:04:11.238,10509,263,7,41,False,1,car,0 days 00:00:29.788000,0 days 01:03:09.005000,959.0511111111109,1.0
2023-10-22 19:04:11.558,10228,253,7,0,True,1,car,0 days 00:00:30.108000,0 days 01:03:09.325000,981.5399999999998,1.0
2023-10-22 19:04:11.798,10844,243,7,0,True,1,car,0 days 00:00:30.348000,0 days 01:03:09.565000,997.7399999999998,1.0
2023-10-22 19:04:12.118,10914,234,6,30,False,1,car,0 days 00:00:30.668000,0 days 01:03:09.885000,1018.5399999999998,1.0
2023-10-22 19:04:12.278,10970,230,6,42,False,1,car,0 days 00:00:30.828000,0 days 01:03:10.045000,1028.7622222222221,1.0
2023-10-22 19:04:12.598,10777,228,6,55,False,1,car,0 days 00:00:31.148000,0 days 01:03:10.365000,1049.0288888888888,1.0
2023-10-22 19:04:13.359,11030,209,5,0,True,1,car,0 days 00:00:31.909000,0 days 01:03:11.126000,1093.2091666666665,1.0
2023-10-22 19:04:13.519,10578,205,5,17,False,1,car,0 days 00:00:32.069000,0 days 01:03:11.286000,1102.3202777777778,1.0
2023-10-22 19:04:13.798,10750,200,5,50,False,1,car,0 days 00:00:32.348000,0 days 01:03:11.565000,1117.8202777777776,1.0
2023-10-22 19:04:13.998,10833,200,5,56,False,1,car,0 days 00:00:32.548000,0 days 01:03:11.765000,1128.931388888889,1.0
2023-10-22 19:04:14.158,11108,200,5,61,False,1,car,0 days 00:00:32.708000,0 days 01:03:11.925000,1137.8202777777776,1.0
2023-10-22 19:04:14.358,11178,204,5,71,False,1,car,0 days 00:00:32.908000,0 days 01:03:12.125000,1149.153611111111,1.0
2023-10-22 19:04:14.598,11357,207,5,87,False,1,car,0 days 00:00:33.148000,0 days 01:03:12.365000,1162.9536111111113,1.0
2023-10-22 19:04:14.918,11526,214,5,20,True,1,car,0 days 00:00:33.468000,0 days 01:03:12.685000,1181.9758333333334,1.0
2023-10-22 19:04:15.118,10958,209,5,14,True,1,car,0 days 00:00:33.668000,0 days 01:03:12.885000,1193.5869444444443,1.0
2023-10-22 19:04:15.318,10792,203,5,22,False,1,car,0 days 00:00:33.868000,0 days 01:03:13.085000,1204.864722222222,1.0
2023-10-22 19:04:15.518,10652,202,5,22,False,1,car,0 days 00:00:34.068000,0 days 01:03:13.285000,1216.086944444444,1.0
2023-10-22 19:04:15.918,10395,193,5,45,False,1,car,0 days 00:00:34.468000,0 days 01:03:13.685000,1237.5313888888888,1.0
2023-10-22 19:04:16.318,10774,198,5,68,False,1,car,0 days 00:00:34.868000,0 days 01:03:14.085000,1259.5313888888888,1.0
2023-10-22 19:04:16.518,10247,197,5,11,False,1,car,0 days 00:00:35.068000,0 days 01:03:14.285000,1270.475833333333,1.0
2023-10-22 19:04:16.678,10233,196,5,0,False,1,car,0 days 00:00:35.228000,0 days 01:03:14.445000,1279.1869444444442,1.0
2023-10-22 19:04:16.878,10072,191,5,17,False,1,car,0 days 00:00:35.428000,0 days 01:03:14.645000,1289.798055555555,1.0
2023-10-22 19:04:17.238,10309,189,5,53,False,1,car,0 days 00:00:35.788000,0 days 01:03:15.005000,1308.698055555555,1.0
2023-10-22 19:04:17.638,10475,191,5,55,False,1,car,0 days 00:00:36.188000,0 days 01:03:15.405000,1329.9202777777775,1.0
2023-10-22 19:04:17.958,10737,192,5,70,False,1,car,0 days 00:00:36.508000,0 days 01:03:15.725000,1346.9869444444441,1.0
2023-10-22 19:04:18.238,10738,195,5,100,False,1,car,0 days 00:00:36.788000,0 days 01:03:16.005000,1362.1536111111104,1.0
2023-10-22 19:04:18.438,11037,202,5,100,False,1,car,0 days 00:00:36.988000,0 days 01:03:16.205000,1373.3758333333328,1.0
2023-10-22 19:04:18.678,11221,203,5,100,False,1,car,0 days 00:00:37.228000,0 days 01:03:16.445000,1386.9091666666664,1.0
2023-10-22 19:04:18.998,11017,211,5,2,True,1,car,0 days 00:00:37.548000,0 days 01:03:16.765000,1405.6647222222218,1.0
2023-10-22 19:04:19.318,10368,197,5,0,True,1,car,0 days 00:00:37.868000,0 days 01:03:17.085000,1423.175833333333,1.0
2023-10-22 19:04:19.558,10075,190,5,0,True,1,car,0 days 00:00:38.108000,0 days 01:03:17.325000,1435.8424999999993,1.0
2023-10-22 19:04:19.719,10075,186,5,0,True,1,car,0 days 00:00:38.269000,0 days 01:03:17.486000,1444.1608333333327,1.0
2023-10-22 19:04:20.079,9393,181,5,12,False,1,car,0 days 00:00:38.629000,0 days 01:03:17.846000,1462.2608333333326,1.0
2023-10-22 19:04:20.318,9314,173,5,30,False,1,car,0 days 00:00:38.868000,0 days 01:03:18.085000,1473.7461111111106,1.0
2023-10-22 19:04:20.518,9398,175,5,45,False,1,car,0 days 00:00:39.068000,0 days 01:03:18.285000,1483.4683333333326,1.0
2023-10-22 19:04:20.838,9576,175,5,59,False,1,car,0 days 00:00:39.388000,0 days 01:03:18.605000,1499.0238888888882,1.0
2023-10-22 19:04:21.078,9732,178,5,68,False,1,car,0 days 00:00:39.628000,0 days 01:03:18.845000,1510.890555555555,1.0
2023-10-22 19:04:21.238,10054,181,5,72,False,1,car,0 days 00:00:39.788000,0 days 01:03:19.005000,1518.9349999999993,1.0
2023-10-22 19:04:21.478,10278,186,5,73,False,1,car,0 days 00:00:40.028000,0 days 01:03:19.245000,1531.3349999999994,1.0
2023-10-22 19:04:21.798,10139,190,5,0,False,1,car,0 days 00:00:40.348000,0 days 01:03:19.565000,1548.2238888888883,1.0
2023-10-22 19:04:22.038,10604,185,5,0,True,1,car,0 days 00:00:40.588000,0 days 01:03:19.805000,1560.5572222222218,1.0
2023-10-22 19:04:22.398,9850,167,4,0,True,1,car,0 days 00:00:40.948000,0 days 01:03:20.165000,1577.2572222222218,1.0
2023-10-22 19:04:22.638,9462,159,4,0,True,1,car,0 days 00:00:41.188000,0 days 01:03:20.405000,1587.857222222222,1.0
2023-10-22 19:04:23.038,8828,146,4,0,True,1,car,0 days 00:00:41.588000,0 days 01:03:20.805000,1604.079444444444,1.0
2023-10-22 19:04:23.198,8564,146,4,0,False,1,car,0 days 00:00:41.748000,0 days 01:03:20.965000,1610.568333333333,1.0
2023-10-22 19:04:23.358,8445,139,4,0,False,1,car,0 days 00:00:41.908000,0 days 01:03:21.125000,1616.7461111111108,1.0
2023-10-22 19:04:23.598,8328,136,4,5,False,1,car,0 days 00:00:42.148000,0 days 01:03:21.365000,1625.8127777777777,1.0
2023-10-22 19:04:23.918,8440,132,4,50,False,1,car,0 days 00:00:42.468000,0 days 01:03:21.685000,1637.546111111111,1.0
2023-10-22 19:04:24.238,8370,133,4,40,False,1,car,0 days 00:00:42.788000,0 days 01:03:22.005000,1649.368333333333,1.0
2023-10-22 19:04:24.438,8651,137,4,51,False,1,car,0 days 00:00:42.988000,0 days 01:03:22.205000,1656.9794444444444,1.0
2023-10-22 19:04:24.678,9002,140,4,61,False,1,car,0 days 00:00:43.228000,0 days 01:03:22.445000,1666.312777777778,1.0
2023-10-22 19:04:24.918,9025,143,4,69,False,1,car,0 days 00:00:43.468000,0 days 01:03:22.685000,1675.8461111111112,1.0
2023-10-22 19:04:25.078,9772,146,4,87,False,1,car,0 days 00:00:43.628000,0 days 01:03:22.845000,1682.335,1.0
2023-10-22 19:04:25.278,9834,154,4,71,False,1,car,0 days 00:00:43.828000,0 days 01:03:23.045000,1690.8905555555557,1.0
2023-10-22 19:04:25.478,10241,160,4,45,False,1,car,0 days 00:00:44.028000,0 days 01:03:23.245000,1699.7794444444444,1.0
2023-10-22 19:04:25.638,9843,160,4,38,False,1,car,0 days 00:00:44.188000,0 days 01:03:23.405000,1706.8905555555557,1.0
2023-10-22 19:04:25.878,10097,161,4,37,False,1,car,0 days 00:00:44.428000,0 days 01:03:23.645000,1717.6238888888888,1.0
2023-10-22 19:04:26.159,10367,158,4,50,False,1,car,0 days 00:00:44.709000,0 days 01:03:23.926000,1729.956666666667,1.0
2023-10-22 19:04:26.359,10659,160,4,67,False,1,car,0 days 00:00:44.909000,0 days 01:03:24.126000,1738.8455555555556,1.0
2023-10-22 19:04:26.719,10684,165,4,69,False,1,car,0 days 00:00:45.269000,0 days 01:03:24.486000,1755.3455555555556,1.0
2023-10-22 19:04:27.158,11396,182,4,100,False,1,car,0 days 00:00:45.708000,0 days 01:03:24.925000,1777.5394444444446,1.0
2023-10-22 19:04:27.358,10974,187,4,100,False,1,car,0 days 00:00:45.908000,0 days 01:03:25.125000,1787.9283333333337,1.0
2023-10-22 19:04:27.598,11814,192,5,100,False,1,car,0 days 00:00:46.148000,0 days 01:03:25.365000,1800.728333333334,1.0
2023-10-22 19:04:27.758,11534,198,5,100,False,1,car,0 days 00:00:46.308000,0 days 01:03:25.525000,1809.5283333333336,1.0
2023-10-22 19:04:28.078,11500,207,5,100,False,1,car,0 days 00:00:46.628000,0 days 01:03:25.845000,1827.9283333333337,1.0
2023-10-22 19:04:28.398,11004,215,5,100,False,1,car,0 days 00:00:46.948000,0 days 01:03:26.165000,1847.0394444444448,1.0
2023-10-22 19:04:28.678,10559,223,6,100,False,1,car,0 days 00:00:47.228000,0 days 01:03:26.445000,1864.3838888888893,1.0
2023-10-22 19:04:28.958,11000,229,6,100,False,1,car,0 days 00:00:47.508000,0 days 01:03:26.725000,1882.1950000000004,1.0
2023-10-22 19:04:29.238,11000,237,6,99,False,1,car,0 days 00:00:47.788000,0 days 01:03:27.005000,1900.6283333333333,1.0
2023-10-22 19:04:29.398,11446,238,6,100,False,1,car,0 days 00:00:47.948000,0 days 01:03:27.165000,1911.2061111111113,1.0
2023-10-22 19:04:29.838,10400,245,7,100,False,1,car,0 days 00:00:48.388000,0 days 01:03:27.605000,1941.1505555555557,1.0
2023-10-22 19:04:30.038,10540,251,7,100,False,1,car,0 days 00:00:48.588000,0 days 01:03:27.805000,1955.0950000000003,1.0
2023-10-22 19:04:30.358,10602,254,7,100,False,1,car,0 days 00:00:48.908000,0 days 01:03:28.125000,1977.672777777778,1.0
2023-10-22 19:04:30.838,10957,263,7,99,False,1,car,0 days 00:00:49.388000,0 days 01:03:28.605000,2012.7394444444444,1.0
2023-10-22 19:04:31.238,11131,269,7,99,False,1,car,0 days 00:00:49.788000,0 days 01:03:29.005000,2042.628333333333,1.0
2023-10-22 19:04:31.598,11371,272,7,100,False,1,car,0 days 00:00:50.148000,0 days 01:03:29.365000,2069.8283333333334,1.0
2023-10-22 19:04:31.918,11455,277,7,100,False,1,car,0 days 00:00:50.468000,0 days 01:03:29.685000,2094.4505555555556,1.0
2023-10-22 19:04:32.158,11418,278,7,99,False,1,car,0 days 00:00:50.708000,0 days 01:03:29.925000,2112.9838888888885,1.0
2023-10-22 19:04:32.438,11576,280,7,100,False,1,car,0 days 00:00:50.988000,0 days 01:03:30.205000,2134.7616666666663,1.0
2023-10-22 19:04:32.879,11250,280,7,99,False,1,car,0 days 00:00:51.429000,0 days 01:03:30.646000,2169.0616666666665,1.0
2023-10-22 19:04:33.039,10898,273,7,0,True,1,car,0 days 00:00:51.589000,0 days 01:03:30.806000,2181.1949999999997,1.0
2023-10-22 19:04:33.279,10547,248,7,0,True,1,car,0 days 00:00:51.829000,0 days 01:03:31.046000,2197.728333333333,1.0
2023-10-22 19:04:33.439,10686,225,7,0,True,1,car,0 days 00:00:51.989000,0 days 01:03:31.206000,2207.728333333333,1.0
2023-10-22 19:04:33.718,11081,192,6,0,True,1,car,0 days 00:00:52.268000,0 days 01:03:31.485000,2222.608333333333,1.0
2023-10-22 19:04:34.078,10307,169,4,0,True,1,car,0 days 00:00:52.628000,0 days 01:03:31.845000,2239.508333333333,1.0
2023-10-22 19:04:34.318,10700,146,4,0,True,1,car,0 days 00:00:52.868000,0 days 01:03:32.085000,2249.241666666667,1.0
2023-10-22 19:04:34.678,10022,126,3,0,True,1,car,0 days 00:00:53.228000,0 days 01:03:32.445000,2261.8416666666667,1.0
2023-10-22 19:04:34.998,8822,110,2,0,True,1,car,0 days 00:00:53.548000,0 days 01:03:32.765000,2271.6194444444445,1.0
2023-10-22 19:04:35.198,7995,100,2,0,True,1,car,0 days 00:00:53.748000,0 days 01:03:32.965000,2277.175,1.0
2023-10-22 19:04:35.398,7246,93,2,0,True,1,car,0 days 00:00:53.948000,0 days 01:03:33.165000,2282.3416666666667,1.0
2023-10-22 19:04:35.558,6872,86,2,0,True,1,car,0 days 00:00:54.108000,0 days 01:03:33.325000,2286.163888888889,1.0
2023-10-22 19:04:35.798,6411,81,2,0,True,1,car,0 days 00:00:54.348000,0 days 01:03:33.565000,2291.563888888889,1.0
2023-10-22 19:04:36.118,6074,74,2,0,False,1,car,0 days 00:00:54.668000,0 days 01:03:33.885000,2298.1416666666664,1.0
2023-10-22 19:04:36.398,5622,71,2,0,True,1,car,0 days 00:00:54.948000,0 days 01:03:34.165000,2303.663888888889,1.0
2023-10-22 19:04:36.558,5599,70,2,0,True,1,car,0 days 00:00:55.108000,0 days 01:03:34.325000,2306.7749999999996,1.0
2023-10-22 19:04:36.918,5930,66,2,23,False,1,car,0 days 00:00:55.468000,0 days 01:03:34.685000,2313.3749999999995,1.0
2023-10-22 19:04:37.078,6107,67,2,27,False,1,car,0 days 00:00:55.628000,0 days 01:03:34.845000,2316.352777777777,1.0
2023-10-22 19:04:37.398,6858,70,2,35,False,1,car,0 days 00:00:55.948000,0 days 01:03:35.165000,2322.5749999999994,1.0
2023-10-22 19:04:37.558,6949,77,2,36,False,1,car,0 days 00:00:56.108000,0 days 01:03:35.325000,2325.9972222222214,1.0
2023-10-22 19:04:37.878,7620,84,2,44,False,1,car,0 days 00:00:56.428000,0 days 01:03:35.645000,2333.463888888888,1.0
2023-10-22 19:04:38.958,9622,119,2,65,False,1,car,0 days 00:00:57.508000,0 days 01:03:36.725000,2369.1638888888883,1.0
2023-10-22 19:04:39.198,10393,122,3,78,False,1,car,0 days 00:00:57.748000,0 days 01:03:36.965000,2377.2972222222215,1.0
2023-10-22 19:04:39.359,10857,136,3,84,False,1,car,0 days 00:00:57.909000,0 days 01:03:37.126000,2383.379444444444,1.0
2023-10-22 19:04:39.759,10734,155,3,100,False,1,car,0 days 00:00:58.309000,0 days 01:03:37.526000,2400.601666666666,1.0
2023-10-22 19:04:39.999,10503,159,4,100,False,1,car,0 days 00:00:58.549000,0 days 01:03:37.766000,2411.201666666666,1.0
2023-10-22 19:04:40.438,10503,167,4,100,False,1,car,0 days 00:00:58.988000,0 days 01:03:38.205000,2431.566388888888,1.0
2023-10-22 19:04:40.638,11588,184,4,100,False,1,car,0 days 00:00:59.188000,0 days 01:03:38.405000,2441.78861111111,1.0
2023-10-22 19:04:40.798,10733,194,4,100,False,1,car,0 days 00:00:59.348000,0 days 01:03:38.565000,2450.4108333333324,1.0
2023-10-22 19:04:40.998,11185,198,5,100,False,1,car,0 days 00:00:59.548000,0 days 01:03:38.765000,2461.4108333333324,1.0
2023-10-22 19:04:41.158,11465,208,5,100,False,1,car,0 days 00:00:59.708000,0 days 01:03:38.925000,2470.6552777777765,1.0
2023-10-22 19:04:41.438,11510,216,5,100,False,1,car,0 days 00:00:59.988000,0 days 01:03:39.205000,2487.4552777777767,1.0
2023-10-22 19:04:41.878,10714,224,6,100,False,1,car,0 days 00:01:00.428000,0 days 01:03:39.645000,2514.8330555555544,1.0
2023-10-22 19:04:42.278,10963,229,6,100,False,1,car,0 days 00:01:00.828000,0 days 01:03:40.045000,2540.2774999999992,1.0
2023-10-22 19:04:42.438,10963,234,6,100,False,1,car,0 days 00:01:00.988000,0 days 01:03:40.205000,2550.677499999999,1.0
2023-10-22 19:04:42.638,11336,241,6,100,False,1,car,0 days 00:01:01.188000,0 days 01:03:40.405000,2564.066388888888,1.0
2023-10-22 19:04:42.918,11329,248,6,100,False,1,car,0 days 00:01:01.468000,0 days 01:03:40.685000,2583.355277777777,1.0
2023-10-22 19:04:43.158,10604,254,6,100,False,1,car,0 days 00:01:01.708000,0 days 01:03:40.925000,2600.2886111111097,1.0
2023-10-22 19:04:43.438,10737,259,7,100,False,1,car,0 days 00:01:01.988000,0 days 01:03:41.205000,2620.4330555555543,1.0
2023-10-22 19:04:43.638,10841,261,7,100,False,1,car,0 days 00:01:02.188000,0 days 01:03:41.405000,2634.9330555555543,1.0
2023-10-22 19:04:43.918,10841,264,7,100,False,1,car,0 days 00:01:02.468000,0 days 01:03:41.685000,2655.4663888888876,1.0
2023-10-22 19:04:44.158,11094,267,7,100,False,1,car,0 days 00:01:02.708000,0 days 01:03:41.925000,2673.2663888888874,1.0
2023-10-22 19:04:44.438,11363,272,7,100,False,1,car,0 days 00:01:02.988000,0 days 01:03:42.205000,2694.421944444443,1.0
2023-10-22 19:04:44.638,11363,274,7,100,False,1,car,0 days 00:01:03.188000,0 days 01:03:42.405000,2709.6441666666656,1.0
2023-10-22 19:04:44.878,11564,277,7,100,False,1,car,0 days 00:01:03.428000,0 days 01:03:42.645000,2728.110833333332,1.0
2023-10-22 19:04:45.158,10584,280,7,100,False,1,car,0 days 00:01:03.708000,0 days 01:03:42.925000,2749.8886111111096,1.0
2023-10-22 19:04:45.398,10371,282,8,100,False,1,car,0 days 00:01:03.948000,0 days 01:03:43.165000,2768.68861111111,1.0
2023-10-22 19:04:45.758,10860,286,8,100,False,1,car,0 days 00:01:04.308000,0 days 01:03:43.525000,2797.28861111111,1.0
2023-10-22 19:04:45.919,10736,289,8,100,False,1,car,0 days 00:01:04.469000,0 days 01:03:43.686000,2810.2133333333313,1.0
2023-10-22 19:04:46.079,10792,290,8,100,False,1,car,0 days 00:01:04.629000,0 days 01:03:43.846000,2823.102222222221,1.0
2023-10-22 19:04:46.279,10791,292,8,100,False,1,car,0 days 00:01:04.829000,0 days 01:03:44.046000,2839.324444444442,1.0
2023-10-22 19:04:46.559,10886,296,8,100,False,1,car,0 days 00:01:05.109000,0 days 01:03:44.326000,2862.3466666666645,1.0
2023-10-22 19:04:46.839,11213,298,8,100,False,1,car,0 days 00:01:05.389000,0 days 01:03:44.606000,2885.5244444444425,1.0
2023-10-22 19:04:47.198,11176,302,8,100,False,1,car,0 days 00:01:05.748000,0 days 01:03:44.965000,2915.6405555555543,1.0
2023-10-22 19:04:47.358,11219,304,8,100,False,1,car,0 days 00:01:05.908000,0 days 01:03:45.125000,2929.1516666666653,1.0
2023-10-22 19:04:47.558,11158,305,8,100,False,1,car,0 days 00:01:06.108000,0 days 01:03:45.325000,2946.09611111111,1.0
2023-10-22 19:04:47.798,11193,304,8,100,False,1,car,0 days 00:01:06.348000,0 days 01:03:45.565000,2966.3627777777765,1.0
2023-10-22 19:04:47.958,11193,305,8,100,False,1,car,0 days 00:01:06.508000,0 days 01:03:45.725000,2979.9183333333317,1.0
2023-10-22 19:04:48.198,11201,305,8,100,False,1,car,0 days 00:01:06.748000,0 days 01:03:45.965000,3000.2516666666656,1.0
2023-10-22 19:04:48.518,11227,306,8,100,False,1,car,0 days 00:01:07.068000,0 days 01:03:46.285000,3027.451666666665,1.0
2023-10-22 19:04:48.798,11227,305,8,100,False,1,car,0 days 00:01:07.348000,0 days 01:03:46.565000,3051.173888888887,1.0
2023-10-22 19:04:49.078,11181,304,8,100,False,1,car,0 days 00:01:07.628000,0 days 01:03:46.845000,3074.818333333332,1.0
2023-10-22 19:04:49.358,11176,304,8,100,False,1,car,0 days 00:01:07.908000,0 days 01:03:47.125000,3098.4627777777764,1.0
2023-10-22 19:04:49.638,11209,303,8,100,False,1,car,0 days 00:01:08.188000,0 days 01:03:47.405000,3122.029444444443,1.0
2023-10-22 19:04:49.998,11179,304,8,100,False,1,car,0 days 00:01:08.548000,0 days 01:03:47.765000,3152.429444444443,1.0
2023-10-22 19:04:50.158,11147,304,8,100,False,1,car,0 days 00:01:08.708000,0 days 01:03:47.925000,3165.940555555554,1.0
2023-10-22 19:04:50.318,11179,304,8,100,False,1,car,0 days 00:01:08.868000,0 days 01:03:48.085000,3179.451666666665,1.0
2023-10-22 19:04:50.518,11152,304,8,100,False,1,car,0 days 00:01:09.068000,0 days 01:03:48.285000,3196.340555555554,1.0
2023-10-22 19:04:50.718,11190,305,8,100,False,1,car,0 days 00:01:09.268000,0 days 01:03:48.485000,3213.284999999999,1.0
2023-10-22 19:04:50.958,11188,304,8,100,False,1,car,0 days 00:01:09.508000,0 days 01:03:48.725000,3233.5516666666654,1.0
2023-10-22 19:04:51.158,11168,304,8,100,False,1,car,0 days 00:01:09.708000,0 days 01:03:48.925000,3250.4405555555545,1.0
2023-10-22 19:04:51.358,11189,304,8,100,False,1,car,0 days 00:01:09.908000,0 days 01:03:49.125000,3267.3294444444437,1.0
2023-10-22 19:04:51.638,11233,305,8,100,False,1,car,0 days 00:01:10.188000,0 days 01:03:49.405000,3291.051666666666,1.0
2023-10-22 19:04:51.918,11228,305,8,100,False,1,car,0 days 00:01:10.468000,0 days 01:03:49.685000,3314.773888888888,1.0
2023-10-22 19:04:52.118,11164,304,8,100,False,1,car,0 days 00:01:10.668000,0 days 01:03:49.885000,3331.662777777777,1.0
2023-10-22 19:04:52.278,11184,304,8,100,False,1,car,0 days 00:01:10.828000,0 days 01:03:50.045000,3345.173888888888,1.0
2023-10-22 19:04:52.599,11212,299,8,0,True,1,car,0 days 00:01:11.149000,0 days 01:03:50.366000,3371.8347222222214,1.0
2023-10-22 19:04:52.959,10454,257,8,0,True,1,car,0 days 00:01:11.509000,0 days 01:03:50.726000,3397.5347222222213,1.0
2023-10-22 19:04:53.239,10318,228,8,0,True,1,car,0 days 00:01:11.789000,0 days 01:03:51.006000,3415.268055555555,1.0
2023-10-22 19:04:53.559,10914,201,6,0,True,1,car,0 days 00:01:12.109000,0 days 01:03:51.326000,3433.134722222221,1.0
2023-10-22 19:04:53.759,10754,185,5,0,True,1,car,0 days 00:01:12.309000,0 days 01:03:51.526000,3443.412499999999,1.0
2023-10-22 19:04:53.918,10573,168,4,0,True,1,car,0 days 00:01:12.468000,0 days 01:03:51.685000,3450.832499999999,1.0
2023-10-22 19:04:54.198,11658,154,3,0,True,1,car,0 days 00:01:12.748000,0 days 01:03:51.965000,3462.8102777777767,1.0
2023-10-22 19:04:54.438,11120,141,3,0,True,1,car,0 days 00:01:12.988000,0 days 01:03:52.205000,3472.2102777777764,1.0
2023-10-22 19:04:54.678,9883,124,2,0,True,1,car,0 days 00:01:13.228000,0 days 01:03:52.445000,3480.476944444443,1.0
2023-10-22 19:04:54.838,9412,114,2,0,True,1,car,0 days 00:01:13.388000,0 days 01:03:52.605000,3485.54361111111,1.0
2023-10-22 19:04:55.198,8003,102,2,0,True,1,car,0 days 00:01:13.748000,0 days 01:03:52.965000,3495.7436111111097,1.0
2023-10-22 19:04:55.398,7539,99,2,0,True,1,car,0 days 00:01:13.948000,0 days 01:03:53.165000,3501.243611111109,1.0
2023-10-22 19:04:55.638,6970,87,2,0,True,1,car,0 days 00:01:14.188000,0 days 01:03:53.405000,3507.0436111111094,1.0
2023-10-22 19:04:55.878,6591,81,2,0,True,1,car,0 days 00:01:14.428000,0 days 01:03:53.645000,3512.4436111111095,1.0
2023-10-22 19:04:56.078,6297,80,2,0,False,1,car,0 days 00:01:14.628000,0 days 01:03:53.845000,3516.888055555554,1.0
2023-10-22 19:04:56.278,6497,75,2,16,False,1,car,0 days 00:01:14.828000,0 days 01:03:54.045000,3521.0547222222203,1.0
2023-10-22 19:04:56.638,6898,76,2,41,False,1,car,0 days 00:01:15.188000,0 days 01:03:54.405000,3528.6547222222202,1.0
2023-10-22 19:04:57.038,7645,87,2,46,False,1,car,0 days 00:01:15.588000,0 days 01:03:54.805000,3538.3213888888868,1.0
2023-10-22 19:04:57.238,8741,94,2,59,False,1,car,0 days 00:01:15.788000,0 days 01:03:55.005000,3543.543611111109,1.0
2023-10-22 19:04:57.398,9301,99,2,67,False,1,car,0 days 00:01:15.948000,0 days 01:03:55.165000,3547.943611111109,1.0
2023-10-22 19:04:57.758,10937,115,2,74,False,1,car,0 days 00:01:16.308000,0 days 01:03:55.525000,3559.4436111111095,1.0
2023-10-22 19:04:58.078,10129,129,2,86,False,1,car,0 days 00:01:16.628000,0 days 01:03:55.845000,3570.9102777777757,1.0
2023-10-22 19:04:58.238,10331,136,2,87,False,1,car,0 days 00:01:16.788000,0 days 01:03:56.005000,3576.95472222222,1.0
2023-10-22 19:04:58.398,10858,141,3,100,False,1,car,0 days 00:01:16.948000,0 days 01:03:56.165000,3583.2213888888864,1.0
2023-10-22 19:04:58.558,11366,150,3,100,False,1,car,0 days 00:01:17.108000,0 days 01:03:56.325000,3589.8880555555534,1.0
2023-10-22 19:04:58.918,10719,166,3,100,False,1,car,0 days 00:01:17.468000,0 days 01:03:56.685000,3606.4880555555533,1.0
2023-10-22 19:04:59.159,10983,172,4,100,False,1,car,0 days 00:01:17.709000,0 days 01:03:56.926000,3618.002499999998,1.0
2023-10-22 19:04:59.319,11141,178,4,100,False,1,car,0 days 00:01:17.869000,0 days 01:03:57.086000,3625.913611111109,1.0
2023-10-22 19:04:59.759,10111,186,4,100,False,1,car,0 days 00:01:18.309000,0 days 01:03:57.526000,3648.646944444442,1.0
2023-10-22 19:05:00.159,11043,161,5,0,True,1,car,0 days 00:01:18.709000,0 days 01:03:57.926000,3666.535833333331,1.0
2023-10-22 19:05:00.319,10595,147,4,0,True,1,car,0 days 00:01:18.869000,0 days 01:03:58.086000,3673.0691666666644,1.0
2023-10-22 19:05:00.479,9686,141,3,0,True,1,car,0 days 00:01:19.029000,0 days 01:03:58.246000,3679.335833333331,1.0
2023-10-22 19:05:00.678,9099,132,3,0,True,1,car,0 days 00:01:19.228000,0 days 01:03:58.445000,3686.6324999999974,1.0
2023-10-22 19:05:00.998,8060,118,3,0,True,1,car,0 days 00:01:19.548000,0 days 01:03:58.765000,3697.1213888888865,1.0
2023-10-22 19:05:01.158,7601,112,3,0,True,1,car,0 days 00:01:19.708000,0 days 01:03:58.925000,3702.099166666664,1.0
2023-10-22 19:05:01.358,7213,106,3,0,True,1,car,0 days 00:01:19.908000,0 days 01:03:59.125000,3707.9880555555533,1.0
2023-10-22 19:05:01.798,6756,98,3,0,False,1,car,0 days 00:01:20.348000,0 days 01:03:59.565000,3719.965833333331,1.0
2023-10-22 19:05:01.998,6560,95,3,0,False,1,car,0 days 00:01:20.548000,0 days 01:03:59.765000,3725.2436111111087,1.0
2023-10-22 19:05:02.358,6657,89,3,12,False,1,car,0 days 00:01:20.908000,0 days 01:04:00.125000,3734.143611111109,1.0
2023-10-22 19:05:02.558,6698,89,3,15,False,1,car,0 days 00:01:21.108000,0 days 01:04:00.325000,3739.088055555553,1.0
2023-10-22 19:05:02.878,7051,91,3,37,False,1,car,0 days 00:01:21.428000,0 days 01:04:00.645000,3747.1769444444417,1.0
2023-10-22 19:05:03.118,7389,96,3,44,False,1,car,0 days 00:01:21.668000,0 days 01:04:00.885000,3753.576944444442,1.0
2023-10-22 19:05:03.318,7646,100,3,47,False,1,car,0 days 00:01:21.868000,0 days 01:04:01.085000,3759.132499999997,1.0
2023-10-22 19:05:03.518,8021,106,3,51,False,1,car,0 days 00:01:22.068000,0 days 01:04:01.285000,3765.021388888886,1.0
2023-10-22 19:05:03.758,8407,110,3,53,False,1,car,0 days 00:01:22.308000,0 days 01:04:01.525000,3772.3547222222196,1.0
2023-10-22 19:05:03.958,8926,116,3,56,False,1,car,0 days 00:01:22.508000,0 days 01:04:01.725000,3778.7991666666635,1.0
2023-10-22 19:05:04.198,9445,122,3,62,False,1,car,0 days 00:01:22.748000,0 days 01:04:01.965000,3786.932499999997,1.0
2023-10-22 19:05:04.438,10294,131,3,71,False,1,car,0 days 00:01:22.988000,0 days 01:04:02.205000,3795.6658333333303,1.0
2023-10-22 19:05:04.638,10759,138,3,74,False,1,car,0 days 00:01:23.188000,0 days 01:04:02.405000,3803.3324999999973,1.0
2023-10-22 19:05:04.838,10890,143,3,70,False,1,car,0 days 00:01:23.388000,0 days 01:04:02.605000,3811.2769444444416,1.0
2023-10-22 19:05:04.998,11249,147,3,100,False,1,car,0 days 00:01:23.548000,0 days 01:04:02.765000,3817.810277777775,1.0
2023-10-22 19:05:05.358,10317,160,3,99,False,1,car,0 days 00:01:23.908000,0 days 01:04:03.125000,3833.810277777775,1.0
2023-10-22 19:05:05.518,10599,166,4,99,False,1,car,0 days 00:01:24.068000,0 days 01:04:03.285000,3841.1880555555526,1.0
2023-10-22 19:05:05.999,11265,177,4,99,False,1,car,0 days 00:01:24.549000,0 days 01:04:03.766000,3864.8372222222197,1.0
2023-10-22 19:05:06.279,10256,185,4,100,False,1,car,0 days 00:01:24.829000,0 days 01:04:04.046000,3879.226111111108,1.0
2023-10-22 19:05:06.599,10343,191,5,0,True,1,car,0 days 00:01:25.149000,0 days 01:04:04.366000,3896.203888888886,1.0
2023-10-22 19:05:06.799,10205,179,5,0,True,1,car,0 days 00:01:25.349000,0 days 01:04:04.566000,3906.148333333331,1.0
2023-10-22 19:05:07.119,10419,155,4,0,True,1,car,0 days 00:01:25.669000,0 days 01:04:04.886000,3919.926111111108,1.0
2023-10-22 19:05:07.358,9962,146,4,0,True,1,car,0 days 00:01:25.908000,0 days 01:04:05.125000,3929.618888888886,1.0
2023-10-22 19:05:07.638,9491,135,3,0,True,1,car,0 days 00:01:26.188000,0 days 01:04:05.405000,3940.118888888886,1.0
2023-10-22 19:05:07.878,8703,128,3,0,True,1,car,0 days 00:01:26.428000,0 days 01:04:05.645000,3948.6522222222193,1.0
2023-10-22 19:05:08.038,8369,120,3,0,True,1,car,0 days 00:01:26.588000,0 days 01:04:05.805000,3953.9855555555523,1.0
2023-10-22 19:05:08.318,8069,111,3,0,True,1,car,0 days 00:01:26.868000,0 days 01:04:06.085000,3962.6188888888855,1.0
2023-10-22 19:05:08.638,7330,104,3,0,True,1,car,0 days 00:01:27.188000,0 days 01:04:06.405000,3971.86333333333,1.0
2023-10-22 19:05:08.918,6714,99,3,0,True,1,car,0 days 00:01:27.468000,0 days 01:04:06.685000,3979.56333333333,1.0
2023-10-22 19:05:09.198,6214,92,3,0,True,1,car,0 days 00:01:27.748000,0 days 01:04:06.965000,3986.7188888888854,1.0
2023-10-22 19:05:09.398,5911,87,3,0,True,1,car,0 days 00:01:27.948000,0 days 01:04:07.165000,3991.5522222222185,1.0
2023-10-22 19:05:09.638,5731,84,3,0,False,1,car,0 days 00:01:28.188000,0 days 01:04:07.405000,3997.152222222219,1.0
2023-10-22 19:05:09.838,5474,81,3,0,False,1,car,0 days 00:01:28.388000,0 days 01:04:07.605000,4001.652222222219,1.0
2023-10-22 19:05:10.038,5544,79,3,7,False,1,car,0 days 00:01:28.588000,0 days 01:04:07.805000,4006.0411111111075,1.0
2023-10-22 19:05:10.358,5847,77,3,25,False,1,car,0 days 00:01:28.908000,0 days 01:04:08.125000,4012.885555555552,1.0
2023-10-22 19:05:10.518,6102,80,3,32,False,1,car,0 days 00:01:29.068000,0 days 01:04:08.285000,4016.4411111111076,1.0
2023-10-22 19:05:10.758,6287,83,3,35,False,1,car,0 days 00:01:29.308000,0 days 01:04:08.525000,4021.9744444444414,1.0
2023-10-22 19:05:10.958,6718,87,3,45,False,1,car,0 days 00:01:29.508000,0 days 01:04:08.725000,4026.8077777777744,1.0
2023-10-22 19:05:11.118,6994,92,3,49,False,1,car,0 days 00:01:29.668000,0 days 01:04:08.885000,4030.8966666666634,1.0
2023-10-22 19:05:11.318,7626,98,3,58,False,1,car,0 days 00:01:29.868000,0 days 01:04:09.085000,4036.3411111111077,1.0
2023-10-22 19:05:11.558,8198,106,3,62,False,1,car,0 days 00:01:30.108000,0 days 01:04:09.325000,4043.4077777777748,1.0
2023-10-22 19:05:11.758,8788,113,3,71,False,1,car,0 days 00:01:30.308000,0 days 01:04:09.525000,4049.6855555555526,1.0
2023-10-22 19:05:12.038,9803,127,3,78,False,1,car,0 days 00:01:30.588000,0 days 01:04:09.805000,4059.56333333333,1.0
2023-10-22 19:05:12.439,11116,141,3,100,False,1,car,0 days 00:01:30.989000,0 days 01:04:10.206000,4075.2691666666638,1.0
2023-10-22 19:05:12.759,10312,151,3,100,False,1,car,0 days 00:01:31.309000,0 days 01:04:10.526000,4088.6913888888857,1.0
2023-10-22 19:05:13.039,10598,163,4,100,False,1,car,0 days 00:01:31.589000,0 days 01:04:10.806000,4101.369166666664,1.0
2023-10-22 19:05:13.199,11346,175,4,100,False,1,car,0 days 00:01:31.749000,0 days 01:04:10.966000,4109.146944444441,1.0
2023-10-22 19:05:13.439,10506,187,4,100,False,1,car,0 days 00:01:31.989000,0 days 01:04:11.206000,4121.613611111108,1.0
2023-10-22 19:05:13.679,10675,193,4,100,False,1,car,0 days 00:01:32.229000,0 days 01:04:11.446000,4134.480277777775,1.0
2023-10-22 19:05:14.118,11264,207,5,100,False,1,car,0 days 00:01:32.668000,0 days 01:04:11.885000,4159.722777777775,1.0
2023-10-22 19:05:14.398,11101,212,5,100,False,1,car,0 days 00:01:32.948000,0 days 01:04:12.165000,4176.211666666663,1.0
2023-10-22 19:05:14.718,10551,219,6,100,False,1,car,0 days 00:01:33.268000,0 days 01:04:12.485000,4195.678333333331,1.0
2023-10-22 19:05:14.878,10535,221,6,79,False,1,car,0 days 00:01:33.428000,0 days 01:04:12.645000,4205.500555555553,1.0
2023-10-22 19:05:15.158,10704,225,6,80,False,1,car,0 days 00:01:33.708000,0 days 01:04:12.925000,4223.000555555553,1.0
2023-10-22 19:05:15.438,10080,224,6,12,False,1,car,0 days 00:01:33.988000,0 days 01:04:13.205000,4240.422777777775,1.0
2023-10-22 19:05:15.638,10361,222,6,7,False,1,car,0 days 00:01:34.188000,0 days 01:04:13.405000,4252.756111111109,1.0
2023-10-22 19:05:15.838,10408,215,6,57,False,1,car,0 days 00:01:34.388000,0 days 01:04:13.605000,4264.700555555553,1.0
2023-10-22 19:05:16.038,10433,218,6,74,False,1,car,0 days 00:01:34.588000,0 days 01:04:13.805000,4276.811666666664,1.0
2023-10-22 19:05:16.238,10413,218,6,62,False,1,car,0 days 00:01:34.788000,0 days 01:04:14.005000,4288.922777777775,1.0
2023-10-22 19:05:16.558,10598,220,6,62,False,1,car,0 days 00:01:35.108000,0 days 01:04:14.325000,4308.478333333331,1.0
2023-10-22 19:05:17.038,10690,223,6,81,False,1,car,0 days 00:01:35.588000,0 days 01:04:14.805000,4338.211666666663,1.0
2023-10-22 19:05:17.238,10767,224,6,85,False,1,car,0 days 00:01:35.788000,0 days 01:04:15.005000,4350.656111111108,1.0
2023-10-22 19:05:17.558,10940,229,6,100,False,1,car,0 days 00:01:36.108000,0 days 01:04:15.325000,4371.011666666664,1.0
2023-10-22 19:05:17.838,11144,233,6,100,False,1,car,0 days 00:01:36.388000,0 days 01:04:15.605000,4389.133888888886,1.0
2023-10-22 19:05:18.118,11211,235,6,100,False,1,car,0 days 00:01:36.668000,0 days 01:04:15.885000,4407.411666666664,1.0
2023-10-22 19:05:18.438,11338,239,6,100,False,1,car,0 days 00:01:36.988000,0 days 01:04:16.205000,4428.656111111108,1.0
2023-10-22 19:05:18.919,10136,242,7,100,False,1,car,0 days 00:01:37.469000,0 days 01:04:16.686000,4460.989999999996,1.0
2023-10-22 19:05:19.119,10206,244,7,100,False,1,car,0 days 00:01:37.669000,0 days 01:04:16.886000,4474.545555555552,1.0
2023-10-22 19:05:19.519,10290,247,7,100,False,1,car,0 days 00:01:38.069000,0 days 01:04:17.286000,4501.989999999997,1.0
2023-10-22 19:05:19.679,10547,247,7,99,False,1,car,0 days 00:01:38.229000,0 days 01:04:17.446000,4512.967777777774,1.0
2023-10-22 19:05:19.839,10512,248,7,100,False,1,car,0 days 00:01:38.389000,0 days 01:04:17.606000,4523.989999999996,1.0
2023-10-22 19:05:20.079,10438,251,7,100,False,1,car,0 days 00:01:38.629000,0 days 01:04:17.846000,4540.72333333333,1.0
2023-10-22 19:05:20.239,10641,252,7,99,False,1,car,0 days 00:01:38.789000,0 days 01:04:18.006000,4551.9233333333295,1.0
2023-10-22 19:05:20.439,10538,252,7,100,False,1,car,0 days 00:01:38.989000,0 days 01:04:18.206000,4565.9233333333295,1.0
2023-10-22 19:05:20.759,10627,255,7,100,False,1,car,0 days 00:01:39.309000,0 days 01:04:18.526000,4588.589999999996,1.0
2023-10-22 19:05:20.958,10647,257,7,99,False,1,car,0 days 00:01:39.508000,0 days 01:04:18.725000,4602.796388888884,1.0
2023-10-22 19:05:21.158,10724,258,7,99,False,1,car,0 days 00:01:39.708000,0 days 01:04:18.925000,4617.129722222218,1.0
2023-10-22 19:05:21.398,10750,259,7,89,False,1,car,0 days 00:01:39.948000,0 days 01:04:19.165000,4634.396388888885,1.0
2023-10-22 19:05:21.638,10166,251,7,0,True,1,car,0 days 00:01:40.188000,0 days 01:04:19.405000,4651.129722222218,1.0
2023-10-22 19:05:21.998,10255,227,7,0,True,1,car,0 days 00:01:40.548000,0 days 01:04:19.765000,4673.829722222218,1.0
2023-10-22 19:05:22.158,9692,214,7,0,True,1,car,0 days 00:01:40.708000,0 days 01:04:19.925000,4683.340833333329,1.0
2023-10-22 19:05:22.318,10239,200,6,0,True,1,car,0 days 00:01:40.868000,0 days 01:04:20.085000,4692.229722222218,1.0
2023-10-22 19:05:22.558,10001,192,6,0,True,1,car,0 days 00:01:41.108000,0 days 01:04:20.325000,4705.029722222218,1.0
2023-10-22 19:05:22.758,9738,186,5,1,True,1,car,0 days 00:01:41.308000,0 days 01:04:20.525000,4715.363055555551,1.0
2023-10-22 19:05:22.918,9494,182,5,0,True,1,car,0 days 00:01:41.468000,0 days 01:04:20.685000,4723.4519444444395,1.0
2023-10-22 19:05:23.278,9048,173,5,5,False,1,car,0 days 00:01:41.828000,0 days 01:04:21.045000,4740.75194444444,1.0
2023-10-22 19:05:23.638,9028,167,5,31,False,1,car,0 days 00:01:42.188000,0 days 01:04:21.405000,4757.4519444444395,1.0
2023-10-22 19:05:24.118,9286,172,5,59,False,1,car,0 days 00:01:42.668000,0 days 01:04:21.885000,4780.385277777773,1.0
2023-10-22 19:05:24.478,9812,175,5,78,False,1,car,0 days 00:01:43.028000,0 days 01:04:22.245000,4797.885277777773,1.0
2023-10-22 19:05:24.638,10065,182,5,100,False,1,car,0 days 00:01:43.188000,0 days 01:04:22.405000,4805.974166666661,1.0
2023-10-22 19:05:24.958,10450,188,5,100,False,1,car,0 days 00:01:43.508000,0 days 01:04:22.725000,4822.685277777772,1.0
2023-10-22 19:05:25.118,10755,192,5,100,False,1,car,0 days 00:01:43.668000,0 days 01:04:22.885000,4831.218611111106,1.0
2023-10-22 19:05:25.399,10926,199,5,100,False,1,car,0 days 00:01:43.949000,0 days 01:04:23.166000,4846.751666666661,1.0
2023-10-22 19:05:25.679,11224,206,5,99,False,1,car,0 days 00:01:44.229000,0 days 01:04:23.446000,4862.7738888888825,1.0
2023-10-22 19:05:25.959,11572,212,5,100,False,1,car,0 days 00:01:44.509000,0 days 01:04:23.726000,4879.262777777772,1.0
2023-10-22 19:05:26.119,11012,215,5,100,False,1,car,0 days 00:01:44.669000,0 days 01:04:23.886000,4888.818333333327,1.0
2023-10-22 19:05:26.479,10491,220,6,100,False,1,car,0 days 00:01:45.029000,0 days 01:04:24.246000,4910.818333333327,1.0
2023-10-22 19:05:26.679,10551,224,6,99,False,1,car,0 days 00:01:45.229000,0 days 01:04:24.446000,4923.262777777772,1.0
2023-10-22 19:05:26.879,10807,227,6,100,False,1,car,0 days 00:01:45.429000,0 days 01:04:24.646000,4935.873888888883,1.0
2023-10-22 19:05:27.079,10510,230,6,0,True,1,car,0 days 00:01:45.629000,0 days 01:04:24.846000,4948.651666666661,1.0
2023-10-22 19:05:27.359,10347,204,6,0,True,1,car,0 days 00:01:45.909000,0 days 01:04:25.126000,4964.518333333328,1.0
2023-10-22 19:05:27.758,10281,167,6,0,True,1,car,0 days 00:01:46.308000,0 days 01:04:25.525000,4983.027499999995,1.0
2023-10-22 19:05:28.038,10188,143,4,0,True,1,car,0 days 00:01:46.588000,0 days 01:04:25.805000,4994.149722222216,1.0
2023-10-22 19:05:28.358,8963,124,3,0,True,1,car,0 days 00:01:46.908000,0 days 01:04:26.125000,5005.171944444439,1.0
2023-10-22 19:05:28.558,8285,115,3,0,True,1,car,0 days 00:01:47.108000,0 days 01:04:26.325000,5011.5608333333275,1.0
2023-10-22 19:05:28.718,7539,108,3,0,True,1,car,0 days 00:01:47.268000,0 days 01:04:26.485000,5016.360833333328,1.0
2023-10-22 19:05:28.918,7098,102,3,0,True,1,car,0 days 00:01:47.468000,0 days 01:04:26.685000,5022.027499999995,1.0
2023-10-22 19:05:29.238,6511,94,3,0,True,1,car,0 days 00:01:47.788000,0 days 01:04:27.005000,5030.38305555555,1.0
2023-10-22 19:05:29.398,6309,92,3,0,False,1,car,0 days 00:01:47.948000,0 days 01:04:27.165000,5034.471944444438,1.0
2023-10-22 19:05:29.598,6100,90,3,0,False,1,car,0 days 00:01:48.148000,0 days 01:04:27.365000,5039.471944444438,1.0
2023-10-22 19:05:29.798,5957,88,3,5,False,1,car,0 days 00:01:48.348000,0 days 01:04:27.565000,5044.360833333327,1.0
2023-10-22 19:05:29.958,6097,83,3,5,False,1,car,0 days 00:01:48.508000,0 days 01:04:27.725000,5048.049722222216,1.0
2023-10-22 19:05:30.198,6385,85,3,26,False,1,car,0 days 00:01:48.748000,0 days 01:04:27.965000,5053.716388888883,1.0
2023-10-22 19:05:30.398,6543,86,3,30,False,1,car,0 days 00:01:48.948000,0 days 01:04:28.165000,5058.49416666666,1.0
2023-10-22 19:05:30.598,6851,88,3,43,False,1,car,0 days 00:01:49.148000,0 days 01:04:28.365000,5063.383055555549,1.0
2023-10-22 19:05:30.918,7612,96,3,51,False,1,car,0 days 00:01:49.468000,0 days 01:04:28.685000,5071.9163888888825,1.0
2023-10-22 19:05:31.158,8365,102,3,58,False,1,car,0 days 00:01:49.708000,0 days 01:04:28.925000,5078.716388888883,1.0
2023-10-22 19:05:31.518,9085,115,3,64,False,1,car,0 days 00:01:50.068000,0 days 01:04:29.285000,5090.216388888883,1.0
2023-10-22 19:05:31.758,10462,118,3,75,False,1,car,0 days 00:01:50.308000,0 days 01:04:29.525000,5098.083055555549,1.0
2023-10-22 19:05:31.999,10307,130,3,77,False,1,car,0 days 00:01:50.549000,0 days 01:04:29.766000,5106.785833333327,1.0
2023-10-22 19:05:32.399,11469,148,3,100,False,1,car,0 days 00:01:50.949000,0 days 01:04:30.166000,5123.230277777771,1.0
2023-10-22 19:05:32.559,11329,157,3,100,False,1,car,0 days 00:01:51.109000,0 days 01:04:30.326000,5130.2080555555485,1.0
2023-10-22 19:05:32.719,10671,161,3,100,False,1,car,0 days 00:01:51.269000,0 days 01:04:30.486000,5137.363611111105,1.0
2023-10-22 19:05:32.919,10818,173,4,100,False,1,car,0 days 00:01:51.469000,0 days 01:04:30.686000,5146.974722222215,1.0
2023-10-22 19:05:33.079,11389,173,4,100,False,1,car,0 days 00:01:51.629000,0 days 01:04:30.846000,5154.663611111105,1.0
2023-10-22 19:05:33.319,11094,188,4,100,False,1,car,0 days 00:01:51.869000,0 days 01:04:31.086000,5167.196944444438,1.0
2023-10-22 19:05:33.599,10750,194,5,100,False,1,car,0 days 00:01:52.149000,0 days 01:04:31.366000,5182.285833333326,1.0
2023-10-22 19:05:33.759,11026,200,5,100,False,1,car,0 days 00:01:52.309000,0 days 01:04:31.526000,5191.174722222215,1.0
2023-10-22 19:05:33.959,11380,206,5,100,False,1,car,0 days 00:01:52.509000,0 days 01:04:31.726000,5202.619166666659,1.0
2023-10-22 19:05:34.278,10306,214,5,100,False,1,car,0 days 00:00:00.104000,0 days 01:04:32.045000,6.182222222222221,2.0
2023-10-22 19:05:34.478,10396,219,6,100,False,1,car,0 days 00:00:00.304000,0 days 01:04:32.245000,18.348888888888887,2.0
2023-10-22 19:05:34.838,10822,228,6,100,False,1,car,0 days 00:00:00.664000,0 days 01:04:32.605000,41.14888888888889,2.0
2023-10-22 19:05:34.998,11019,230,6,100,False,1,car,0 days 00:00:00.824000,0 days 01:04:32.765000,51.371111111111105,2.0
2023-10-22 19:05:35.278,11167,236,6,100,False,1,car,0 days 00:00:01.104000,0 days 01:04:33.045000,69.72666666666667,2.0
2023-10-22 19:05:35.558,11472,239,6,100,False,1,car,0 days 00:00:01.384000,0 days 01:04:33.325000,88.31555555555555,2.0
2023-10-22 19:05:35.758,11332,245,6,100,False,1,car,0 days 00:00:01.584000,0 days 01:04:33.525000,101.92666666666668,2.0
2023-10-22 19:05:35.918,10294,248,6,100,False,1,car,0 days 00:00:01.744000,0 days 01:04:33.685000,112.94888888888889,2.0
2023-10-22 19:05:36.318,10532,252,7,100,False,1,car,0 days 00:00:02.144000,0 days 01:04:34.085000,140.9488888888889,2.0
2023-10-22 19:05:36.478,10643,252,7,100,False,1,car,0 days 00:00:02.304000,0 days 01:04:34.245000,152.14888888888888,2.0
2023-10-22 19:05:36.678,10784,258,7,100,False,1,car,0 days 00:00:02.504000,0 days 01:04:34.445000,166.48222222222222,2.0
2023-10-22 19:05:36.918,10844,262,7,100,False,1,car,0 days 00:00:02.744000,0 days 01:04:34.685000,183.9488888888889,2.0
2023-10-22 19:05:37.158,11055,265,7,100,False,1,car,0 days 00:00:02.984000,0 days 01:04:34.925000,201.61555555555555,2.0
2023-10-22 19:05:37.318,11062,267,7,100,False,1,car,0 days 00:00:03.144000,0 days 01:04:35.085000,213.48222222222222,2.0
2023-10-22 19:05:37.558,11213,269,7,100,False,1,car,0 days 00:00:03.384000,0 days 01:04:35.325000,231.41555555555553,2.0
2023-10-22 19:05:37.838,11265,272,7,100,False,1,car,0 days 00:00:03.664000,0 days 01:04:35.605000,252.5711111111111,2.0
2023-10-22 19:05:38.118,11393,274,7,100,False,1,car,0 days 00:00:03.944000,0 days 01:04:35.885000,273.8822222222222,2.0
2023-10-22 19:05:38.478,11413,275,7,100,False,1,car,0 days 00:00:04.304000,0 days 01:04:36.245000,301.3822222222222,2.0
2023-10-22 19:05:38.799,11386,275,7,100,False,1,car,0 days 00:00:04.625000,0 days 01:04:36.566000,325.9030555555555,2.0
2023-10-22 19:05:38.959,11382,275,7,100,False,1,car,0 days 00:00:04.785000,0 days 01:04:36.726000,338.12527777777774,2.0
2023-10-22 19:05:39.159,11378,276,7,99,False,1,car,0 days 00:00:04.985000,0 days 01:04:36.926000,353.4586111111111,2.0
2023-10-22 19:05:39.319,11417,276,7,100,False,1,car,0 days 00:00:05.145000,0 days 01:04:37.086000,365.7252777777777,2.0
2023-10-22 19:05:39.679,11447,276,7,100,False,1,car,0 days 00:00:05.505000,0 days 01:04:37.446000,393.3252777777777,2.0
2023-10-22 19:05:39.839,11391,277,7,100,False,1,car,0 days 00:00:05.665000,0 days 01:04:37.606000,405.63638888888886,2.0
2023-10-22 19:05:39.999,11398,276,7,100,False,1,car,0 days 00:00:05.825000,0 days 01:04:37.766000,417.9030555555555,2.0
2023-10-22 19:05:40.279,11409,276,7,100,False,1,car,0 days 00:00:06.105000,0 days 01:04:38.046000,439.3697222222222,2.0
2023-10-22 19:05:40.759,11241,277,7,99,False,1,car,0 days 00:00:06.585000,0 days 01:04:38.526000,476.3030555555555,2.0
2023-10-22 19:05:40.998,11345,276,7,100,False,1,car,0 days 00:00:06.824000,0 days 01:04:38.765000,494.6263888888888,2.0
2023-10-22 19:05:41.358,10440,250,7,0,True,1,car,0 days 00:00:07.184000,0 days 01:04:39.125000,519.6263888888889,2.0
2023-10-22 19:05:41.558,10603,228,7,0,True,1,car,0 days 00:00:07.384000,0 days 01:04:39.325000,532.2930555555555,2.0
2023-10-22 19:05:41.958,10780,188,6,0,True,1,car,0 days 00:00:07.784000,0 days 01:04:39.725000,553.1819444444444,2.0
2023-10-22 19:05:42.118,10920,172,5,0,True,1,car,0 days 00:00:07.944000,0 days 01:04:39.885000,560.8263888888889,2.0
2023-10-22 19:05:42.318,9564,157,5,0,True,1,car,0 days 00:00:08.144000,0 days 01:04:40.085000,569.5486111111111,2.0
2023-10-22 19:05:42.558,9987,144,5,0,True,1,car,0 days 00:00:08.384000,0 days 01:04:40.325000,579.1486111111111,2.0
2023-10-22 19:05:42.798,10458,130,3,0,True,1,car,0 days 00:00:08.624000,0 days 01:04:40.565000,587.8152777777777,2.0
2023-10-22 19:05:42.958,9848,120,2,0,True,1,car,0 days 00:00:08.784000,0 days 01:04:40.725000,593.1486111111111,2.0
2023-10-22 19:05:43.198,8747,110,2,0,True,1,car,0 days 00:00:09.024000,0 days 01:04:40.965000,600.4819444444444,2.0
2023-10-22 19:05:43.438,8176,102,2,0,True,1,car,0 days 00:00:09.264000,0 days 01:04:41.205000,607.2819444444443,2.0
2023-10-22 19:05:43.598,7643,95,2,0,True,1,car,0 days 00:00:09.424000,0 days 01:04:41.365000,611.5041666666665,2.0
2023-10-22 19:05:43.918,6683,84,2,0,True,1,car,0 days 00:00:09.744000,0 days 01:04:41.685000,618.9708333333332,2.0
2023-10-22 19:05:44.198,6454,79,2,0,True,1,car,0 days 00:00:10.024000,0 days 01:04:41.965000,625.1152777777776,2.0
2023-10-22 19:05:44.398,6141,76,2,0,True,1,car,0 days 00:00:10.224000,0 days 01:04:42.165000,629.3374999999999,2.0
2023-10-22 19:05:44.598,5763,73,2,0,False,1,car,0 days 00:00:10.424000,0 days 01:04:42.365000,633.3930555555554,2.0
2023-10-22 19:05:44.878,6075,70,2,16,False,1,car,0 days 00:00:10.704000,0 days 01:04:42.645000,638.8374999999999,2.0
2023-10-22 19:05:45.078,6185,69,2,21,False,1,car,0 days 00:00:10.904000,0 days 01:04:42.845000,642.6708333333332,2.0
2023-10-22 19:05:45.239,6465,71,2,24,False,1,car,0 days 00:00:11.065000,0 days 01:04:43.006000,645.846111111111,2.0
2023-10-22 19:05:45.399,6489,74,2,28,False,1,car,0 days 00:00:11.225000,0 days 01:04:43.166000,649.1349999999999,2.0
2023-10-22 19:05:45.639,6737,78,2,29,False,1,car,0 days 00:00:11.465000,0 days 01:04:43.406000,654.3349999999999,2.0
2023-10-22 19:05:45.919,6849,82,2,36,False,1,car,0 days 00:00:11.745000,0 days 01:04:43.686000,660.7127777777777,2.0
2023-10-22 19:05:46.119,7409,87,2,44,False,1,car,0 days 00:00:11.945000,0 days 01:04:43.886000,665.546111111111,2.0
2023-10-22 19:05:46.479,8751,97,2,54,False,1,car,0 days 00:00:12.305000,0 days 01:04:44.246000,675.246111111111,2.0
2023-10-22 19:05:46.679,9024,104,2,58,False,1,car,0 days 00:00:12.505000,0 days 01:04:44.446000,681.0238888888888,2.0
2023-10-22 19:05:46.919,8573,114,2,60,False,1,car,0 days 00:00:12.745000,0 days 01:04:44.686000,688.6238888888887,2.0
2023-10-22 19:05:47.119,9149,121,3,67,False,1,car,0 days 00:00:12.945000,0 days 01:04:44.886000,695.346111111111,2.0
2023-10-22 19:05:47.359,10198,129,3,71,False,1,car,0 days 00:00:13.185000,0 days 01:04:45.126000,703.946111111111,2.0
2023-10-22 19:05:47.599,10868,138,3,87,False,1,car,0 days 00:00:13.425000,0 days 01:04:45.366000,713.146111111111,2.0
2023-10-22 19:05:47.758,11359,147,3,99,False,1,car,0 days 00:00:13.584000,0 days 01:04:45.525000,719.638611111111,2.0
2023-10-22 19:05:47.958,10685,158,3,100,False,1,car,0 days 00:00:13.784000,0 days 01:04:45.725000,728.4163888888888,2.0
2023-10-22 19:05:48.118,10866,165,4,99,False,1,car,0 days 00:00:13.944000,0 days 01:04:45.885000,735.7497222222222,2.0
2023-10-22 19:05:48.318,11218,171,4,99,False,1,car,0 days 00:00:14.144000,0 days 01:04:46.085000,745.2497222222222,2.0
2023-10-22 19:05:48.518,11389,178,4,99,False,1,car,0 days 00:00:14.344000,0 days 01:04:46.285000,755.138611111111,2.0
2023-10-22 19:05:48.718,11393,190,4,99,False,1,car,0 days 00:00:14.544000,0 days 01:04:46.485000,765.6941666666667,2.0
2023-10-22 19:05:49.038,11030,201,5,99,False,1,car,0 days 00:00:14.864000,0 days 01:04:46.805000,783.5608333333333,2.0
2023-10-22 19:05:49.238,11068,207,5,100,False,1,car,0 days 00:00:15.064000,0 days 01:04:47.005000,795.0608333333333,2.0
2023-10-22 19:05:49.398,10944,210,5,100,False,1,car,0 days 00:00:15.224000,0 days 01:04:47.165000,804.3941666666667,2.0
2023-10-22 19:05:49.598,10237,215,6,76,False,1,car,0 days 00:00:15.424000,0 days 01:04:47.365000,816.3386111111112,2.0
2023-10-22 19:05:49.838,10284,217,6,74,False,1,car,0 days 00:00:15.664000,0 days 01:04:47.605000,830.8052777777779,2.0
2023-10-22 19:05:50.038,10516,220,6,79,False,1,car,0 days 00:00:15.864000,0 days 01:04:47.805000,843.0275000000001,2.0
2023-10-22 19:05:50.278,10939,227,6,100,False,1,car,0 days 00:00:16.104000,0 days 01:04:48.045000,858.1608333333334,2.0
2023-10-22 19:05:50.598,11112,230,6,100,False,1,car,0 days 00:00:16.424000,0 days 01:04:48.365000,878.6052777777778,2.0
2023-10-22 19:05:50.798,11243,230,6,99,False,1,car,0 days 00:00:16.624000,0 days 01:04:48.565000,891.3830555555555,2.0
2023-10-22 19:05:50.998,11382,238,6,99,False,1,car,0 days 00:00:16.824000,0 days 01:04:48.765000,904.6052777777779,2.0
2023-10-22 19:05:51.318,11585,243,6,100,False,1,car,0 days 00:00:17.144000,0 days 01:04:49.085000,926.2052777777777,2.0
2023-10-22 19:05:51.478,11691,245,6,100,False,1,car,0 days 00:00:17.304000,0 days 01:04:49.245000,937.0941666666666,2.0
2023-10-22 19:05:51.799,10365,247,7,100,False,1,car,0 days 00:00:17.625000,0 days 01:04:49.566000,959.1183333333335,2.0
2023-10-22 19:05:52.039,10484,250,7,99,False,1,car,0 days 00:00:17.865000,0 days 01:04:49.806000,975.785,2.0
2023-10-22 19:05:52.239,10573,254,7,100,False,1,car,0 days 00:00:18.065000,0 days 01:04:50.006000,989.8961111111113,2.0
2023-10-22 19:05:52.559,10756,257,7,99,False,1,car,0 days 00:00:18.385000,0 days 01:04:50.326000,1012.7405555555557,2.0
2023-10-22 19:05:52.959,10907,262,7,99,False,1,car,0 days 00:00:18.785000,0 days 01:04:50.726000,1041.8516666666667,2.0
2023-10-22 19:05:53.159,11047,266,7,100,False,1,car,0 days 00:00:18.985000,0 days 01:04:50.926000,1056.6294444444445,2.0
2023-10-22 19:05:53.399,11068,267,7,100,False,1,car,0 days 00:00:19.225000,0 days 01:04:51.166000,1074.4294444444447,2.0
2023-10-22 19:05:53.759,11147,269,7,99,False,1,car,0 days 00:00:19.585000,0 days 01:04:51.526000,1101.3294444444446,2.0
2023-10-22 19:05:53.919,11147,269,7,99,False,1,car,0 days 00:00:19.745000,0 days 01:04:51.686000,1113.285,2.0
2023-10-22 19:05:54.159,11097,270,7,62,False,1,car,0 days 00:00:19.985000,0 days 01:04:51.926000,1131.2849999999999,2.0
2023-10-22 19:05:54.359,10979,267,7,51,False,1,car,0 days 00:00:20.185000,0 days 01:04:52.126000,1146.118333333333,2.0
2023-10-22 19:05:54.518,11003,264,7,59,False,1,car,0 days 00:00:20.344000,0 days 01:04:52.285000,1157.7783333333332,2.0
2023-10-22 19:05:54.798,10906,264,7,72,False,1,car,0 days 00:00:20.624000,0 days 01:04:52.565000,1178.3116666666663,2.0
2023-10-22 19:05:55.038,10630,264,7,15,False,1,car,0 days 00:00:20.864000,0 days 01:04:52.805000,1195.9116666666664,2.0
2023-10-22 19:05:55.438,10178,252,7,0,True,1,car,0 days 00:00:21.264000,0 days 01:04:53.205000,1223.9116666666664,2.0
2023-10-22 19:05:55.638,9825,240,7,2,True,1,car,0 days 00:00:21.464000,0 days 01:04:53.405000,1237.2449999999997,2.0
2023-10-22 19:05:55.798,9779,240,7,18,False,1,car,0 days 00:00:21.624000,0 days 01:04:53.565000,1247.9116666666664,2.0
2023-10-22 19:05:55.998,9659,236,7,55,False,1,car,0 days 00:00:21.824000,0 days 01:04:53.765000,1261.0227777777777,2.0
2023-10-22 19:05:56.198,9688,232,7,78,False,1,car,0 days 00:00:22.024000,0 days 01:04:53.965000,1273.9116666666666,2.0
2023-10-22 19:05:56.478,9446,232,7,0,True,1,car,0 days 00:00:22.304000,0 days 01:04:54.245000,1291.9561111111109,2.0
2023-10-22 19:05:56.838,10215,219,6,0,True,1,car,0 days 00:00:22.664000,0 days 01:04:54.605000,1313.856111111111,2.0
2023-10-22 19:05:57.078,9895,215,6,19,False,1,car,0 days 00:00:22.904000,0 days 01:04:54.845000,1328.1894444444442,2.0
2023-10-22 19:05:57.318,9763,209,6,35,False,1,car,0 days 00:00:23.144000,0 days 01:04:55.085000,1342.1227777777774,2.0
2023-10-22 19:05:57.518,9800,206,6,44,False,1,car,0 days 00:00:23.344000,0 days 01:04:55.285000,1353.567222222222,2.0
2023-10-22 19:05:57.678,9873,208,6,55,False,1,car,0 days 00:00:23.504000,0 days 01:04:55.445000,1362.8116666666665,2.0
2023-10-22 19:05:58.038,9910,210,6,64,False,1,car,0 days 00:00:23.864000,0 days 01:04:55.805000,1383.8116666666665,2.0
2023-10-22 19:05:58.279,9794,213,6,16,False,1,car,0 days 00:00:24.105000,0 days 01:04:56.046000,1398.0708333333332,2.0
2023-10-22 19:05:58.479,9712,214,6,0,True,1,car,0 days 00:00:24.305000,0 days 01:04:56.246000,1409.9597222222221,2.0
2023-10-22 19:05:58.719,9534,206,6,0,True,1,car,0 days 00:00:24.545000,0 days 01:04:56.486000,1423.6930555555555,2.0
2023-10-22 19:05:59.079,9152,199,6,0,True,1,car,0 days 00:00:24.905000,0 days 01:04:56.846000,1443.5930555555553,2.0
2023-10-22 19:05:59.279,9921,195,6,5,False,1,car,0 days 00:00:25.105000,0 days 01:04:57.046000,1454.4263888888886,2.0
2023-10-22 19:05:59.559,10085,190,5,26,False,1,car,0 days 00:00:25.385000,0 days 01:04:57.326000,1469.2041666666664,2.0
2023-10-22 19:05:59.879,10095,189,5,21,False,1,car,0 days 00:00:25.705000,0 days 01:04:57.646000,1486.0041666666662,2.0
2023-10-22 19:06:00.079,10218,187,5,37,False,1,car,0 days 00:00:25.905000,0 days 01:04:57.846000,1496.3930555555553,2.0
2023-10-22 19:06:00.359,9747,184,5,0,True,1,car,0 days 00:00:26.185000,0 days 01:04:58.126000,1510.7041666666662,2.0
2023-10-22 19:06:00.639,9747,180,5,15,False,1,car,0 days 00:00:26.465000,0 days 01:04:58.406000,1524.7041666666662,2.0
2023-10-22 19:06:01.039,9901,182,5,48,False,1,car,0 days 00:00:26.865000,0 days 01:04:58.806000,1544.9263888888884,2.0
2023-10-22 19:06:01.478,10065,182,5,64,False,1,car,0 days 00:00:27.304000,0 days 01:04:59.245000,1567.1202777777773,2.0
2023-10-22 19:06:01.678,10279,184,5,89,False,1,car,0 days 00:00:27.504000,0 days 01:04:59.445000,1577.3424999999997,2.0
2023-10-22 19:06:01.998,10479,192,5,100,False,1,car,0 days 00:00:27.824000,0 days 01:04:59.765000,1594.4091666666664,2.0
2023-10-22 19:06:02.318,10873,200,5,100,False,1,car,0 days 00:00:28.144000,0 days 01:05:00.085000,1612.186944444444,2.0
2023-10-22 19:06:02.558,11113,200,5,13,True,1,car,0 days 00:00:28.384000,0 days 01:05:00.325000,1625.5202777777774,2.0
2023-10-22 19:06:02.758,10973,195,5,13,True,1,car,0 days 00:00:28.584000,0 days 01:05:00.525000,1636.3536111111107,2.0
2023-10-22 19:06:03.078,9525,183,5,8,True,1,car,0 days 00:00:28.904000,0 days 01:05:00.845000,1652.6202777777773,2.0
2023-10-22 19:06:03.278,9278,179,5,9,False,1,car,0 days 00:00:29.104000,0 days 01:05:01.045000,1662.5647222222217,2.0
2023-10-22 19:06:03.518,9070,173,5,0,True,1,car,0 days 00:00:29.344000,0 days 01:05:01.285000,1674.0980555555552,2.0
2023-10-22 19:06:03.878,8889,169,5,16,False,1,car,0 days 00:00:29.704000,0 days 01:05:01.645000,1690.998055555555,2.0
2023-10-22 19:06:04.118,8697,163,5,27,False,1,car,0 days 00:00:29.944000,0 days 01:05:01.885000,1701.8647222222216,2.0
2023-10-22 19:06:04.558,9056,164,5,54,False,1,car,0 days 00:00:30.384000,0 days 01:05:02.325000,1721.9091666666661,2.0
2023-10-22 19:06:04.718,9063,167,5,61,False,1,car,0 days 00:00:30.544000,0 days 01:05:02.485000,1729.3313888888883,2.0
2023-10-22 19:06:04.959,9618,171,5,68,False,1,car,0 days 00:00:30.785000,0 days 01:05:02.726000,1740.7788888888883,2.0
2023-10-22 19:06:05.239,9772,177,5,74,False,1,car,0 days 00:00:31.065000,0 days 01:05:03.006000,1754.545555555555,2.0
2023-10-22 19:06:05.559,10082,183,5,73,False,1,car,0 days 00:00:31.385000,0 days 01:05:03.326000,1770.8122222222216,2.0
2023-10-22 19:06:05.999,9644,167,4,0,True,1,car,0 days 00:00:31.825000,0 days 01:05:03.766000,1791.2233333333327,2.0
2023-10-22 19:06:06.239,9189,152,4,0,True,1,car,0 days 00:00:32.065000,0 days 01:05:04.006000,1801.356666666666,2.0
2023-10-22 19:06:06.919,8214,135,4,9,False,1,car,0 days 00:00:32.745000,0 days 01:05:04.686000,1826.856666666666,2.0
2023-10-22 19:06:07.079,8128,135,4,12,False,1,car,0 days 00:00:32.905000,0 days 01:05:04.846000,1832.8566666666661,2.0
2023-10-22 19:06:07.279,8196,130,4,36,False,1,car,0 days 00:00:33.105000,0 days 01:05:05.046000,1840.0788888888883,2.0
2023-10-22 19:06:07.639,7595,131,4,0,False,1,car,0 days 00:00:33.465000,0 days 01:05:05.406000,1853.1788888888884,2.0
2023-10-22 19:06:07.918,8239,129,4,41,False,1,car,0 days 00:00:33.744000,0 days 01:05:05.685000,1863.1763888888884,2.0
2023-10-22 19:06:08.158,8048,130,4,18,False,1,car,0 days 00:00:33.984000,0 days 01:05:05.925000,1871.843055555555,2.0
2023-10-22 19:06:08.478,8285,127,4,42,False,1,car,0 days 00:00:34.304000,0 days 01:05:06.245000,1883.1319444444441,2.0
2023-10-22 19:06:08.798,8536,130,4,57,False,1,car,0 days 00:00:34.624000,0 days 01:05:06.565000,1894.6874999999998,2.0
2023-10-22 19:06:09.118,8998,140,4,76,False,1,car,0 days 00:00:34.944000,0 days 01:05:06.885000,1907.1319444444441,2.0
2023-10-22 19:06:09.318,9580,148,4,74,False,1,car,0 days 00:00:35.144000,0 days 01:05:07.085000,1915.354166666666,2.0
2023-10-22 19:06:09.558,9643,151,4,48,False,1,car,0 days 00:00:35.384000,0 days 01:05:07.325000,1925.420833333333,2.0
2023-10-22 19:06:09.958,9932,155,4,46,False,1,car,0 days 00:00:35.784000,0 days 01:05:07.725000,1942.643055555555,2.0
2023-10-22 19:06:10.198,9971,155,4,55,False,1,car,0 days 00:00:36.024000,0 days 01:05:07.965000,1952.9763888888886,2.0
2023-10-22 19:06:10.358,10228,157,4,57,False,1,car,0 days 00:00:36.184000,0 days 01:05:08.125000,1959.9541666666662,2.0
2023-10-22 19:06:10.638,10522,165,4,74,False,1,car,0 days 00:00:36.464000,0 days 01:05:08.405000,1972.7874999999997,2.0
2023-10-22 19:06:10.838,10915,171,4,100,False,1,car,0 days 00:00:36.664000,0 days 01:05:08.605000,1982.2875,2.0
2023-10-22 19:06:11.078,11614,178,4,100,False,1,car,0 days 00:00:36.904000,0 days 01:05:08.845000,1994.1541666666667,2.0
2023-10-22 19:06:11.318,11614,181,4,100,False,1,car,0 days 00:00:37.144000,0 days 01:05:09.085000,2006.220833333333,2.0
2023-10-22 19:06:11.599,10527,193,5,100,False,1,car,0 days 00:00:37.425000,0 days 01:05:09.366000,2021.2855555555552,2.0
2023-10-22 19:06:11.839,11271,199,5,100,False,1,car,0 days 00:00:37.665000,0 days 01:05:09.606000,2034.552222222222,2.0
2023-10-22 19:06:11.999,11196,205,5,100,False,1,car,0 days 00:00:37.825000,0 days 01:05:09.766000,2043.6633333333334,2.0
2023-10-22 19:06:12.279,11318,214,5,100,False,1,car,0 days 00:00:38.105000,0 days 01:05:10.046000,2060.3077777777776,2.0
2023-10-22 19:06:12.519,10524,222,5,99,False,1,car,0 days 00:00:38.345000,0 days 01:05:10.286000,2075.1077777777778,2.0
2023-10-22 19:06:12.759,10887,227,6,100,False,1,car,0 days 00:00:38.585000,0 days 01:05:10.526000,2090.2411111111114,2.0
2023-10-22 19:06:13.119,11154,236,6,100,False,1,car,0 days 00:00:38.945000,0 days 01:05:10.886000,2113.8411111111113,2.0
2023-10-22 19:06:13.359,11368,240,6,100,False,1,car,0 days 00:00:39.185000,0 days 01:05:11.126000,2129.8411111111113,2.0
2023-10-22 19:06:13.519,11559,243,6,99,False,1,car,0 days 00:00:39.345000,0 days 01:05:11.286000,2140.641111111111,2.0
2023-10-22 19:06:13.679,10579,244,6,99,False,1,car,0 days 00:00:39.505000,0 days 01:05:11.446000,2151.485555555556,2.0
2023-10-22 19:06:13.879,10408,248,7,100,False,1,car,0 days 00:00:39.705000,0 days 01:05:11.646000,2165.2633333333333,2.0
2023-10-22 19:06:14.119,10514,253,7,100,False,1,car,0 days 00:00:39.945000,0 days 01:05:11.886000,2182.13,2.0
2023-10-22 19:06:14.399,10707,255,7,99,False,1,car,0 days 00:00:40.225000,0 days 01:05:12.166000,2201.9633333333336,2.0
2023-10-22 19:06:14.758,10945,262,7,100,False,1,car,0 days 00:00:40.584000,0 days 01:05:12.525000,2228.090555555556,2.0
2023-10-22 19:06:15.118,11127,268,7,100,False,1,car,0 days 00:00:40.944000,0 days 01:05:12.885000,2254.890555555556,2.0
2023-10-22 19:06:15.518,11377,275,7,100,False,1,car,0 days 00:00:41.344000,0 days 01:05:13.285000,2285.446111111112,2.0
2023-10-22 19:06:16.038,10879,280,7,99,False,1,car,0 days 00:00:41.864000,0 days 01:05:13.805000,2325.890555555556,2.0
2023-10-22 19:06:16.198,10393,281,7,99,False,1,car,0 days 00:00:42.024000,0 days 01:05:13.965000,2338.379444444445,2.0
2023-10-22 19:06:16.398,10452,283,8,100,False,1,car,0 days 00:00:42.224000,0 days 01:05:14.165000,2354.101666666667,2.0
2023-10-22 19:06:16.558,10471,285,8,100,False,1,car,0 days 00:00:42.384000,0 days 01:05:14.325000,2366.768333333334,2.0
2023-10-22 19:06:16.798,10542,286,8,99,False,1,car,0 days 00:00:42.624000,0 days 01:05:14.565000,2385.8350000000005,2.0
2023-10-22 19:06:17.078,9839,278,8,0,True,1,car,0 days 00:00:42.904000,0 days 01:05:14.845000,2407.4572222222228,2.0
2023-10-22 19:06:17.438,10351,231,7,0,True,1,car,0 days 00:00:43.264000,0 days 01:05:15.205000,2430.5572222222227,2.0
2023-10-22 19:06:17.798,10112,201,6,0,True,1,car,0 days 00:00:43.624000,0 days 01:05:15.565000,2450.6572222222226,2.0
2023-10-22 19:06:18.039,10006,173,6,0,True,1,car,0 days 00:00:43.865000,0 days 01:05:15.806000,2462.2386111111114,2.0
2023-10-22 19:06:18.399,10953,154,4,0,True,1,car,0 days 00:00:44.225000,0 days 01:05:16.166000,2477.6386111111115,2.0
2023-10-22 19:06:18.599,9852,145,3,0,True,1,car,0 days 00:00:44.425000,0 days 01:05:16.366000,2485.6941666666667,2.0
2023-10-22 19:06:18.919,8500,123,3,0,True,1,car,0 days 00:00:44.745000,0 days 01:05:16.686000,2496.6275,2.0
2023-10-22 19:06:19.199,7562,114,3,0,True,1,car,0 days 00:00:45.025000,0 days 01:05:16.966000,2505.494166666667,2.0
2023-10-22 19:06:19.479,6867,102,3,0,True,1,car,0 days 00:00:45.305000,0 days 01:05:17.246000,2513.4275000000002,2.0
2023-10-22 19:06:19.959,5884,86,3,0,True,1,car,0 days 00:00:45.785000,0 days 01:05:17.726000,2524.894166666667,2.0
2023-10-22 19:06:20.359,5199,77,3,0,True,1,car,0 days 00:00:46.185000,0 days 01:05:18.126000,2533.4497222222226,2.0
2023-10-22 19:06:20.519,4998,72,3,0,True,1,car,0 days 00:00:46.345000,0 days 01:05:18.286000,2536.6497222222224,2.0
2023-10-22 19:06:20.959,4644,68,3,0,False,1,car,0 days 00:00:46.785000,0 days 01:05:18.726000,2544.9608333333335,2.0
2023-10-22 19:06:21.119,4567,66,3,0,False,1,car,0 days 00:00:46.945000,0 days 01:05:18.886000,2547.894166666667,2.0
2023-10-22 19:06:21.358,4823,64,3,13,False,1,car,0 days 00:00:47.184000,0 days 01:05:19.125000,2552.1430555555557,2.0
2023-10-22 19:06:21.558,5273,66,3,28,False,1,car,0 days 00:00:47.384000,0 days 01:05:19.325000,2555.8097222222223,2.0
2023-10-22 19:06:21.998,6187,73,3,39,False,1,car,0 days 00:00:47.824000,0 days 01:05:19.765000,2564.7319444444443,2.0
2023-10-22 19:06:22.158,6466,78,3,40,False,1,car,0 days 00:00:47.984000,0 days 01:05:19.925000,2568.198611111111,2.0
2023-10-22 19:06:22.358,6779,81,3,37,False,1,car,0 days 00:00:48.184000,0 days 01:05:20.125000,2572.698611111111,2.0
2023-10-22 19:06:22.638,6778,89,3,49,False,1,car,0 days 00:00:48.464000,0 days 01:05:20.405000,2579.6208333333334,2.0
2023-10-22 19:06:22.958,7519,100,3,54,False,1,car,0 days 00:00:48.784000,0 days 01:05:20.725000,2588.509722222222,2.0
2023-10-22 19:06:23.198,8487,107,3,60,False,1,car,0 days 00:00:49.024000,0 days 01:05:20.965000,2595.6430555555553,2.0
2023-10-22 19:06:23.518,9184,122,3,64,False,1,car,0 days 00:00:49.344000,0 days 01:05:21.285000,2606.4874999999997,2.0
2023-10-22 19:06:23.878,10134,130,3,78,False,1,car,0 days 00:00:49.704000,0 days 01:05:21.645000,2619.4874999999997,2.0
2023-10-22 19:06:24.078,10499,134,3,88,False,1,car,0 days 00:00:49.904000,0 days 01:05:21.845000,2626.931944444444,2.0
2023-10-22 19:06:24.318,10328,157,3,100,False,1,car,0 days 00:00:50.144000,0 days 01:05:22.085000,2637.3986111111103,2.0
2023-10-22 19:06:24.679,11147,169,4,100,False,1,car,0 days 00:00:50.505000,0 days 01:05:22.446000,2654.345555555555,2.0
2023-10-22 19:06:24.879,11491,177,4,100,False,1,car,0 days 00:00:50.705000,0 days 01:05:22.646000,2664.178888888888,2.0
2023-10-22 19:06:25.239,10433,192,4,100,False,1,car,0 days 00:00:51.065000,0 days 01:05:23.006000,2683.378888888888,2.0
2023-10-22 19:06:25.399,10833,196,5,100,False,1,car,0 days 00:00:51.225000,0 days 01:05:23.166000,2692.0899999999992,2.0
2023-10-22 19:06:25.719,11191,208,5,100,False,1,car,0 days 00:00:51.545000,0 days 01:05:23.486000,2710.5788888888883,2.0
2023-10-22 19:06:25.919,11541,213,5,100,False,1,car,0 days 00:00:51.745000,0 days 01:05:23.686000,2722.4122222222213,2.0
2023-10-22 19:06:26.159,10222,218,5,100,False,1,car,0 days 00:00:51.985000,0 days 01:05:23.926000,2736.9455555555546,2.0
2023-10-22 19:06:26.559,10814,228,6,100,False,1,car,0 days 00:00:52.385000,0 days 01:05:24.326000,2762.2788888888876,2.0
2023-10-22 19:06:26.719,10976,232,6,100,False,1,car,0 days 00:00:52.545000,0 days 01:05:24.486000,2772.589999999999,2.0
2023-10-22 19:06:26.959,11290,236,6,100,False,1,car,0 days 00:00:52.785000,0 days 01:05:24.726000,2788.323333333332,2.0
2023-10-22 19:06:27.279,11526,242,6,100,False,1,car,0 days 00:00:53.105000,0 days 01:05:25.046000,2809.834444444443,2.0
2023-10-22 19:06:27.439,11600,246,6,100,False,1,car,0 days 00:00:53.265000,0 days 01:05:25.206000,2820.7677777777762,2.0
2023-10-22 19:06:27.639,11020,248,6,100,False,1,car,0 days 00:00:53.465000,0 days 01:05:25.406000,2834.545555555554,2.0
2023-10-22 19:06:27.999,10548,253,7,100,False,1,car,0 days 00:00:53.825000,0 days 01:05:25.766000,2859.8455555555543,2.0
2023-10-22 19:06:28.158,10656,255,7,100,False,1,car,0 days 00:00:53.984000,0 days 01:05:25.925000,2871.108055555554,2.0
2023-10-22 19:06:28.438,10654,257,7,100,False,1,car,0 days 00:00:54.264000,0 days 01:05:26.205000,2891.096944444443,2.0
2023-10-22 19:06:28.758,11007,263,7,100,False,1,car,0 days 00:00:54.584000,0 days 01:05:26.525000,2914.474722222221,2.0
2023-10-22 19:06:28.998,11082,267,7,100,False,1,car,0 days 00:00:54.824000,0 days 01:05:26.765000,2932.2747222222206,2.0
2023-10-22 19:06:29.238,11165,270,7,100,False,1,car,0 days 00:00:55.064000,0 days 01:05:27.005000,2950.2747222222206,2.0
2023-10-22 19:06:29.398,11258,270,7,100,False,1,car,0 days 00:00:55.224000,0 days 01:05:27.165000,2962.27472222222,2.0
2023-10-22 19:06:29.758,11492,275,7,100,False,1,car,0 days 00:00:55.584000,0 days 01:05:27.525000,2989.7747222222206,2.0
2023-10-22 19:06:30.038,11535,278,7,100,False,1,car,0 days 00:00:55.864000,0 days 01:05:27.805000,3011.3969444444424,2.0
2023-10-22 19:06:30.358,10420,280,7,100,False,1,car,0 days 00:00:56.184000,0 days 01:05:28.125000,3036.285833333331,2.0
2023-10-22 19:06:30.558,10453,282,8,100,False,1,car,0 days 00:00:56.384000,0 days 01:05:28.325000,3051.952499999998,2.0
2023-10-22 19:06:30.718,10453,283,8,100,False,1,car,0 days 00:00:56.544000,0 days 01:05:28.485000,3064.5302777777756,2.0
2023-10-22 19:06:31.038,10543,287,8,100,False,1,car,0 days 00:00:56.864000,0 days 01:05:28.805000,3090.0413888888866,2.0
2023-10-22 19:06:31.439,10675,289,8,100,False,1,car,0 days 00:00:57.265000,0 days 01:05:29.206000,3122.232777777776,2.0
2023-10-22 19:06:31.679,10750,291,8,100,False,1,car,0 days 00:00:57.505000,0 days 01:05:29.446000,3141.632777777776,2.0
2023-10-22 19:06:32.119,10825,295,8,100,False,1,car,0 days 00:00:57.945000,0 days 01:05:29.886000,3177.6883333333312,2.0
2023-10-22 19:06:32.519,10923,297,8,100,False,1,car,0 days 00:00:58.345000,0 days 01:05:30.286000,3210.6883333333312,2.0
2023-10-22 19:06:32.679,10940,297,8,100,False,1,car,0 days 00:00:58.505000,0 days 01:05:30.446000,3223.8883333333315,2.0
2023-10-22 19:06:32.999,10900,298,8,100,False,1,car,0 days 00:00:58.825000,0 days 01:05:30.766000,3250.3772222222206,2.0
2023-10-22 19:06:33.239,10946,299,8,100,False,1,car,0 days 00:00:59.065000,0 days 01:05:31.006000,3270.3105555555535,2.0
2023-10-22 19:06:33.439,10987,298,8,100,False,1,car,0 days 00:00:59.265000,0 days 01:05:31.206000,3286.866111111109,2.0
2023-10-22 19:06:33.759,10992,299,8,100,False,1,car,0 days 00:00:59.585000,0 days 01:05:31.526000,3313.443888888887,2.0
2023-10-22 19:06:34.079,11038,299,8,100,False,1,car,0 days 00:00:59.905000,0 days 01:05:31.846000,3340.021666666665,2.0
2023-10-22 19:06:34.399,11038,300,8,100,False,1,car,0 days 00:01:00.225000,0 days 01:05:32.166000,3366.6883333333317,2.0
2023-10-22 19:06:34.639,11078,301,8,100,False,1,car,0 days 00:01:00.465000,0 days 01:05:32.406000,3386.7549999999983,2.0
2023-10-22 19:06:34.838,11083,301,8,100,False,1,car,0 days 00:01:00.664000,0 days 01:05:32.605000,3403.3936111111093,2.0
2023-10-22 19:06:35.198,11065,301,8,100,False,1,car,0 days 00:01:01.024000,0 days 01:05:32.965000,3433.493611111109,2.0
2023-10-22 19:06:35.558,11085,301,8,100,False,1,car,0 days 00:01:01.384000,0 days 01:05:33.325000,3463.593611111109,2.0
2023-10-22 19:06:35.758,11079,300,8,100,False,1,car,0 days 00:01:01.584000,0 days 01:05:33.525000,3480.260277777776,2.0
2023-10-22 19:06:36.238,11053,300,8,100,False,1,car,0 days 00:01:02.064000,0 days 01:05:34.005000,3520.2602777777756,2.0
2023-10-22 19:06:36.438,11057,301,8,100,False,1,car,0 days 00:01:02.264000,0 days 01:05:34.205000,3536.9824999999983,2.0
2023-10-22 19:06:36.638,10637,301,8,100,False,1,car,0 days 00:01:02.464000,0 days 01:05:34.405000,3553.70472222222,2.0
2023-10-22 19:06:36.878,10498,294,8,0,False,1,car,0 days 00:01:02.704000,0 days 01:05:34.645000,3573.3047222222203,2.0
2023-10-22 19:06:37.238,10415,285,8,0,False,1,car,0 days 00:01:03.064000,0 days 01:05:35.005000,3601.8047222222203,2.0
2023-10-22 19:06:37.518,10015,248,8,0,True,1,car,0 days 00:01:03.344000,0 days 01:05:35.285000,3621.093611111109,2.0
2023-10-22 19:06:37.678,9762,248,8,0,True,1,car,0 days 00:01:03.504000,0 days 01:05:35.445000,3632.115833333331,2.0
2023-10-22 19:06:37.999,9864,211,7,0,True,1,car,0 days 00:01:03.825000,0 days 01:05:35.766000,3650.929999999998,2.0
2023-10-22 19:06:38.199,9861,192,6,0,True,1,car,0 days 00:01:04.025000,0 days 01:05:35.966000,3661.596666666665,2.0
2023-10-22 19:06:38.519,9801,162,5,0,True,1,car,0 days 00:01:04.345000,0 days 01:05:36.286000,3675.9966666666646,2.0
2023-10-22 19:06:38.719,9056,148,4,0,True,1,car,0 days 00:01:04.545000,0 days 01:05:36.486000,3684.218888888887,2.0
2023-10-22 19:06:38.959,9710,137,4,0,True,1,car,0 days 00:01:04.785000,0 days 01:05:36.726000,3693.35222222222,2.0
2023-10-22 19:06:39.239,10292,121,3,0,True,1,car,0 days 00:01:05.065000,0 days 01:05:37.006000,3702.763333333331,2.0
2023-10-22 19:06:39.479,9196,115,2,0,True,1,car,0 days 00:01:05.305000,0 days 01:05:37.246000,3710.429999999998,2.0
2023-10-22 19:06:39.879,8170,100,2,0,True,1,car,0 days 00:01:05.705000,0 days 01:05:37.646000,3721.541111111109,2.0
2023-10-22 19:06:40.199,7302,93,2,0,True,1,car,0 days 00:01:06.025000,0 days 01:05:37.966000,3729.8077777777758,2.0
2023-10-22 19:06:40.479,6929,86,2,0,True,1,car,0 days 00:01:06.305000,0 days 01:05:38.246000,3736.4966666666646,2.0
2023-10-22 19:06:40.759,6597,80,2,0,False,1,car,0 days 00:01:06.585000,0 days 01:05:38.526000,3742.7188888888863,2.0
2023-10-22 19:06:40.919,6404,79,2,0,False,1,car,0 days 00:01:06.745000,0 days 01:05:38.686000,3746.2299999999977,2.0
2023-10-22 19:06:41.159,7016,77,2,14,False,1,car,0 days 00:01:06.985000,0 days 01:05:38.926000,3751.363333333331,2.0
2023-10-22 19:06:41.439,7302,78,2,36,False,1,car,0 days 00:01:07.265000,0 days 01:05:39.206000,3757.4299999999976,2.0
2023-10-22 19:06:41.638,7295,82,2,41,False,1,car,0 days 00:01:07.464000,0 days 01:05:39.405000,3761.9627777777755,2.0
2023-10-22 19:06:42.038,8326,93,2,51,False,1,car,0 days 00:01:07.864000,0 days 01:05:39.805000,3772.296111111109,2.0
2023-10-22 19:06:42.278,8924,99,2,55,False,1,car,0 days 00:01:08.104000,0 days 01:05:40.045000,3778.896111111109,2.0
2023-10-22 19:06:42.638,10210,114,2,71,False,1,car,0 days 00:01:08.464000,0 days 01:05:40.405000,3790.296111111109,2.0
2023-10-22 19:06:43.038,9775,130,2,83,False,1,car,0 days 00:01:08.864000,0 days 01:05:40.805000,3804.740555555554,2.0
2023-10-22 19:06:43.318,10902,144,3,100,False,1,car,0 days 00:01:09.144000,0 days 01:05:41.085000,3815.940555555554,2.0
2023-10-22 19:06:43.598,11665,155,3,100,False,1,car,0 days 00:01:09.424000,0 days 01:05:41.365000,3827.9961111111097,2.0
2023-10-22 19:06:43.918,10696,170,4,100,False,1,car,0 days 00:01:09.744000,0 days 01:05:41.685000,3843.1072222222206,2.0
2023-10-22 19:06:44.158,11165,176,4,100,False,1,car,0 days 00:01:09.984000,0 days 01:05:41.925000,3854.8405555555537,2.0
2023-10-22 19:06:44.359,11541,182,4,100,False,1,car,0 days 00:01:10.185000,0 days 01:05:42.126000,3865.0022222222206,2.0
2023-10-22 19:06:44.599,11190,186,4,0,False,1,car,0 days 00:01:10.425000,0 days 01:05:42.366000,3877.40222222222,2.0
2023-10-22 19:06:44.799,10582,185,4,0,True,1,car,0 days 00:01:10.625000,0 days 01:05:42.566000,3887.679999999998,2.0
2023-10-22 19:06:45.119,11120,160,4,0,True,1,car,0 days 00:01:10.945000,0 days 01:05:42.886000,3901.9022222222197,2.0
2023-10-22 19:06:45.479,9713,142,3,0,True,1,car,0 days 00:01:11.305000,0 days 01:05:43.246000,3916.1022222222205,2.0
2023-10-22 19:06:45.639,9277,130,3,0,True,1,car,0 days 00:01:11.465000,0 days 01:05:43.406000,3921.8799999999983,2.0
2023-10-22 19:06:45.959,8215,118,3,0,True,1,car,0 days 00:01:11.785000,0 days 01:05:43.726000,3932.368888888887,2.0
2023-10-22 19:06:46.159,7698,112,3,0,True,1,car,0 days 00:01:11.985000,0 days 01:05:43.926000,3938.591111111109,2.0
2023-10-22 19:06:46.319,7627,106,3,0,True,1,car,0 days 00:01:12.145000,0 days 01:05:44.086000,3943.3022222222203,2.0
2023-10-22 19:06:46.479,7176,105,3,0,True,1,car,0 days 00:01:12.305000,0 days 01:05:44.246000,3947.9688888888872,2.0
2023-10-22 19:06:46.759,6959,99,3,0,True,1,car,0 days 00:01:12.585000,0 days 01:05:44.526000,3955.668888888887,2.0
2023-10-22 19:06:47.039,6658,96,3,2,False,1,car,0 days 00:01:12.865000,0 days 01:05:44.806000,3963.1355555555538,2.0
2023-10-22 19:06:47.359,6557,91,3,6,False,1,car,0 days 00:01:13.185000,0 days 01:05:45.126000,3971.2244444444427,2.0
2023-10-22 19:06:47.639,6451,89,3,12,False,1,car,0 days 00:01:13.465000,0 days 01:05:45.406000,3978.146666666665,2.0
2023-10-22 19:06:47.799,6578,88,3,23,False,1,car,0 days 00:01:13.625000,0 days 01:05:45.566000,3982.057777777776,2.0
2023-10-22 19:06:48.079,6853,91,3,31,False,1,car,0 days 00:01:13.905000,0 days 01:05:45.846000,3989.135555555554,2.0
2023-10-22 19:06:48.358,7177,92,3,39,False,1,car,0 days 00:01:14.184000,0 days 01:05:46.125000,3996.2655555555543,2.0
2023-10-22 19:06:48.638,7563,99,3,43,False,1,car,0 days 00:01:14.464000,0 days 01:05:46.405000,4003.965555555554,2.0
2023-10-22 19:06:48.878,7927,103,3,48,False,1,car,0 days 00:01:14.704000,0 days 01:05:46.645000,4010.8322222222205,2.0
2023-10-22 19:06:49.038,8206,108,3,50,False,1,car,0 days 00:01:14.864000,0 days 01:05:46.805000,4015.6322222222207,2.0
2023-10-22 19:06:49.238,8555,113,3,51,False,1,car,0 days 00:01:15.064000,0 days 01:05:47.005000,4021.909999999998,2.0
2023-10-22 19:06:49.518,9027,121,3,55,False,1,car,0 days 00:01:15.344000,0 days 01:05:47.285000,4031.321111111109,2.0
2023-10-22 19:06:49.678,9431,123,3,60,False,1,car,0 days 00:01:15.504000,0 days 01:05:47.445000,4036.7877777777762,2.0
2023-10-22 19:06:49.878,9735,129,3,61,False,1,car,0 days 00:01:15.704000,0 days 01:05:47.645000,4043.9544444444423,2.0
2023-10-22 19:06:50.038,10404,135,3,72,False,1,car,0 days 00:01:15.864000,0 days 01:05:47.805000,4049.9544444444427,2.0
2023-10-22 19:06:50.278,9515,140,4,85,False,1,car,0 days 00:01:16.104000,0 days 01:05:48.045000,4059.287777777776,2.0
2023-10-22 19:06:50.638,10013,158,4,100,False,1,car,0 days 00:01:16.464000,0 days 01:05:48.405000,4075.087777777776,2.0
2023-10-22 19:06:50.959,10490,166,4,100,False,1,car,0 days 00:01:16.785000,0 days 01:05:48.726000,4089.8894444444427,2.0
2023-10-22 19:06:51.119,11120,172,4,99,False,1,car,0 days 00:01:16.945000,0 days 01:05:48.886000,4097.533888888887,2.0
2023-10-22 19:06:51.359,9968,178,4,100,False,1,car,0 days 00:01:17.185000,0 days 01:05:49.126000,4109.400555555554,2.0
2023-10-22 19:06:51.719,9589,189,5,7,False,1,car,0 days 00:01:17.545000,0 days 01:05:49.486000,4128.300555555554,2.0
2023-10-22 19:06:52.199,10039,176,5,0,True,1,car,0 days 00:01:18.025000,0 days 01:05:49.966000,4151.767222222221,2.0
2023-10-22 19:06:52.439,9516,154,5,0,True,1,car,0 days 00:01:18.265000,0 days 01:05:50.206000,4162.033888888887,2.0
2023-10-22 19:06:52.719,9934,143,3,0,True,1,car,0 days 00:01:18.545000,0 days 01:05:50.486000,4173.15611111111,2.0
2023-10-22 19:06:52.919,9273,132,3,0,True,1,car,0 days 00:01:18.745000,0 days 01:05:50.686000,4180.489444444443,2.0
2023-10-22 19:06:53.199,8420,124,3,0,True,1,car,0 days 00:01:19.025000,0 days 01:05:50.966000,4190.133888888887,2.0
2023-10-22 19:06:53.639,7645,106,3,0,True,1,car,0 days 00:01:19.465000,0 days 01:05:51.406000,4203.089444444442,2.0
2023-10-22 19:06:53.839,7017,101,3,0,True,1,car,0 days 00:01:19.665000,0 days 01:05:51.606000,4208.700555555553,2.0
2023-10-22 19:06:54.079,6642,96,3,0,True,1,car,0 days 00:01:19.905000,0 days 01:05:51.846000,4215.100555555553,2.0
2023-10-22 19:06:54.399,6142,90,3,0,True,1,car,0 days 00:01:20.225000,0 days 01:05:52.166000,4223.100555555553,2.0
2023-10-22 19:06:54.599,5934,87,3,0,False,1,car,0 days 00:01:20.425000,0 days 01:05:52.366000,4227.933888888886,2.0
2023-10-22 19:06:54.799,5903,84,3,0,False,1,car,0 days 00:01:20.625000,0 days 01:05:52.566000,4232.600555555553,2.0
2023-10-22 19:06:54.959,5728,82,3,0,False,1,car,0 days 00:01:20.785000,0 days 01:05:52.726000,4236.244999999997,2.0
2023-10-22 19:06:55.158,5615,81,3,0,False,1,car,0 days 00:01:20.984000,0 days 01:05:52.925000,4240.722499999997,2.0
2023-10-22 19:06:55.478,5612,77,3,9,False,1,car,0 days 00:01:21.304000,0 days 01:05:53.245000,4247.566944444442,2.0
2023-10-22 19:06:55.638,6016,79,3,28,False,1,car,0 days 00:01:21.464000,0 days 01:05:53.405000,4251.078055555553,2.0
2023-10-22 19:06:55.958,6368,83,3,34,False,1,car,0 days 00:01:21.784000,0 days 01:05:53.725000,4258.455833333331,2.0
2023-10-22 19:06:56.158,6649,87,3,39,False,1,car,0 days 00:01:21.984000,0 days 01:05:53.925000,4263.289166666664,2.0
2023-10-22 19:06:56.358,6955,91,3,43,False,1,car,0 days 00:01:22.184000,0 days 01:05:54.125000,4268.344722222219,2.0
2023-10-22 19:06:56.678,7634,98,3,54,False,1,car,0 days 00:01:22.504000,0 days 01:05:54.445000,4277.055833333331,2.0
2023-10-22 19:06:56.918,8162,107,3,56,False,1,car,0 days 00:01:22.744000,0 days 01:05:54.685000,4284.189166666664,2.0
2023-10-22 19:06:57.238,8829,118,3,65,False,1,car,0 days 00:01:23.064000,0 days 01:05:55.005000,4294.678055555553,2.0
2023-10-22 19:06:57.479,9684,124,3,77,False,1,car,0 days 00:01:23.305000,0 days 01:05:55.246000,4302.979166666665,2.0
2023-10-22 19:06:57.639,9798,133,3,77,False,1,car,0 days 00:01:23.465000,0 days 01:05:55.406000,4308.890277777776,2.0
2023-10-22 19:06:57.799,10676,137,3,95,False,1,car,0 days 00:01:23.625000,0 days 01:05:55.566000,4314.979166666664,2.0
2023-10-22 19:06:58.039,10694,152,3,100,False,1,car,0 days 00:01:23.865000,0 days 01:05:55.806000,4325.112499999997,2.0
2023-10-22 19:06:58.239,9945,156,4,99,False,1,car,0 days 00:01:24.065000,0 days 01:05:56.006000,4333.779166666664,2.0
2023-10-22 19:06:58.559,10920,169,4,100,False,1,car,0 days 00:01:24.385000,0 days 01:05:56.326000,4348.801388888887,2.0
2023-10-22 19:06:58.799,11489,177,4,100,False,1,car,0 days 00:01:24.625000,0 days 01:05:56.566000,4360.601388888887,2.0
2023-10-22 19:06:59.119,10507,194,4,100,False,1,car,0 days 00:01:24.945000,0 days 01:05:56.886000,4377.845833333332,2.0
2023-10-22 19:06:59.439,11079,203,5,100,False,1,car,0 days 00:01:25.265000,0 days 01:05:57.206000,4395.890277777777,2.0
2023-10-22 19:06:59.759,11428,210,5,99,False,1,car,0 days 00:01:25.585000,0 days 01:05:57.526000,4414.556944444443,2.0
2023-10-22 19:07:00.159,10369,215,5,100,False,1,car,0 days 00:01:25.985000,0 days 01:05:57.926000,4438.445833333332,2.0
2023-10-22 19:07:00.559,10320,219,6,77,False,1,car,0 days 00:01:26.385000,0 days 01:05:58.326000,4462.779166666666,2.0
2023-10-22 19:07:00.839,10506,220,6,59,False,1,car,0 days 00:01:26.665000,0 days 01:05:58.606000,4479.890277777778,2.0
2023-10-22 19:07:01.159,10297,218,6,51,False,1,car,0 days 00:01:26.985000,0 days 01:05:58.926000,4499.268055555555,2.0
2023-10-22 19:07:01.439,10482,220,6,76,False,1,car,0 days 00:01:27.265000,0 days 01:05:59.206000,4516.379166666667,2.0
2023-10-22 19:07:01.838,10474,221,6,59,False,1,car,0 days 00:01:27.664000,0 days 01:05:59.605000,4540.873333333333,2.0
2023-10-22 19:07:02.038,10409,221,6,61,False,1,car,0 days 00:01:27.864000,0 days 01:05:59.805000,4553.151111111111,2.0
2023-10-22 19:07:02.478,10784,222,6,79,False,1,car,0 days 00:01:28.304000,0 days 01:06:00.245000,4580.2844444444445,2.0
2023-10-22 19:07:02.638,10696,225,6,81,False,1,car,0 days 00:01:28.464000,0 days 01:06:00.405000,4590.2844444444445,2.0
2023-10-22 19:07:02.798,10815,225,6,89,False,1,car,0 days 00:01:28.624000,0 days 01:06:00.565000,4600.2844444444445,2.0
2023-10-22 19:07:03.038,11009,231,6,100,False,1,car,0 days 00:01:28.864000,0 days 01:06:00.805000,4615.684444444445,2.0
2023-10-22 19:07:03.238,11151,233,6,100,False,1,car,0 days 00:01:29.064000,0 days 01:06:01.005000,4628.6288888888885,2.0
2023-10-22 19:07:03.518,11296,238,6,100,False,1,car,0 days 00:01:29.344000,0 days 01:06:01.285000,4647.139999999999,2.0
2023-10-22 19:07:03.718,11431,240,6,100,False,1,car,0 days 00:01:29.544000,0 days 01:06:01.485000,4660.473333333333,2.0
2023-10-22 19:07:03.918,11431,242,6,100,False,1,car,0 days 00:01:29.744000,0 days 01:06:01.685000,4673.917777777778,2.0
2023-10-22 19:07:04.159,11548,244,6,100,False,1,car,0 days 00:01:29.985000,0 days 01:06:01.926000,4690.252222222222,2.0
2023-10-22 19:07:04.399,11339,245,6,100,False,1,car,0 days 00:01:30.225000,0 days 01:06:02.166000,4706.585555555555,2.0
2023-10-22 19:07:04.559,10263,246,6,100,False,1,car,0 days 00:01:30.385000,0 days 01:06:02.326000,4717.51888888889,2.0
2023-10-22 19:07:04.799,10362,246,7,100,False,1,car,0 days 00:01:30.625000,0 days 01:06:02.566000,4733.918888888889,2.0
2023-10-22 19:07:05.159,10250,251,7,100,False,1,car,0 days 00:01:30.985000,0 days 01:06:02.926000,4759.01888888889,2.0
2023-10-22 19:07:05.439,10541,252,7,100,False,1,car,0 days 00:01:31.265000,0 days 01:06:03.206000,4778.61888888889,2.0
2023-10-22 19:07:05.639,10609,254,7,99,False,1,car,0 days 00:01:31.465000,0 days 01:06:03.406000,4792.730000000001,2.0
2023-10-22 19:07:05.839,10625,254,7,100,False,1,car,0 days 00:01:31.665000,0 days 01:06:03.606000,4806.841111111113,2.0
2023-10-22 19:07:06.199,10700,257,7,100,False,1,car,0 days 00:01:32.025000,0 days 01:06:03.966000,4832.5411111111125,2.0
2023-10-22 19:07:06.599,10808,259,7,100,False,1,car,0 days 00:01:32.425000,0 days 01:06:04.366000,4861.31888888889,2.0
2023-10-22 19:07:06.799,10781,260,7,100,False,1,car,0 days 00:01:32.625000,0 days 01:06:04.566000,4875.763333333334,2.0
2023-10-22 19:07:06.999,10661,259,7,0,True,1,car,0 days 00:01:32.825000,0 days 01:06:04.766000,4890.152222222223,2.0
2023-10-22 19:07:07.239,9338,237,7,0,True,1,car,0 days 00:01:33.065000,0 days 01:06:05.006000,4905.952222222222,2.0
2023-10-22 19:07:07.399,10108,229,7,0,True,1,car,0 days 00:01:33.225000,0 days 01:06:05.166000,4916.13,2.0
2023-10-22 19:07:07.839,9162,200,6,0,True,1,car,0 days 00:01:33.665000,0 days 01:06:05.606000,4940.574444444445,2.0
2023-10-22 19:07:08.239,9648,184,5,0,True,1,car,0 days 00:01:34.065000,0 days 01:06:06.006000,4961.01888888889,2.0
2023-10-22 19:07:08.518,9436,176,5,8,True,1,car,0 days 00:01:34.344000,0 days 01:06:06.285000,4974.658888888889,2.0
2023-10-22 19:07:08.718,9140,172,5,0,True,1,car,0 days 00:01:34.544000,0 days 01:06:06.485000,4984.214444444445,2.0
2023-10-22 19:07:08.918,9072,168,5,23,False,1,car,0 days 00:01:34.744000,0 days 01:06:06.685000,4993.547777777778,2.0
2023-10-22 19:07:09.118,8871,166,5,35,False,1,car,0 days 00:01:34.944000,0 days 01:06:06.885000,5002.77,2.0
2023-10-22 19:07:09.478,9366,166,5,59,False,1,car,0 days 00:01:35.304000,0 days 01:06:07.245000,5019.370000000001,2.0
2023-10-22 19:07:09.758,9757,174,5,89,False,1,car,0 days 00:01:35.584000,0 days 01:06:07.525000,5032.903333333335,2.0
2023-10-22 19:07:09.918,9898,180,5,100,False,1,car,0 days 00:01:35.744000,0 days 01:06:07.685000,5040.903333333335,2.0
2023-10-22 19:07:10.198,10334,188,5,100,False,1,car,0 days 00:01:36.024000,0 days 01:06:07.965000,5055.525555555557,2.0
2023-10-22 19:07:10.398,10723,193,5,100,False,1,car,0 days 00:01:36.224000,0 days 01:06:08.165000,5066.247777777779,2.0
2023-10-22 19:07:10.558,10942,200,5,100,False,1,car,0 days 00:01:36.384000,0 days 01:06:08.325000,5075.136666666668,2.0
2023-10-22 19:07:10.759,11180,206,5,100,False,1,car,0 days 00:01:36.585000,0 days 01:06:08.526000,5086.638333333334,2.0
2023-10-22 19:07:11.039,11371,212,5,100,False,1,car,0 days 00:01:36.865000,0 days 01:06:08.806000,5103.127222222223,2.0
2023-10-22 19:07:11.319,10312,217,5,100,False,1,car,0 days 00:01:37.145000,0 days 01:06:09.086000,5120.005000000001,2.0
2023-10-22 19:07:11.479,10484,219,6,100,False,1,car,0 days 00:01:37.305000,0 days 01:06:09.246000,5129.738333333335,2.0
2023-10-22 19:07:11.879,10761,225,6,100,False,1,car,0 days 00:01:37.705000,0 days 01:06:09.646000,5154.738333333334,2.0
2023-10-22 19:07:12.199,10975,231,6,100,False,1,car,0 days 00:01:38.025000,0 days 01:06:09.966000,5175.271666666667,2.0
2023-10-22 19:07:12.479,9969,225,6,0,True,1,car,0 days 00:01:38.305000,0 days 01:06:10.246000,5192.771666666667,2.0
2023-10-22 19:07:12.639,10288,204,6,0,True,1,car,0 days 00:01:38.465000,0 days 01:06:10.406000,5201.838333333334,2.0
2023-10-22 19:07:12.839,10800,184,5,0,True,1,car,0 days 00:01:38.665000,0 days 01:06:10.606000,5212.060555555557,2.0
2023-10-22 19:07:13.159,10325,159,5,0,True,1,car,0 days 00:01:38.985000,0 days 01:06:10.926000,5226.19388888889,2.0
2023-10-22 19:07:13.479,9368,136,3,0,True,1,car,0 days 00:01:39.305000,0 days 01:06:11.246000,5238.282777777779,2.0
2023-10-22 19:07:13.719,8297,118,3,0,True,1,car,0 days 00:01:39.545000,0 days 01:06:11.486000,5246.149444444446,2.0
2023-10-22 19:07:13.879,7628,113,3,0,True,1,car,0 days 00:01:39.705000,0 days 01:06:11.646000,5251.171666666668,2.0
2023-10-22 19:07:14.159,7266,102,3,0,True,1,car,0 days 00:01:39.985000,0 days 01:06:11.926000,5259.105000000001,2.0
2023-10-22 19:07:14.639,6254,90,3,0,True,1,car,0 days 00:01:40.465000,0 days 01:06:12.406000,5271.105000000001,2.0
2023-10-22 19:07:14.799,5881,88,3,0,False,1,car,0 days 00:01:40.625000,0 days 01:06:12.566000,5275.016111111112,2.0
2023-10-22 19:07:15.079,6269,84,3,12,False,1,car,0 days 00:01:40.905000,0 days 01:06:12.846000,5281.549444444446,2.0
2023-10-22 19:07:15.398,6270,82,3,27,False,1,car,0 days 00:01:41.224000,0 days 01:06:13.165000,5288.815555555557,2.0
2023-10-22 19:07:15.558,6330,84,3,30,False,1,car,0 days 00:01:41.384000,0 days 01:06:13.325000,5292.54888888889,2.0
2023-10-22 19:07:15.798,6637,87,3,37,False,1,car,0 days 00:01:41.624000,0 days 01:06:13.565000,5298.3488888888905,2.0
2023-10-22 19:07:16.038,7006,92,3,40,False,1,car,0 days 00:01:41.864000,0 days 01:06:13.805000,5304.482222222224,2.0
2023-10-22 19:07:16.278,7824,97,3,46,False,1,car,0 days 00:01:42.104000,0 days 01:06:14.045000,5310.94888888889,2.0
2023-10-22 19:07:16.718,8502,109,3,62,False,1,car,0 days 00:01:42.544000,0 days 01:06:14.485000,5324.271111111112,2.0
2023-10-22 19:07:16.878,8711,112,3,71,False,1,car,0 days 00:01:42.704000,0 days 01:06:14.645000,5329.24888888889,2.0
2023-10-22 19:07:17.199,9866,124,3,75,False,1,car,0 days 00:01:43.025000,0 days 01:06:14.966000,5340.3055555555575,2.0
2023-10-22 19:07:17.559,10750,142,3,100,False,1,car,0 days 00:01:43.385000,0 days 01:06:15.326000,5354.505555555557,2.0
2023-10-22 19:07:17.879,10623,156,3,100,False,1,car,0 days 00:01:43.705000,0 days 01:06:15.646000,5368.372222222224,2.0
2023-10-22 19:07:18.159,10894,167,4,100,False,1,car,0 days 00:01:43.985000,0 days 01:06:15.926000,5381.361111111113,2.0
2023-10-22 19:07:18.599,11318,182,4,100,False,1,car,0 days 00:01:44.425000,0 days 01:06:16.366000,5403.605555555558,2.0
2023-10-22 19:07:18.759,10564,189,4,100,False,1,car,0 days 00:01:44.585000,0 days 01:06:16.526000,5412.005555555557,2.0
2023-10-22 19:07:18.999,10690,195,5,100,False,1,car,0 days 00:01:44.825000,0 days 01:06:16.766000,5425.005555555558,2.0
2023-10-22 19:07:19.319,11125,206,5,100,False,1,car,0 days 00:01:45.145000,0 days 01:06:17.086000,5443.316666666669,2.0
2023-10-22 19:07:19.879,10463,219,6,100,False,1,car,0 days 00:00:00.281000,0 days 01:06:17.646000,17.094166666666666,3.0
2023-10-22 19:07:20.159,10702,226,6,100,False,1,car,0 days 00:00:00.561000,0 days 01:06:17.926000,34.67194444444445,3.0
2023-10-22 19:07:20.439,10998,232,6,99,False,1,car,0 days 00:00:00.841000,0 days 01:06:18.206000,52.716388888888886,3.0
2023-10-22 19:07:20.679,11268,236,6,100,False,1,car,0 days 00:00:01.081000,0 days 01:06:18.446000,68.44972222222222,3.0
2023-10-22 19:07:20.919,11408,241,6,100,False,1,car,0 days 00:00:01.321000,0 days 01:06:18.686000,84.51638888888888,3.0
2023-10-22 19:07:21.319,11144,248,6,100,False,1,car,0 days 00:00:01.721000,0 days 01:06:19.086000,112.07194444444445,3.0
2023-10-22 19:07:21.599,10508,251,7,100,False,1,car,0 days 00:00:02.001000,0 days 01:06:19.366000,131.59416666666667,3.0
2023-10-22 19:07:21.958,10648,256,7,100,False,1,car,0 days 00:00:02.360000,0 days 01:06:19.725000,157.12305555555557,3.0
2023-10-22 19:07:22.278,10858,261,7,100,False,1,car,0 days 00:00:02.680000,0 days 01:06:20.045000,180.32305555555558,3.0
2023-10-22 19:07:22.638,11061,265,7,100,False,1,car,0 days 00:00:03.040000,0 days 01:06:20.405000,206.82305555555558,3.0
2023-10-22 19:07:22.798,11099,265,7,100,False,1,car,0 days 00:00:03.200000,0 days 01:06:20.565000,218.60083333333338,3.0
2023-10-22 19:07:23.198,11337,272,7,100,False,0,car,0 days 00:00:03.600000,0 days 01:06:20.965000,248.8230555555556,3.0
2023-10-22 19:07:23.438,11393,275,7,100,False,0,car,0 days 00:00:03.840000,0 days 01:06:21.205000,267.15638888888896,3.0
2023-10-22 19:07:23.598,11438,275,7,100,False,0,car,0 days 00:00:04,0 days 01:06:21.365000,279.3786111111112,3.0
2023-10-22 19:07:23.879,11573,278,7,100,False,0,car,0 days 00:00:04.281000,0 days 01:06:21.646000,301.0780555555556,3.0
2023-10-22 19:07:24.239,11038,280,7,100,False,0,car,0 days 00:00:04.641000,0 days 01:06:22.006000,329.0780555555556,3.0
2023-10-22 19:07:24.639,10505,283,8,100,False,0,car,0 days 00:00:05.041000,0 days 01:06:22.406000,360.52250000000004,3.0
2023-10-22 19:07:24.799,10385,283,8,100,False,0,car,0 days 00:00:05.201000,0 days 01:06:22.566000,373.10027777777776,3.0
2023-10-22 19:07:24.959,10438,284,8,100,False,0,car,0 days 00:00:05.361000,0 days 01:06:22.726000,385.72249999999997,3.0
2023-10-22 19:07:25.319,10424,283,8,100,False,0,car,0 days 00:00:05.721000,0 days 01:06:23.086000,414.0225,3.0
2023-10-22 19:07:25.559,10448,283,8,100,False,0,car,0 days 00:00:05.961000,0 days 01:06:23.326000,432.88916666666665,3.0
2023-10-22 19:07:25.879,10422,283,8,100,False,0,car,0 days 00:00:06.281000,0 days 01:06:23.646000,458.04472222222216,3.0
2023-10-22 19:07:26.079,10672,283,8,100,False,0,car,0 days 00:00:06.481000,0 days 01:06:23.846000,473.7669444444444,3.0
2023-10-22 19:07:26.519,10542,269,8,0,True,0,car,0 days 00:00:06.921000,0 days 01:06:24.286000,506.6447222222222,3.0
2023-10-22 19:07:26.919,9492,225,8,0,True,0,car,0 days 00:00:07.321000,0 days 01:06:24.686000,531.6447222222222,3.0
2023-10-22 19:07:27.079,9332,225,7,0,True,0,car,0 days 00:00:07.481000,0 days 01:06:24.846000,541.6447222222222,3.0
2023-10-22 19:07:27.359,10408,181,7,0,True,0,car,0 days 00:00:07.761000,0 days 01:06:25.126000,555.7225,3.0
2023-10-22 19:07:27.639,9413,161,7,0,True,0,car,0 days 00:00:08.041000,0 days 01:06:25.406000,568.2447222222222,3.0
2023-10-22 19:07:27.959,9865,140,4,0,True,0,car,0 days 00:00:08.361000,0 days 01:06:25.726000,580.6891666666667,3.0
2023-10-22 19:07:28.119,10260,128,4,0,True,0,car,0 days 00:00:08.521000,0 days 01:06:25.886000,586.3780555555555,3.0
2023-10-22 19:07:28.519,8935,114,2,0,True,0,car,0 days 00:00:08.921000,0 days 01:06:26.286000,599.0447222222222,3.0
2023-10-22 19:07:28.758,8367,101,2,0,True,0,car,0 days 00:00:09.160000,0 days 01:06:26.525000,605.75,3.0
2023-10-22 19:07:28.998,8087,95,2,0,True,0,car,0 days 00:00:09.400000,0 days 01:06:26.765000,612.0833333333334,3.0
2023-10-22 19:07:29.198,7164,90,2,0,True,0,car,0 days 00:00:09.600000,0 days 01:06:26.965000,617.0833333333334,3.0
2023-10-22 19:07:29.558,6910,81,2,0,True,0,car,0 days 00:00:09.960000,0 days 01:06:27.325000,625.1833333333334,3.0
2023-10-22 19:07:29.998,5969,75,2,0,False,0,car,0 days 00:00:10.400000,0 days 01:06:27.765000,634.35,3.0
2023-10-22 19:07:30.359,6295,69,2,12,False,0,car,0 days 00:00:10.761000,0 days 01:06:28.126000,641.2691666666667,3.0
2023-10-22 19:07:30.519,6443,70,2,24,False,0,car,0 days 00:00:10.921000,0 days 01:06:28.286000,644.3802777777778,3.0
2023-10-22 19:07:30.679,5951,71,2,21,False,0,car,0 days 00:00:11.081000,0 days 01:06:28.446000,647.5358333333334,3.0
2023-10-22 19:07:30.999,6836,76,2,40,False,0,car,0 days 00:00:11.401000,0 days 01:06:28.766000,654.291388888889,3.0
2023-10-22 19:07:31.239,7520,82,2,40,False,0,car,0 days 00:00:11.641000,0 days 01:06:29.006000,659.7580555555556,3.0
2023-10-22 19:07:31.399,7800,85,2,44,False,0,car,0 days 00:00:11.801000,0 days 01:06:29.166000,663.5358333333335,3.0
2023-10-22 19:07:31.639,8288,93,2,46,False,0,car,0 days 00:00:12.041000,0 days 01:06:29.406000,669.7358333333335,3.0
2023-10-22 19:07:31.879,8842,99,2,51,False,0,car,0 days 00:00:12.281000,0 days 01:06:29.646000,676.3358333333335,3.0
2023-10-22 19:07:32.119,9984,106,2,55,False,0,car,0 days 00:00:12.521000,0 days 01:06:29.886000,683.4025000000003,3.0
2023-10-22 19:07:32.479,10333,119,2,67,False,0,car,0 days 00:00:12.881000,0 days 01:06:30.246000,695.3025000000002,3.0
2023-10-22 19:07:32.679,9869,125,2,69,False,0,car,0 days 00:00:13.081000,0 days 01:06:30.446000,702.2469444444447,3.0
2023-10-22 19:07:33.039,10421,143,3,76,False,0,car,0 days 00:00:13.441000,0 days 01:06:30.806000,716.5469444444448,3.0
2023-10-22 19:07:33.199,11340,148,3,99,False,0,car,0 days 00:00:13.601000,0 days 01:06:30.966000,723.1247222222225,3.0
2023-10-22 19:07:33.439,11200,161,3,99,False,0,car,0 days 00:00:13.841000,0 days 01:06:31.206000,733.8580555555558,3.0
2023-10-22 19:07:33.639,11200,166,4,99,False,0,car,0 days 00:00:14.041000,0 days 01:06:31.406000,743.0802777777781,3.0
2023-10-22 19:07:33.959,11183,178,4,99,False,0,car,0 days 00:00:14.361000,0 days 01:06:31.726000,758.9025000000003,3.0
2023-10-22 19:07:34.119,10763,191,4,99,False,0,car,0 days 00:00:14.521000,0 days 01:06:31.886000,767.3913888888892,3.0
2023-10-22 19:07:34.399,11000,199,5,99,False,0,car,0 days 00:00:14.801000,0 days 01:06:32.166000,782.869166666667,3.0
2023-10-22 19:07:34.599,11288,202,5,100,False,0,car,0 days 00:00:15.001000,0 days 01:06:32.366000,794.0913888888891,3.0
2023-10-22 19:07:34.919,10451,212,5,97,False,0,car,0 days 00:00:15.321000,0 days 01:06:32.686000,812.9358333333336,3.0
2023-10-22 19:07:35.159,10251,218,6,85,False,0,car,0 days 00:00:15.561000,0 days 01:06:32.926000,827.4691666666669,3.0
2023-10-22 19:07:35.319,10679,218,6,76,False,0,car,0 days 00:00:15.721000,0 days 01:06:33.086000,837.1580555555557,3.0
2023-10-22 19:07:35.598,10918,228,6,100,False,0,car,0 days 00:00:16,0 days 01:06:33.365000,854.8280555555557,3.0
2023-10-22 19:07:35.918,11108,235,6,99,False,0,car,0 days 00:00:16.320000,0 days 01:06:33.685000,875.7169444444446,3.0
2023-10-22 19:07:36.158,11281,238,6,99,False,0,car,0 days 00:00:16.560000,0 days 01:06:33.925000,891.5836111111112,3.0
2023-10-22 19:07:36.438,11530,241,6,100,False,0,car,0 days 00:00:16.840000,0 days 01:06:34.205000,910.3280555555557,3.0
2023-10-22 19:07:36.798,11700,246,6,100,False,0,car,0 days 00:00:17.200000,0 days 01:06:34.565000,934.9280555555556,3.0
2023-10-22 19:07:37.039,11848,250,6,99,False,0,car,0 days 00:00:17.441000,0 days 01:06:34.806000,951.6641666666667,3.0
2023-10-22 19:07:37.479,12155,255,6,100,False,0,car,0 days 00:00:17.881000,0 days 01:06:35.246000,982.8308333333334,3.0
2023-10-22 19:07:37.719,12186,258,6,100,False,0,car,0 days 00:00:18.121000,0 days 01:06:35.486000,1000.0308333333334,3.0
2023-10-22 19:07:37.999,12220,259,6,100,False,0,car,0 days 00:00:18.401000,0 days 01:06:35.766000,1020.1752777777779,3.0
2023-10-22 19:07:38.279,12220,261,6,100,False,0,car,0 days 00:00:18.681000,0 days 01:06:36.046000,1040.475277777778,3.0
2023-10-22 19:07:38.519,11100,264,7,100,False,0,car,0 days 00:00:18.921000,0 days 01:06:36.286000,1058.075277777778,3.0
2023-10-22 19:07:38.719,10993,265,7,100,False,0,car,0 days 00:00:19.121000,0 days 01:06:36.486000,1072.7975000000001,3.0
2023-10-22 19:07:39.119,11105,267,7,100,False,0,car,0 days 00:00:19.521000,0 days 01:06:36.886000,1102.4641666666669,3.0
2023-10-22 19:07:39.479,11168,269,7,78,False,0,car,0 days 00:00:19.881000,0 days 01:06:37.246000,1129.3641666666667,3.0
2023-10-22 19:07:39.639,11031,269,7,54,False,0,car,0 days 00:00:20.041000,0 days 01:06:37.406000,1141.3197222222223,3.0
2023-10-22 19:07:40.119,10831,261,7,57,False,0,car,0 days 00:00:20.521000,0 days 01:06:37.886000,1176.1197222222222,3.0
2023-10-22 19:07:40.319,10411,260,7,16,True,0,car,0 days 00:00:20.721000,0 days 01:06:38.086000,1190.5641666666666,3.0
2023-10-22 19:07:40.559,10085,251,7,0,True,0,car,0 days 00:00:20.961000,0 days 01:06:38.326000,1207.2974999999997,3.0
2023-10-22 19:07:40.879,9866,240,7,42,False,0,car,0 days 00:00:21.281000,0 days 01:06:38.646000,1228.630833333333,3.0
2023-10-22 19:07:41.119,9936,238,7,46,False,0,car,0 days 00:00:21.521000,0 days 01:06:38.886000,1244.4974999999997,3.0
2023-10-22 19:07:41.319,9899,237,7,67,False,0,car,0 days 00:00:21.721000,0 days 01:06:39.086000,1257.6641666666662,3.0
2023-10-22 19:07:41.559,9971,238,7,88,False,0,car,0 days 00:00:21.961000,0 days 01:06:39.326000,1273.5308333333328,3.0
2023-10-22 19:07:41.919,10695,231,7,0,True,0,car,0 days 00:00:22.321000,0 days 01:06:39.686000,1296.630833333333,3.0
2023-10-22 19:07:42.158,10345,223,6,6,True,0,car,0 days 00:00:22.560000,0 days 01:06:39.925000,1311.435555555555,3.0
2023-10-22 19:07:42.358,10142,219,6,14,False,0,car,0 days 00:00:22.760000,0 days 01:06:40.125000,1323.6022222222218,3.0
2023-10-22 19:07:42.598,10118,214,6,41,False,0,car,0 days 00:00:23,0 days 01:06:40.365000,1337.8688888888885,3.0
2023-10-22 19:07:42.758,10139,212,6,50,False,0,car,0 days 00:00:23.160000,0 days 01:06:40.525000,1347.2911111111107,3.0
2023-10-22 19:07:43.038,10206,212,6,65,False,0,car,0 days 00:00:23.440000,0 days 01:06:40.805000,1363.7799999999997,3.0
2023-10-22 19:07:43.198,10391,214,6,82,False,0,car,0 days 00:00:23.600000,0 days 01:06:40.965000,1373.291111111111,3.0
2023-10-22 19:07:43.438,10490,217,6,88,False,0,car,0 days 00:00:23.840000,0 days 01:06:41.205000,1387.7577777777774,3.0
2023-10-22 19:07:43.679,9746,223,6,22,True,0,car,0 days 00:00:24.081000,0 days 01:06:41.446000,1402.6863888888886,3.0
2023-10-22 19:07:43.999,9801,214,6,12,True,0,car,0 days 00:00:24.401000,0 days 01:06:41.766000,1421.7086111111107,3.0
2023-10-22 19:07:44.239,10264,207,6,0,True,0,car,0 days 00:00:24.641000,0 days 01:06:42.006000,1435.5086111111107,3.0
2023-10-22 19:07:44.439,10618,202,6,0,False,0,car,0 days 00:00:24.841000,0 days 01:06:42.206000,1446.730833333333,3.0
2023-10-22 19:07:44.639,10416,196,5,6,False,0,car,0 days 00:00:25.041000,0 days 01:06:42.406000,1457.619722222222,3.0
2023-10-22 19:07:44.879,10124,193,5,0,False,0,car,0 days 00:00:25.281000,0 days 01:06:42.646000,1470.4863888888885,3.0
2023-10-22 19:07:45.119,10058,187,5,12,False,0,car,0 days 00:00:25.521000,0 days 01:06:42.886000,1482.9530555555552,3.0
2023-10-22 19:07:45.439,9607,180,5,13,False,0,car,0 days 00:00:25.841000,0 days 01:06:43.206000,1498.9530555555552,3.0
2023-10-22 19:07:45.599,9603,178,5,48,False,0,car,0 days 00:00:26.001000,0 days 01:06:43.366000,1506.8641666666663,3.0
2023-10-22 19:07:45.839,9823,178,5,59,False,0,car,0 days 00:00:26.241000,0 days 01:06:43.606000,1518.7308333333328,3.0
2023-10-22 19:07:45.999,9826,180,5,58,False,0,car,0 days 00:00:26.401000,0 days 01:06:43.766000,1526.7308333333328,3.0
2023-10-22 19:07:46.319,9799,182,5,57,False,0,car,0 days 00:00:26.721000,0 days 01:06:44.086000,1542.9086111111105,3.0
2023-10-22 19:07:46.479,10180,183,5,64,False,0,car,0 days 00:00:26.881000,0 days 01:06:44.246000,1551.041944444444,3.0
2023-10-22 19:07:46.999,10637,192,5,100,False,0,car,0 days 00:00:27.401000,0 days 01:06:44.766000,1578.7752777777773,3.0
2023-10-22 19:07:47.319,10984,199,5,100,False,0,car,0 days 00:00:27.721000,0 days 01:06:45.086000,1596.4641666666662,3.0
2023-10-22 19:07:47.479,11038,201,5,100,False,0,car,0 days 00:00:27.881000,0 days 01:06:45.246000,1605.3974999999996,3.0
2023-10-22 19:07:47.679,11049,204,5,100,False,0,car,0 days 00:00:28.081000,0 days 01:06:45.446000,1616.7308333333328,3.0
2023-10-22 19:07:47.919,10269,206,5,0,True,0,car,0 days 00:00:28.321000,0 days 01:06:45.686000,1630.4641666666662,3.0
2023-10-22 19:07:48.159,10142,191,5,0,True,0,car,0 days 00:00:28.561000,0 days 01:06:45.926000,1643.1974999999995,3.0
2023-10-22 19:07:48.399,11030,185,5,1,True,0,car,0 days 00:00:28.801000,0 days 01:06:46.166000,1655.5308333333328,3.0
2023-10-22 19:07:48.559,10883,179,4,3,True,0,car,0 days 00:00:28.961000,0 days 01:06:46.326000,1663.4863888888883,3.0
2023-10-22 19:07:48.759,10624,173,4,0,True,0,car,0 days 00:00:29.161000,0 days 01:06:46.526000,1673.0974999999996,3.0
2023-10-22 19:07:49.078,10215,169,4,22,False,0,car,0 days 00:00:29.480000,0 days 01:06:46.845000,1688.0727777777774,3.0
2023-10-22 19:07:49.238,10291,165,4,29,False,0,car,0 days 00:00:29.640000,0 days 01:06:47.005000,1695.4061111111107,3.0
2023-10-22 19:07:49.398,10571,162,4,51,False,0,car,0 days 00:00:29.800000,0 days 01:06:47.165000,1702.6061111111107,3.0
2023-10-22 19:07:49.558,10296,164,4,55,False,0,car,0 days 00:00:29.960000,0 days 01:06:47.325000,1709.8949999999998,3.0
2023-10-22 19:07:49.838,10536,167,4,64,False,0,car,0 days 00:00:30.240000,0 days 01:06:47.605000,1722.8838888888886,3.0
2023-10-22 19:07:50.079,10996,173,4,99,False,0,car,0 days 00:00:30.481000,0 days 01:06:47.846000,1734.4652777777776,3.0
2023-10-22 19:07:50.439,10939,183,4,99,False,0,car,0 days 00:00:30.841000,0 days 01:06:48.206000,1752.7652777777776,3.0
2023-10-22 19:07:50.599,10103,185,5,99,False,0,car,0 days 00:00:31.001000,0 days 01:06:48.366000,1760.9874999999997,3.0
2023-10-22 19:07:50.759,10103,188,5,99,True,0,car,0 days 00:00:31.161000,0 days 01:06:48.526000,1769.3430555555553,3.0
2023-10-22 19:07:50.959,10629,177,5,0,True,0,car,0 days 00:00:31.361000,0 days 01:06:48.726000,1779.1763888888886,3.0
2023-10-22 19:07:51.279,10731,158,5,0,True,0,car,0 days 00:00:31.681000,0 days 01:06:49.046000,1793.220833333333,3.0
2023-10-22 19:07:51.559,10237,146,3,3,True,0,car,0 days 00:00:31.961000,0 days 01:06:49.326000,1804.5763888888885,3.0
2023-10-22 19:07:51.839,9931,139,3,0,True,0,car,0 days 00:00:32.241000,0 days 01:06:49.606000,1815.3874999999996,3.0
2023-10-22 19:07:52.119,9561,135,3,18,False,0,car,0 days 00:00:32.521000,0 days 01:06:49.886000,1825.8874999999996,3.0
2023-10-22 19:07:52.359,9766,132,3,27,False,0,car,0 days 00:00:32.761000,0 days 01:06:50.126000,1834.6874999999998,3.0
2023-10-22 19:07:52.519,9574,132,3,27,False,0,car,0 days 00:00:32.921000,0 days 01:06:50.286000,1840.5541666666663,3.0
2023-10-22 19:07:52.719,8454,130,3,9,False,0,car,0 days 00:00:33.121000,0 days 01:06:50.486000,1847.7763888888887,3.0
2023-10-22 19:07:53.079,8210,128,4,43,False,0,car,0 days 00:00:33.481000,0 days 01:06:50.846000,1860.5763888888887,3.0
2023-10-22 19:07:53.239,8200,129,4,34,False,0,car,0 days 00:00:33.641000,0 days 01:06:51.006000,1866.3097222222218,3.0
2023-10-22 19:07:53.439,7931,130,4,32,False,0,car,0 days 00:00:33.841000,0 days 01:06:51.206000,1873.5319444444442,3.0
2023-10-22 19:07:53.639,8230,131,4,38,False,0,car,0 days 00:00:34.041000,0 days 01:06:51.406000,1880.8097222222218,3.0
2023-10-22 19:07:54.359,9704,148,4,87,False,0,car,0 days 00:00:34.761000,0 days 01:06:52.126000,1910.409722222222,3.0
2023-10-22 19:07:54.599,9820,153,4,51,False,0,car,0 days 00:00:35.001000,0 days 01:06:52.366000,1920.6097222222218,3.0
2023-10-22 19:07:54.879,9857,154,4,51,False,0,car,0 days 00:00:35.281000,0 days 01:06:52.646000,1932.5874999999996,3.0
2023-10-22 19:07:55.119,9974,157,4,48,False,0,car,0 days 00:00:35.521000,0 days 01:06:52.886000,1943.0541666666663,3.0
2023-10-22 19:07:55.319,10143,159,4,55,False,0,car,0 days 00:00:35.721000,0 days 01:06:53.086000,1951.8874999999994,3.0
2023-10-22 19:07:55.718,10835,165,4,83,False,0,car,0 days 00:00:36.120000,0 days 01:06:53.485000,1970.1749999999995,3.0
2023-10-22 19:07:56.118,11010,180,4,100,False,0,car,0 days 00:00:36.520000,0 days 01:06:53.885000,1990.1749999999997,3.0
2023-10-22 19:07:56.398,11150,180,4,100,False,0,car,0 days 00:00:36.800000,0 days 01:06:54.165000,2004.1749999999995,3.0
2023-10-22 19:07:56.638,10909,190,5,100,False,0,car,0 days 00:00:37.040000,0 days 01:06:54.405000,2016.8416666666662,3.0
2023-10-22 19:07:56.799,11107,193,5,100,False,0,car,0 days 00:00:37.201000,0 days 01:06:54.566000,2025.4730555555552,3.0
2023-10-22 19:07:57.079,11262,203,5,100,False,0,car,0 days 00:00:37.481000,0 days 01:06:54.846000,2041.2619444444442,3.0
2023-10-22 19:07:57.279,11485,209,5,100,False,0,car,0 days 00:00:37.681000,0 days 01:06:55.046000,2052.8730555555553,3.0
2023-10-22 19:07:57.479,11752,214,5,100,False,0,car,0 days 00:00:37.881000,0 days 01:06:55.246000,2064.7619444444445,3.0
2023-10-22 19:07:57.679,10912,219,5,100,False,0,car,0 days 00:00:38.081000,0 days 01:06:55.446000,2076.9286111111114,3.0
2023-10-22 19:07:58.039,10925,224,6,100,False,0,car,0 days 00:00:38.441000,0 days 01:06:55.806000,2099.3286111111115,3.0
2023-10-22 19:07:58.199,11015,231,6,100,False,0,car,0 days 00:00:38.601000,0 days 01:06:55.966000,2109.595277777778,3.0
2023-10-22 19:07:58.399,11216,235,6,99,False,0,car,0 days 00:00:38.801000,0 days 01:06:56.166000,2122.6508333333336,3.0
2023-10-22 19:07:58.639,11403,240,6,100,False,0,car,0 days 00:00:39.041000,0 days 01:06:56.406000,2138.650833333333,3.0
2023-10-22 19:07:58.839,11572,245,6,99,False,0,car,0 days 00:00:39.241000,0 days 01:06:56.606000,2152.2619444444445,3.0
2023-10-22 19:07:59.159,10984,248,6,99,False,0,car,0 days 00:00:39.561000,0 days 01:06:56.926000,2174.3063888888887,3.0
2023-10-22 19:07:59.319,10674,252,6,99,False,0,car,0 days 00:00:39.721000,0 days 01:06:57.086000,2185.5063888888885,3.0
2023-10-22 19:07:59.519,10642,255,7,100,False,0,car,0 days 00:00:39.921000,0 days 01:06:57.286000,2199.6730555555555,3.0
2023-10-22 19:07:59.799,10811,258,7,99,False,0,car,0 days 00:00:40.201000,0 days 01:06:57.566000,2219.739722222222,3.0
2023-10-22 19:08:00.039,10960,264,7,100,False,0,car,0 days 00:00:40.441000,0 days 01:06:57.806000,2237.3397222222225,3.0
2023-10-22 19:08:00.319,11131,269,7,99,False,0,car,0 days 00:00:40.721000,0 days 01:06:58.086000,2258.2619444444445,3.0
2023-10-22 19:08:00.479,11300,270,7,99,False,0,car,0 days 00:00:40.881000,0 days 01:06:58.246000,2270.261944444445,3.0
2023-10-22 19:08:00.799,11381,274,7,100,False,0,car,0 days 00:00:41.201000,0 days 01:06:58.566000,2294.6175000000003,3.0
2023-10-22 19:08:00.999,11454,275,7,99,False,0,car,0 days 00:00:41.401000,0 days 01:06:58.766000,2309.895277777778,3.0
2023-10-22 19:08:01.359,10280,280,7,99,False,0,car,0 days 00:00:41.761000,0 days 01:06:59.126000,2337.895277777778,3.0
2023-10-22 19:08:01.599,10414,281,8,99,False,0,car,0 days 00:00:42.001000,0 days 01:06:59.366000,2356.6286111111112,3.0
2023-10-22 19:08:01.879,10383,282,8,100,False,0,car,0 days 00:00:42.281000,0 days 01:06:59.646000,2378.5619444444446,3.0
2023-10-22 19:08:02.318,9687,249,8,0,True,0,car,0 days 00:00:42.720000,0 days 01:07:00.085000,2408.9261111111114,3.0
2023-10-22 19:08:02.478,9916,237,8,0,True,0,car,0 days 00:00:42.880000,0 days 01:07:00.245000,2419.459444444445,3.0
2023-10-22 19:08:02.718,10422,205,8,0,True,0,car,0 days 00:00:43.120000,0 days 01:07:00.485000,2433.1261111111116,3.0
2023-10-22 19:08:02.918,9954,205,8,0,True,0,car,0 days 00:00:43.320000,0 days 01:07:00.685000,2444.515000000001,3.0
2023-10-22 19:08:03.118,9566,173,6,0,True,0,car,0 days 00:00:43.520000,0 days 01:07:00.885000,2454.126111111112,3.0
2023-10-22 19:08:03.479,10081,153,5,0,True,0,car,0 days 00:00:43.881000,0 days 01:07:01.246000,2469.468611111112,3.0
2023-10-22 19:08:03.759,9608,133,4,0,True,0,car,0 days 00:00:44.161000,0 days 01:07:01.526000,2479.8130555555563,3.0
2023-10-22 19:08:03.919,8706,121,3,0,True,0,car,0 days 00:00:44.321000,0 days 01:07:01.686000,2485.190833333334,3.0
2023-10-22 19:08:04.119,8231,116,3,0,True,0,car,0 days 00:00:44.521000,0 days 01:07:01.886000,2491.6352777777784,3.0
2023-10-22 19:08:04.279,7374,116,3,0,True,0,car,0 days 00:00:44.681000,0 days 01:07:02.046000,2496.790833333334,3.0
2023-10-22 19:08:04.559,6479,95,3,0,True,0,car,0 days 00:00:44.961000,0 days 01:07:02.326000,2504.179722222223,3.0
2023-10-22 19:08:04.879,5780,86,3,0,True,0,car,0 days 00:00:45.281000,0 days 01:07:02.646000,2511.8241666666677,3.0
2023-10-22 19:08:05.199,5186,79,3,1,True,0,car,0 days 00:00:45.601000,0 days 01:07:02.966000,2518.84638888889,3.0
2023-10-22 19:08:05.439,4967,73,3,1,True,0,car,0 days 00:00:45.841000,0 days 01:07:03.206000,2523.713055555557,3.0
2023-10-22 19:08:05.719,4845,69,3,0,False,0,car,0 days 00:00:46.121000,0 days 01:07:03.486000,2529.0797222222236,3.0
2023-10-22 19:08:05.919,4656,67,3,1,False,0,car,0 days 00:00:46.321000,0 days 01:07:03.686000,2532.801944444446,3.0
2023-10-22 19:08:06.079,5018,67,3,10,False,0,car,0 days 00:00:46.481000,0 days 01:07:03.846000,2535.7797222222234,3.0
2023-10-22 19:08:06.359,4957,68,3,16,False,0,car,0 days 00:00:46.761000,0 days 01:07:04.126000,2541.068611111112,3.0
2023-10-22 19:08:06.639,5504,70,3,29,False,0,car,0 days 00:00:47.041000,0 days 01:07:04.406000,2546.5130555555565,3.0
2023-10-22 19:08:06.879,5801,76,3,38,False,0,car,0 days 00:00:47.281000,0 days 01:07:04.646000,2551.579722222223,3.0
2023-10-22 19:08:07.319,6610,88,3,42,False,0,car,0 days 00:00:47.721000,0 days 01:07:05.086000,2562.3352777777786,3.0
2023-10-22 19:08:07.599,7676,93,3,50,False,0,car,0 days 00:00:48.001000,0 days 01:07:05.366000,2569.568611111112,3.0
2023-10-22 19:08:07.919,8481,102,3,49,False,0,car,0 days 00:00:48.321000,0 days 01:07:05.686000,2578.635277777779,3.0
2023-10-22 19:08:08.159,8384,107,3,50,False,0,car,0 days 00:00:48.561000,0 days 01:07:05.926000,2585.768611111112,3.0
2023-10-22 19:08:08.319,8487,110,3,64,False,0,car,0 days 00:00:48.721000,0 days 01:07:06.086000,2590.6575000000007,3.0
2023-10-22 19:08:08.639,9424,119,3,71,False,0,car,0 days 00:00:49.041000,0 days 01:07:06.406000,2601.2352777777787,3.0
2023-10-22 19:08:08.998,10396,126,3,71,False,0,car,0 days 00:00:49.400000,0 days 01:07:06.765000,2613.800277777779,3.0
2023-10-22 19:08:09.158,10116,148,3,100,False,0,car,0 days 00:00:49.560000,0 days 01:07:06.925000,2620.378055555557,3.0
2023-10-22 19:08:09.438,10940,159,4,100,False,0,car,0 days 00:00:49.840000,0 days 01:07:07.205000,2632.7447222222236,3.0
2023-10-22 19:08:09.678,11080,171,4,100,False,8,car,0 days 00:00:50.080000,0 days 01:07:07.445000,2644.144722222223,3.0
2023-10-22 19:08:09.919,11559,183,4,100,False,8,car,0 days 00:00:50.321000,0 days 01:07:07.686000,2656.3955555555567,3.0
2023-10-22 19:08:10.079,10719,186,4,100,False,8,car,0 days 00:00:50.481000,0 days 01:07:07.846000,2664.6622222222236,3.0
2023-10-22 19:08:10.359,10716,190,5,100,False,8,car,0 days 00:00:50.761000,0 days 01:07:08.126000,2679.4400000000014,3.0
2023-10-22 19:08:10.639,11239,203,5,100,False,8,car,0 days 00:00:51.041000,0 days 01:07:08.406000,2695.22888888889,3.0
2023-10-22 19:08:10.799,11636,210,5,100,False,8,car,0 days 00:00:51.201000,0 days 01:07:08.566000,2704.5622222222237,3.0
2023-10-22 19:08:10.999,11356,216,5,100,False,8,car,0 days 00:00:51.401000,0 days 01:07:08.766000,2716.5622222222237,3.0
2023-10-22 19:08:11.279,10708,223,6,100,False,8,car,0 days 00:00:51.681000,0 days 01:07:09.046000,2733.9066666666677,3.0
2023-10-22 19:08:11.599,11009,231,6,100,False,8,car,0 days 00:00:52.001000,0 days 01:07:09.366000,2754.440000000001,3.0
2023-10-22 19:08:11.799,11237,235,6,100,False,8,car,0 days 00:00:52.201000,0 days 01:07:09.566000,2767.4955555555566,3.0
2023-10-22 19:08:12.079,11430,241,6,100,False,8,car,0 days 00:00:52.481000,0 days 01:07:09.846000,2786.240000000001,3.0
2023-10-22 19:08:12.279,11405,245,6,100,False,8,car,0 days 00:00:52.681000,0 days 01:07:10.046000,2799.851111111112,3.0
2023-10-22 19:08:12.479,10228,248,6,100,False,8,car,0 days 00:00:52.881000,0 days 01:07:10.246000,2813.62888888889,3.0
2023-10-22 19:08:12.919,10672,256,7,100,False,14,car,0 days 00:00:53.321000,0 days 01:07:10.686000,2844.9177777777786,3.0
2023-10-22 19:08:13.319,10923,260,7,100,False,12,car,0 days 00:00:53.721000,0 days 01:07:11.086000,2873.8066666666673,3.0
2023-10-22 19:08:13.479,10923,260,7,100,False,12,car,0 days 00:00:53.881000,0 days 01:07:11.246000,2885.362222222223,3.0
2023-10-22 19:08:13.719,11492,270,7,100,False,12,car,0 days 00:00:54.121000,0 days 01:07:11.486000,2903.362222222223,3.0
2023-10-22 19:08:14.079,11514,275,7,100,False,12,car,0 days 00:00:54.481000,0 days 01:07:11.846000,2930.862222222223,3.0
2023-10-22 19:08:14.359,10814,280,7,100,False,12,car,0 days 00:00:54.761000,0 days 01:07:12.126000,2952.640000000001,3.0
2023-10-22 19:08:14.759,10488,286,8,100,False,12,car,0 days 00:00:55.161000,0 days 01:07:12.526000,2984.4177777777786,3.0
2023-10-22 19:08:15.199,11185,291,8,100,False,12,car,0 days 00:00:55.601000,0 days 01:07:12.966000,3019.984444444445,3.0
2023-10-22 19:08:15.439,10831,295,8,100,False,12,car,0 days 00:00:55.841000,0 days 01:07:13.206000,3039.651111111112,3.0
2023-10-22 19:08:15.639,10979,297,8,100,False,12,car,0 days 00:00:56.041000,0 days 01:07:13.406000,3056.1511111111117,3.0
2023-10-22 19:08:15.918,11069,300,8,100,False,12,car,0 days 00:00:56.320000,0 days 01:07:13.685000,3079.401111111112,3.0
2023-10-22 19:08:16.158,11086,303,8,100,False,12,car,0 days 00:00:56.560000,0 days 01:07:13.925000,3099.6011111111125,3.0
2023-10-22 19:08:16.479,11292,305,8,100,False,12,car,0 days 00:00:56.881000,0 days 01:07:14.246000,3126.7969444444457,3.0
2023-10-22 19:08:16.719,11390,309,8,100,False,12,car,0 days 00:00:57.121000,0 days 01:07:14.486000,3147.396944444446,3.0
2023-10-22 19:08:16.959,11421,310,8,100,False,12,car,0 days 00:00:57.361000,0 days 01:07:14.726000,3168.063611111112,3.0
2023-10-22 19:08:17.119,11509,313,8,100,False,12,car,0 days 00:00:57.521000,0 days 01:07:14.886000,3181.9747222222236,3.0
2023-10-22 19:08:17.399,11644,316,8,100,False,12,car,0 days 00:00:57.801000,0 days 01:07:15.166000,3206.5525000000016,3.0
2023-10-22 19:08:17.719,11785,319,8,100,False,12,car,0 days 00:00:58.121000,0 days 01:07:15.486000,3234.908055555557,3.0
2023-10-22 19:08:17.919,11798,320,8,100,False,12,car,0 days 00:00:58.321000,0 days 01:07:15.686000,3252.6858333333344,3.0
2023-10-22 19:08:18.199,11873,322,8,100,False,12,car,0 days 00:00:58.601000,0 days 01:07:15.966000,3277.730277777779,3.0
2023-10-22 19:08:18.359,11864,323,8,100,False,12,car,0 days 00:00:58.761000,0 days 01:07:16.126000,3292.085833333335,3.0
2023-10-22 19:08:18.599,11941,324,8,100,False,12,car,0 days 00:00:59.001000,0 days 01:07:16.366000,3313.6858333333344,3.0
2023-10-22 19:08:18.879,11958,326,8,100,False,12,car,0 days 00:00:59.281000,0 days 01:07:16.646000,3339.04138888889,3.0
2023-10-22 19:08:19.159,12037,326,8,100,False,12,car,0 days 00:00:59.561000,0 days 01:07:16.926000,3364.396944444446,3.0
2023-10-22 19:08:19.359,12035,327,8,100,False,12,car,0 days 00:00:59.761000,0 days 01:07:17.126000,3382.563611111113,3.0
2023-10-22 19:08:19.679,12086,329,8,100,False,12,car,0 days 00:01:00.081000,0 days 01:07:17.446000,3411.8080555555575,3.0
2023-10-22 19:08:20.119,12194,331,8,100,False,12,car,0 days 00:01:00.521000,0 days 01:07:17.886000,3452.263611111113,3.0
2023-10-22 19:08:20.519,12153,332,8,100,False,12,car,0 days 00:01:00.921000,0 days 01:07:18.286000,3489.1525000000015,3.0
2023-10-22 19:08:20.879,12250,333,8,100,False,12,car,0 days 00:01:01.281000,0 days 01:07:18.646000,3522.4525000000012,3.0
2023-10-22 19:08:21.039,12268,333,8,100,False,12,car,0 days 00:01:01.441000,0 days 01:07:18.806000,3537.2525000000014,3.0
2023-10-22 19:08:21.279,12168,333,8,100,False,12,car,0 days 00:01:01.681000,0 days 01:07:19.046000,3559.452500000001,3.0
2023-10-22 19:08:21.559,11348,309,8,0,True,0,car,0 days 00:01:01.961000,0 days 01:07:19.326000,3583.485833333334,3.0
2023-10-22 19:08:21.919,11602,267,8,0,True,0,car,0 days 00:01:02.321000,0 days 01:07:19.686000,3610.185833333334,3.0
2023-10-22 19:08:22.359,11271,213,6,0,True,0,car,0 days 00:01:02.761000,0 days 01:07:20.126000,3636.2191666666677,3.0
2023-10-22 19:08:22.518,10991,203,5,0,True,0,car,0 days 00:01:02.920000,0 days 01:07:20.285000,3645.185000000001,3.0
2023-10-22 19:08:22.678,11423,187,5,0,True,0,car,0 days 00:01:03.080000,0 days 01:07:20.445000,3653.496111111112,3.0
2023-10-22 19:08:22.999,10521,168,4,0,True,0,car,0 days 00:01:03.401000,0 days 01:07:20.766000,3668.476111111112,3.0
2023-10-22 19:08:23.199,10912,154,4,0,True,0,car,0 days 00:01:03.601000,0 days 01:07:20.966000,3677.031666666667,3.0
2023-10-22 19:08:23.399,10632,136,3,0,True,0,car,0 days 00:01:03.801000,0 days 01:07:21.166000,3684.587222222223,3.0
2023-10-22 19:08:23.679,8952,115,3,0,True,0,car,0 days 00:01:04.081000,0 days 01:07:21.446000,3693.531666666667,3.0
2023-10-22 19:08:23.879,8870,113,2,0,True,0,car,0 days 00:01:04.281000,0 days 01:07:21.646000,3699.809444444445,3.0
2023-10-22 19:08:24.119,7618,100,2,0,True,0,car,0 days 00:01:04.521000,0 days 01:07:21.886000,3706.4761111111115,3.0
2023-10-22 19:08:24.439,7020,85,2,0,True,0,car,0 days 00:01:04.841000,0 days 01:07:22.206000,3714.0316666666668,3.0
2023-10-22 19:08:24.799,6331,77,2,0,True,0,car,0 days 00:01:05.201000,0 days 01:07:22.566000,3721.7316666666666,3.0
2023-10-22 19:08:25.079,6036,74,2,0,False,0,car,0 days 00:01:05.481000,0 days 01:07:22.846000,3727.487222222222,3.0
2023-10-22 19:08:25.479,5728,70,2,12,False,0,car,0 days 00:01:05.881000,0 days 01:07:23.246000,3735.265,3.0
2023-10-22 19:08:25.639,5820,67,2,18,False,0,car,0 days 00:01:06.041000,0 days 01:07:23.406000,3738.2427777777775,3.0
2023-10-22 19:08:25.839,6322,68,2,32,False,0,car,0 days 00:01:06.241000,0 days 01:07:23.606000,3742.0205555555553,3.0
2023-10-22 19:08:26.079,6658,73,2,37,False,0,car,0 days 00:01:06.481000,0 days 01:07:23.846000,3746.887222222222,3.0
2023-10-22 19:08:26.239,7100,78,2,39,False,0,car,0 days 00:01:06.641000,0 days 01:07:24.006000,3750.353888888889,3.0
2023-10-22 19:08:26.399,7100,81,2,39,False,0,car,0 days 00:01:06.801000,0 days 01:07:24.166000,3753.9538888888887,3.0
2023-10-22 19:08:26.599,7380,86,2,39,False,0,car,0 days 00:01:07.001000,0 days 01:07:24.366000,3758.7316666666666,3.0
2023-10-22 19:08:26.799,8397,92,2,57,False,0,car,0 days 00:01:07.201000,0 days 01:07:24.566000,3763.8427777777774,3.0
2023-10-22 19:08:26.999,9076,100,2,64,False,0,car,0 days 00:01:07.401000,0 days 01:07:24.766000,3769.398333333333,3.0
2023-10-22 19:08:27.199,9901,107,2,68,False,0,car,0 days 00:01:07.601000,0 days 01:07:24.966000,3775.3427777777774,3.0
2023-10-22 19:08:27.519,11084,124,2,80,False,0,car,0 days 00:01:07.921000,0 days 01:07:25.286000,3786.365,3.0
2023-10-22 19:08:27.879,10694,135,2,89,False,0,car,0 days 00:01:08.281000,0 days 01:07:25.646000,3799.865,3.0
2023-10-22 19:08:28.119,11186,149,3,100,False,0,car,0 days 00:01:08.521000,0 days 01:07:25.886000,3809.7983333333327,3.0
2023-10-22 19:08:28.439,11685,162,3,100,False,0,car,0 days 00:01:08.841000,0 days 01:07:26.206000,3824.1983333333324,3.0
2023-10-22 19:08:28.759,10854,172,4,100,False,0,car,0 days 00:01:09.161000,0 days 01:07:26.526000,3839.4872222222216,3.0
2023-10-22 19:08:28.919,11219,178,4,100,False,0,car,0 days 00:01:09.321000,0 days 01:07:26.686000,3847.3983333333326,3.0
2023-10-22 19:08:29.158,11346,184,4,99,False,0,car,0 days 00:01:09.560000,0 days 01:07:26.925000,3859.6138888888886,3.0
2023-10-22 19:08:29.438,11048,185,4,0,True,0,car,0 days 00:01:09.840000,0 days 01:07:27.205000,3874.0027777777777,3.0
2023-10-22 19:08:29.679,10350,174,4,0,True,0,car,0 days 00:01:10.081000,0 days 01:07:27.446000,3885.6511111111113,3.0
2023-10-22 19:08:29.879,10588,159,4,0,True,0,car,0 days 00:01:10.281000,0 days 01:07:27.646000,3894.4844444444448,3.0
2023-10-22 19:08:30.079,10448,146,3,0,True,0,car,0 days 00:01:10.481000,0 days 01:07:27.846000,3902.5955555555556,3.0
2023-10-22 19:08:30.279,9521,136,3,0,True,0,car,0 days 00:01:10.681000,0 days 01:07:28.046000,3910.1511111111113,3.0
2023-10-22 19:08:30.519,8431,121,3,0,True,0,car,0 days 00:01:10.921000,0 days 01:07:28.286000,3918.2177777777783,3.0
2023-10-22 19:08:30.759,7900,113,3,0,True,0,car,0 days 00:01:11.161000,0 days 01:07:28.526000,3925.7511111111116,3.0
2023-10-22 19:08:31.039,7308,103,3,0,True,0,car,0 days 00:01:11.441000,0 days 01:07:28.806000,3933.7622222222226,3.0
2023-10-22 19:08:31.359,6835,98,3,1,True,0,car,0 days 00:01:11.761000,0 days 01:07:29.126000,3942.4733333333334,3.0
2023-10-22 19:08:31.519,6628,94,3,1,True,0,car,0 days 00:01:11.921000,0 days 01:07:29.286000,3946.6511111111113,3.0
2023-10-22 19:08:31.879,6324,93,3,0,False,0,car,0 days 00:01:12.281000,0 days 01:07:29.646000,3955.9511111111115,3.0
2023-10-22 19:08:32.039,6173,88,3,5,False,0,car,0 days 00:01:12.441000,0 days 01:07:29.806000,3959.8622222222225,3.0
2023-10-22 19:08:32.279,6364,85,3,20,False,0,car,0 days 00:01:12.681000,0 days 01:07:30.046000,3965.528888888889,3.0
2023-10-22 19:08:32.439,6501,86,3,25,False,0,car,0 days 00:01:12.841000,0 days 01:07:30.206000,3969.351111111111,3.0
2023-10-22 19:08:32.599,6534,87,3,27,False,0,car,0 days 00:01:13.001000,0 days 01:07:30.366000,3973.217777777778,3.0
2023-10-22 19:08:32.919,7037,92,3,37,False,0,car,0 days 00:01:13.321000,0 days 01:07:30.686000,3981.3955555555553,3.0
2023-10-22 19:08:33.159,7331,96,3,42,False,0,car,0 days 00:01:13.561000,0 days 01:07:30.926000,3987.7955555555554,3.0
2023-10-22 19:08:33.559,7873,100,3,46,False,0,car,0 days 00:01:13.961000,0 days 01:07:31.326000,3998.9066666666663,3.0
2023-10-22 19:08:33.879,8590,112,3,52,False,0,car,0 days 00:01:14.281000,0 days 01:07:31.646000,4008.862222222222,3.0
2023-10-22 19:08:34.079,8818,116,3,59,False,0,car,0 days 00:01:14.481000,0 days 01:07:31.846000,4015.306666666666,3.0
2023-10-22 19:08:34.319,9563,125,3,61,False,0,car,0 days 00:01:14.721000,0 days 01:07:32.086000,4023.6399999999994,3.0
2023-10-22 19:08:34.479,9845,128,3,73,False,0,car,0 days 00:01:14.881000,0 days 01:07:32.246000,4029.3288888888883,3.0
2023-10-22 19:08:34.639,10312,135,3,73,False,0,car,0 days 00:01:15.041000,0 days 01:07:32.406000,4035.3288888888883,3.0
2023-10-22 19:08:34.879,10978,143,3,74,False,0,car,0 days 00:01:15.281000,0 days 01:07:32.646000,4044.862222222222,3.0
2023-10-22 19:08:35.079,10976,149,3,89,False,0,car,0 days 00:01:15.481000,0 days 01:07:32.846000,4053.1399999999994,3.0
2023-10-22 19:08:35.319,10164,158,3,100,False,0,car,0 days 00:01:15.721000,0 days 01:07:33.086000,4063.673333333333,3.0
2023-10-22 19:08:35.759,10866,170,4,100,False,0,car,0 days 00:01:16.161000,0 days 01:07:33.526000,4084.451111111111,3.0
2023-10-22 19:08:35.918,11182,170,4,100,False,0,car,0 days 00:01:16.320000,0 days 01:07:33.685000,4091.9594444444438,3.0
2023-10-22 19:08:36.199,10304,181,4,100,False,0,car,0 days 00:01:16.601000,0 days 01:07:33.966000,4106.0875,3.0
2023-10-22 19:08:36.639,8970,180,5,0,True,0,car,0 days 00:01:17.041000,0 days 01:07:34.406000,4128.0875,3.0
2023-10-22 19:08:36.879,9824,168,5,0,True,0,car,0 days 00:01:17.281000,0 days 01:07:34.646000,4139.2875,3.0
2023-10-22 19:08:37.239,10311,148,5,0,True,0,car,0 days 00:01:17.641000,0 days 01:07:35.006000,4154.087500000001,3.0
2023-10-22 19:08:37.599,9669,133,3,0,True,0,car,0 days 00:01:18.001000,0 days 01:07:35.366000,4167.387500000001,3.0
2023-10-22 19:08:37.759,10366,125,3,0,True,0,car,0 days 00:01:18.161000,0 days 01:07:35.526000,4172.943055555556,3.0
2023-10-22 19:08:38.079,8967,112,2,0,True,0,car,0 days 00:01:18.481000,0 days 01:07:35.846000,4182.898611111112,3.0
2023-10-22 19:08:38.399,8271,101,2,0,True,0,car,0 days 00:01:18.801000,0 days 01:07:36.166000,4191.87638888889,3.0
2023-10-22 19:08:38.599,7629,96,2,0,True,0,car,0 days 00:01:19.001000,0 days 01:07:36.366000,4197.209722222223,3.0
2023-10-22 19:08:38.879,7410,91,2,0,True,0,car,0 days 00:01:19.281000,0 days 01:07:36.646000,4204.2875,3.0
2023-10-22 19:08:39.079,6940,86,2,0,True,0,car,0 days 00:01:19.481000,0 days 01:07:36.846000,4209.065277777778,3.0
2023-10-22 19:08:39.319,6703,82,2,1,False,0,car,0 days 00:01:19.721000,0 days 01:07:37.086000,4214.531944444445,3.0
2023-10-22 19:08:39.759,6726,79,2,1,False,0,car,0 days 00:01:20.161000,0 days 01:07:37.526000,4224.1875,3.0
2023-10-22 19:08:39.919,6246,76,2,0,False,0,car,0 days 00:01:20.321000,0 days 01:07:37.686000,4227.565277777778,3.0
2023-10-22 19:08:40.359,6845,76,2,19,False,0,car,0 days 00:01:20.761000,0 days 01:07:38.126000,4236.854166666667,3.0
2023-10-22 19:08:40.599,7027,78,2,30,False,0,car,0 days 00:01:21.001000,0 days 01:07:38.366000,4242.054166666667,3.0
2023-10-22 19:08:40.839,7376,83,2,37,False,0,car,0 days 00:01:21.241000,0 days 01:07:38.606000,4247.5875,3.0
2023-10-22 19:08:41.079,7821,84,2,44,False,0,car,0 days 00:01:21.481000,0 days 01:07:38.846000,4253.187499999999,3.0
2023-10-22 19:08:41.439,8748,98,2,53,False,0,car,0 days 00:01:21.841000,0 days 01:07:39.206000,4262.987499999999,3.0
2023-10-22 19:08:41.719,9822,105,2,63,False,0,car,0 days 00:01:22.121000,0 days 01:07:39.486000,4271.154166666666,3.0
2023-10-22 19:08:41.919,10573,116,2,64,False,0,car,0 days 00:01:22.321000,0 days 01:07:39.686000,4277.598611111111,3.0
2023-10-22 19:08:42.119,11029,120,2,71,False,0,car,0 days 00:01:22.521000,0 days 01:07:39.886000,4284.265277777778,3.0
2023-10-22 19:08:42.439,10430,128,2,98,False,0,car,0 days 00:01:22.841000,0 days 01:07:40.206000,4295.643055555555,3.0
2023-10-22 19:08:42.719,11203,149,3,100,False,0,car,0 days 00:01:23.121000,0 days 01:07:40.486000,4307.231944444444,3.0
2023-10-22 19:08:42.959,11749,159,3,100,False,0,car,0 days 00:01:23.361000,0 days 01:07:40.726000,4317.831944444444,3.0
2023-10-22 19:08:43.239,10784,171,4,100,False,0,car,0 days 00:01:23.641000,0 days 01:07:41.006000,4331.131944444444,3.0
2023-10-22 19:08:43.639,11605,185,4,100,False,0,car,0 days 00:01:24.041000,0 days 01:07:41.406000,4351.687499999999,3.0
2023-10-22 19:08:43.999,10551,195,5,99,False,0,car,0 days 00:01:24.401000,0 days 01:07:41.766000,4371.187499999999,3.0
2023-10-22 19:08:44.279,11111,203,5,100,False,0,car,0 days 00:01:24.681000,0 days 01:07:42.046000,4386.976388888888,3.0
2023-10-22 19:08:44.599,11641,211,5,100,False,0,car,0 days 00:01:25.001000,0 days 01:07:42.366000,4405.731944444445,3.0
2023-10-22 19:08:44.799,11081,213,5,99,False,0,car,0 days 00:01:25.201000,0 days 01:07:42.566000,4417.565277777778,3.0
2023-10-22 19:08:45.119,10394,221,6,48,False,0,car,0 days 00:01:25.521000,0 days 01:07:42.886000,4437.209722222223,3.0
2023-10-22 19:08:45.519,10090,220,6,59,False,0,car,0 days 00:01:25.921000,0 days 01:07:43.286000,4461.654166666667,3.0
2023-10-22 19:08:45.879,10271,217,6,57,False,0,car,0 days 00:01:26.281000,0 days 01:07:43.646000,4483.354166666667,3.0
2023-10-22 19:08:46.319,10468,221,6,71,False,0,car,0 days 00:01:26.721000,0 days 01:07:44.086000,4510.365277777778,3.0
2023-10-22 19:08:46.519,10489,222,6,67,False,0,car,0 days 00:01:26.921000,0 days 01:07:44.286000,4522.698611111112,3.0
2023-10-22 19:08:46.759,10598,223,6,67,False,0,car,0 days 00:01:27.161000,0 days 01:07:44.526000,4537.565277777779,3.0
2023-10-22 19:08:47.119,10708,225,6,78,False,0,car,0 days 00:01:27.521000,0 days 01:07:44.886000,4560.065277777779,3.0
2023-10-22 19:08:47.399,10926,228,6,79,False,0,car,0 days 00:01:27.801000,0 days 01:07:45.166000,4577.798611111112,3.0
2023-10-22 19:08:47.599,11012,227,6,83,False,0,car,0 days 00:01:28.001000,0 days 01:07:45.366000,4590.4097222222235,3.0
2023-10-22 19:08:47.999,11224,235,6,100,False,0,car,0 days 00:01:28.401000,0 days 01:07:45.766000,4616.520833333334,3.0
2023-10-22 19:08:48.159,11340,237,6,100,False,0,car,0 days 00:01:28.561000,0 days 01:07:45.926000,4627.054166666668,3.0
2023-10-22 19:08:48.319,11389,240,6,100,False,0,car,0 days 00:01:28.721000,0 days 01:07:46.086000,4637.720833333334,3.0
2023-10-22 19:08:48.639,10214,244,7,100,False,0,car,0 days 00:01:29.041000,0 days 01:07:46.406000,4659.409722222223,3.0
2023-10-22 19:08:48.839,10235,245,7,100,False,0,car,0 days 00:01:29.241000,0 days 01:07:46.606000,4673.020833333334,3.0
2023-10-22 19:08:49.280,10353,247,7,100,False,0,car,0 days 00:01:29.682000,0 days 01:07:47.047000,4703.278333333335,3.0
2023-10-22 19:08:49.599,10375,249,7,100,False,0,car,0 days 00:01:30.001000,0 days 01:07:47.366000,4725.342500000002,3.0
2023-10-22 19:08:49.799,10486,251,7,100,False,0,car,0 days 00:01:30.201000,0 days 01:07:47.566000,4739.286944444445,3.0
2023-10-22 19:08:49.999,10455,251,7,100,False,0,car,0 days 00:01:30.401000,0 days 01:07:47.766000,4753.231388888889,3.0
2023-10-22 19:08:50.319,10610,254,7,99,False,0,car,0 days 00:01:30.721000,0 days 01:07:48.086000,4775.809166666668,3.0
2023-10-22 19:08:50.559,10600,254,7,100,False,0,car,0 days 00:01:30.961000,0 days 01:07:48.326000,4792.742500000001,3.0
2023-10-22 19:08:50.839,10629,256,7,99,False,0,car,0 days 00:01:31.241000,0 days 01:07:48.606000,4812.653611111113,3.0
2023-10-22 19:08:51.079,10700,258,7,100,False,0,car,0 days 00:01:31.481000,0 days 01:07:48.846000,4829.8536111111125,3.0
2023-10-22 19:08:51.279,10754,259,7,99,False,0,car,0 days 00:01:31.681000,0 days 01:07:49.046000,4844.242500000001,3.0
2023-10-22 19:08:51.519,10800,260,7,100,False,0,car,0 days 00:01:31.921000,0 days 01:07:49.286000,4861.575833333335,3.0
2023-10-22 19:08:51.679,10800,260,7,100,True,0,car,0 days 00:01:32.081000,0 days 01:07:49.446000,4873.131388888891,3.0
2023-10-22 19:08:51.959,10146,237,7,0,True,0,car,0 days 00:01:32.361000,0 days 01:07:49.726000,4891.564722222224,3.0
2023-10-22 19:08:52.279,10032,214,6,0,True,0,car,0 days 00:01:32.681000,0 days 01:07:50.046000,4910.586944444446,3.0
2023-10-22 19:08:52.439,10551,214,6,0,True,0,car,0 days 00:01:32.841000,0 days 01:07:50.206000,4920.098055555557,3.0
2023-10-22 19:08:52.759,9727,187,5,0,True,0,car,0 days 00:01:33.161000,0 days 01:07:50.526000,4936.720277777779,3.0
2023-10-22 19:08:52.919,9443,180,5,1,True,0,car,0 days 00:01:33.321000,0 days 01:07:50.686000,4944.720277777779,3.0
2023-10-22 19:08:53.199,9228,179,5,8,False,0,car,0 days 00:01:33.601000,0 days 01:07:50.966000,4958.642500000002,3.0
2023-10-22 19:08:53.399,8910,171,5,13,False,0,car,0 days 00:01:33.801000,0 days 01:07:51.166000,4968.142500000002,3.0
2023-10-22 19:08:53.839,8983,164,5,25,False,0,car,0 days 00:01:34.241000,0 days 01:07:51.606000,4988.186944444446,3.0
2023-10-22 19:08:54.119,9299,167,5,57,False,0,car,0 days 00:01:34.521000,0 days 01:07:51.886000,5001.1758333333355,3.0
2023-10-22 19:08:54.359,9609,172,5,70,False,0,car,0 days 00:01:34.761000,0 days 01:07:52.126000,5012.642500000002,3.0
2023-10-22 19:08:54.519,9763,178,5,93,False,0,car,0 days 00:01:34.921000,0 days 01:07:52.286000,5020.553611111113,3.0
2023-10-22 19:08:54.879,10857,183,5,100,False,0,car,0 days 00:01:35.281000,0 days 01:07:52.646000,5038.853611111113,3.0
2023-10-22 19:08:55.119,10761,196,5,100,False,0,car,0 days 00:01:35.521000,0 days 01:07:52.886000,5051.92027777778,3.0
2023-10-22 19:08:55.479,11446,206,5,100,False,0,car,0 days 00:01:35.881000,0 days 01:07:53.246000,5072.52027777778,3.0
2023-10-22 19:08:55.679,11473,213,5,100,False,0,car,0 days 00:01:36.081000,0 days 01:07:53.446000,5084.353611111114,3.0
2023-10-22 19:08:55.880,10633,213,5,100,False,0,car,0 days 00:01:36.282000,0 days 01:07:53.647000,5096.246111111114,3.0
2023-10-22 19:08:56.159,10441,219,5,100,False,0,car,0 days 00:01:36.561000,0 days 01:07:53.926000,5113.218611111115,3.0
2023-10-22 19:08:56.399,10610,223,6,100,False,0,car,0 days 00:01:36.801000,0 days 01:07:54.166000,5128.085277777782,3.0
2023-10-22 19:08:56.599,10769,226,6,100,False,0,car,0 days 00:01:37.001000,0 days 01:07:54.366000,5140.6408333333375,3.0
2023-10-22 19:08:56.879,10979,231,6,100,False,0,car,0 days 00:01:37.281000,0 days 01:07:54.646000,5158.607500000005,3.0
2023-10-22 19:08:57.199,10390,219,6,0,True,0,car,0 days 00:01:37.601000,0 days 01:07:54.966000,5178.074166666671,3.0
2023-10-22 19:08:57.399,10317,200,6,0,True,0,car,0 days 00:01:37.801000,0 days 01:07:55.166000,5189.185277777782,3.0
2023-10-22 19:08:57.639,10508,182,5,0,True,0,car,0 days 00:01:38.041000,0 days 01:07:55.406000,5201.318611111115,3.0
2023-10-22 19:08:57.919,11269,153,4,0,True,8,car,0 days 00:01:38.321000,0 days 01:07:55.686000,5213.218611111115,3.0
2023-10-22 19:08:58.119,10398,146,3,0,True,8,car,0 days 00:01:38.521000,0 days 01:07:55.886000,5221.329722222226,3.0
2023-10-22 19:08:58.279,9558,133,3,0,True,8,car,0 days 00:01:38.681000,0 days 01:07:56.046000,5227.240833333337,3.0
2023-10-22 19:08:58.599,8112,122,3,0,True,8,car,0 days 00:01:39.001000,0 days 01:07:56.366000,5238.085277777782,3.0
2023-10-22 19:08:58.919,7183,106,3,0,True,8,car,0 days 00:01:39.321000,0 days 01:07:56.686000,5247.507500000004,3.0
2023-10-22 19:08:59.159,6916,98,3,0,True,8,car,0 days 00:01:39.561000,0 days 01:07:56.926000,5254.040833333338,3.0
2023-10-22 19:08:59.439,6589,94,3,0,False,8,car,0 days 00:01:39.841000,0 days 01:07:57.206000,5261.351944444449,3.0
2023-10-22 19:08:59.639,6312,91,3,0,True,8,car,0 days 00:01:40.041000,0 days 01:07:57.406000,5266.407500000005,3.0
2023-10-22 19:09:00.039,6025,86,3,0,False,8,car,0 days 00:01:40.441000,0 days 01:07:57.806000,5275.9630555555605,3.0
2023-10-22 19:09:00.239,6125,82,3,14,False,8,car,0 days 00:01:40.641000,0 days 01:07:58.006000,5280.518611111116,3.0
2023-10-22 19:09:00.479,6427,84,3,34,False,8,car,0 days 00:01:40.881000,0 days 01:07:58.246000,5286.118611111116,3.0
2023-10-22 19:09:00.799,6823,88,3,39,False,8,car,0 days 00:01:41.201000,0 days 01:07:58.566000,5293.940833333338,3.0
2023-10-22 19:09:01.079,7039,95,3,47,False,8,car,0 days 00:01:41.481000,0 days 01:07:58.846000,5301.329722222226,3.0
2023-10-22 19:09:01.319,7568,103,3,52,False,8,car,0 days 00:01:41.721000,0 days 01:07:59.086000,5308.196388888893,3.0
2023-10-22 19:09:01.599,8692,110,3,62,False,8,car,0 days 00:01:42.001000,0 days 01:07:59.366000,5316.751944444449,3.0
2023-10-22 19:09:01.759,8967,117,3,64,False,8,car,0 days 00:01:42.161000,0 days 01:07:59.526000,5321.951944444449,3.0
2023-10-22 19:09:01.919,8967,123,3,67,False,8,car,0 days 00:01:42.321000,0 days 01:07:59.686000,5327.418611111115,3.0
2023-10-22 19:09:02.119,9964,123,3,74,False,8,car,0 days 00:01:42.521000,0 days 01:07:59.886000,5334.251944444448,3.0
2023-10-22 19:09:02.480,11208,140,3,100,False,8,car,0 days 00:01:42.882000,0 days 01:08:00.247000,5348.290833333337,3.0
2023-10-22 19:09:02.720,11145,157,3,100,False,8,car,0 days 00:01:43.122000,0 days 01:08:00.487000,5358.757500000003,3.0
2023-10-22 19:09:03.119,11127,174,4,100,False,8,car,0 days 00:01:43.521000,0 days 01:08:00.886000,5378.042500000003,3.0
2023-10-22 19:09:03.439,11909,185,4,100,False,14,car,0 days 00:01:43.841000,0 days 01:08:01.206000,5394.4869444444475,3.0
2023-10-22 19:09:03.599,10929,188,4,100,False,12,car,0 days 00:01:44.001000,0 days 01:08:01.366000,5402.842500000003,3.0
2023-10-22 19:09:03.879,10714,198,5,100,False,12,car,0 days 00:01:44.281000,0 days 01:08:01.646000,5418.242500000003,3.0
2023-10-22 19:09:04.119,11334,208,5,100,False,12,car,0 days 00:01:44.521000,0 days 01:08:01.886000,5432.10916666667,3.0
2023-10-22 19:09:04.439,11150,212,5,100,False,12,car,0 days 00:00:00.105000,0 days 01:08:02.206000,6.183333333333333,4.0
2023-10-22 19:09:04.799,10922,223,6,100,False,12,car,0 days 00:00:00.465000,0 days 01:08:02.566000,28.483333333333334,4.0
2023-10-22 19:09:05.159,11007,233,6,100,False,12,car,0 days 00:00:00.825000,0 days 01:08:02.926000,51.78333333333333,4.0
2023-10-22 19:09:05.399,11378,238,6,100,False,12,car,0 days 00:00:01.065000,0 days 01:08:03.166000,67.65,4.0
2023-10-22 19:09:05.559,11493,242,6,100,False,12,car,0 days 00:00:01.225000,0 days 01:08:03.326000,78.40555555555557,4.0
2023-10-22 19:09:05.719,11700,246,6,100,False,12,car,0 days 00:00:01.385000,0 days 01:08:03.486000,89.33888888888889,4.0
2023-10-22 19:09:06.039,10490,252,6,100,False,12,car,0 days 00:00:01.705000,0 days 01:08:03.806000,111.7388888888889,4.0
2023-10-22 19:09:06.199,10636,253,7,100,False,12,car,0 days 00:00:01.865000,0 days 01:08:03.966000,122.98333333333333,4.0
2023-10-22 19:09:06.439,10726,256,7,100,False,12,car,0 days 00:00:02.105000,0 days 01:08:04.206000,140.05,4.0
2023-10-22 19:09:06.879,11178,266,7,100,False,12,car,0 days 00:00:02.545000,0 days 01:08:04.646000,172.56111111111113,4.0
2023-10-22 19:09:07.039,11225,270,7,100,False,12,car,0 days 00:00:02.705000,0 days 01:08:04.806000,184.56111111111113,4.0
2023-10-22 19:09:07.479,11407,275,7,100,False,12,car,0 days 00:00:03.145000,0 days 01:08:05.246000,218.17222222222225,4.0
2023-10-22 19:09:07.879,11343,281,7,100,False,12,car,0 days 00:00:03.545000,0 days 01:08:05.646000,249.39444444444445,4.0
2023-10-22 19:09:08.039,10837,283,7,100,False,12,car,0 days 00:00:03.705000,0 days 01:08:05.806000,261.97222222222223,4.0
2023-10-22 19:09:08.199,10527,284,8,100,False,12,car,0 days 00:00:03.865000,0 days 01:08:05.966000,274.59444444444443,4.0
2023-10-22 19:09:08.479,10664,287,8,100,False,12,car,0 days 00:00:04.145000,0 days 01:08:06.246000,296.91666666666663,4.0
2023-10-22 19:09:08.719,10714,291,8,100,False,12,car,0 days 00:00:04.385000,0 days 01:08:06.486000,316.31666666666666,4.0
2023-10-22 19:09:08.959,10790,293,8,100,False,12,car,0 days 00:00:04.625000,0 days 01:08:06.726000,335.85,4.0
2023-10-22 19:09:09.200,10917,294,8,100,False,12,car,0 days 00:00:04.866000,0 days 01:08:06.967000,355.53166666666664,4.0
2023-10-22 19:09:09.599,11015,299,8,100,False,12,car,0 days 00:00:05.265000,0 days 01:08:07.366000,388.6708333333333,4.0
2023-10-22 19:09:09.759,10901,299,8,100,False,12,car,0 days 00:00:05.425000,0 days 01:08:07.526000,401.9597222222222,4.0
2023-10-22 19:09:09.919,10998,300,8,100,False,12,car,0 days 00:00:05.585000,0 days 01:08:07.686000,415.29305555555555,4.0
2023-10-22 19:09:10.159,10998,301,8,100,False,12,car,0 days 00:00:05.825000,0 days 01:08:07.926000,435.3597222222222,4.0
2023-10-22 19:09:10.559,10934,294,8,0,False,8,car,0 days 00:00:06.225000,0 days 01:08:08.326000,468.02638888888885,4.0
2023-10-22 19:09:10.759,10463,288,8,0,True,0,car,0 days 00:00:06.425000,0 days 01:08:08.526000,484.02638888888885,4.0
2023-10-22 19:09:10.919,10069,274,8,0,True,0,car,0 days 00:00:06.585000,0 days 01:08:08.686000,496.20416666666665,4.0
2023-10-22 19:09:11.239,9655,244,8,0,True,0,car,0 days 00:00:06.905000,0 days 01:08:09.006000,517.8930555555555,4.0
2023-10-22 19:09:11.599,9796,213,7,0,True,0,car,0 days 00:00:07.265000,0 days 01:08:09.366000,539.1930555555555,4.0
2023-10-22 19:09:11.999,8931,185,5,0,True,0,car,0 days 00:00:07.665000,0 days 01:08:09.766000,559.748611111111,4.0
2023-10-22 19:09:12.199,9317,160,5,0,True,0,car,0 days 00:00:07.865000,0 days 01:08:09.966000,568.6374999999999,4.0
2023-10-22 19:09:12.399,8913,143,4,0,True,0,car,0 days 00:00:08.065000,0 days 01:08:10.166000,576.5819444444444,4.0
2023-10-22 19:09:12.599,9184,133,3,0,True,0,car,0 days 00:00:08.265000,0 days 01:08:10.366000,583.9708333333333,4.0
2023-10-22 19:09:12.759,9312,121,3,0,True,0,car,0 days 00:00:08.425000,0 days 01:08:10.526000,589.348611111111,4.0
2023-10-22 19:09:12.959,9264,111,3,0,True,0,car,0 days 00:00:08.625000,0 days 01:08:10.726000,595.5152777777777,4.0
2023-10-22 19:09:13.279,8248,101,2,0,True,0,car,0 days 00:00:08.945000,0 days 01:08:11.046000,604.4930555555554,4.0
2023-10-22 19:09:13.719,7651,90,2,0,True,0,car,0 days 00:00:09.385000,0 days 01:08:11.486000,615.4930555555554,4.0
2023-10-22 19:09:14.119,6842,82,2,0,True,0,car,0 days 00:00:09.785000,0 days 01:08:11.886000,624.6041666666665,4.0
2023-10-22 19:09:14.279,6608,80,2,0,True,0,car,0 days 00:00:09.945000,0 days 01:08:12.046000,628.1597222222221,4.0
2023-10-22 19:09:14.519,6352,77,2,0,False,0,car,0 days 00:00:10.185000,0 days 01:08:12.286000,633.2930555555554,4.0
2023-10-22 19:09:14.719,6082,73,2,0,False,0,car,0 days 00:00:10.385000,0 days 01:08:12.486000,637.3486111111109,4.0
2023-10-22 19:09:15.119,6865,73,2,17,False,0,car,0 days 00:00:10.785000,0 days 01:08:12.886000,645.459722222222,4.0
2023-10-22 19:09:15.519,6694,78,2,27,False,0,car,0 days 00:00:11.185000,0 days 01:08:13.286000,654.1263888888886,4.0
2023-10-22 19:09:15.800,7482,79,2,35,False,0,car,0 days 00:00:11.466000,0 days 01:08:13.567000,660.2927777777775,4.0
2023-10-22 19:09:16.200,8314,90,2,46,False,0,car,0 days 00:00:11.866000,0 days 01:08:13.967000,670.2927777777775,4.0
2023-10-22 19:09:16.559,9555,102,2,52,False,0,car,0 days 00:00:12.225000,0 days 01:08:14.326000,680.4644444444441,4.0
2023-10-22 19:09:16.719,9998,108,2,51,False,0,car,0 days 00:00:12.385000,0 days 01:08:14.486000,685.264444444444,4.0
2023-10-22 19:09:16.919,10339,115,2,59,False,0,car,0 days 00:00:12.585000,0 days 01:08:14.686000,691.653333333333,4.0
2023-10-22 19:09:17.239,9816,127,2,71,False,0,car,0 days 00:00:12.905000,0 days 01:08:15.006000,702.9422222222219,4.0
2023-10-22 19:09:17.479,10243,134,3,72,False,0,car,0 days 00:00:13.145000,0 days 01:08:15.246000,711.8755555555553,4.0
2023-10-22 19:09:17.679,11035,143,3,87,False,0,car,0 days 00:00:13.345000,0 days 01:08:15.446000,719.8199999999997,4.0
2023-10-22 19:09:17.879,10790,154,3,99,False,0,car,0 days 00:00:13.545000,0 days 01:08:15.646000,728.3755555555553,4.0
2023-10-22 19:09:18.079,10784,161,4,99,False,0,car,0 days 00:00:13.745000,0 days 01:08:15.846000,737.3199999999997,4.0
2023-10-22 19:09:18.279,11170,170,4,99,False,0,car,0 days 00:00:13.945000,0 days 01:08:16.046000,746.7644444444442,4.0
2023-10-22 19:09:18.559,11613,183,4,99,False,0,car,0 days 00:00:14.225000,0 days 01:08:16.326000,760.9977777777775,4.0
2023-10-22 19:09:18.879,10653,191,5,99,False,0,car,0 days 00:00:14.545000,0 days 01:08:16.646000,777.9755555555553,4.0
2023-10-22 19:09:19.279,11170,207,5,100,False,0,car,0 days 00:00:14.945000,0 days 01:08:17.046000,800.9755555555553,4.0
2023-10-22 19:09:19.519,10392,213,5,99,False,0,car,0 days 00:00:15.185000,0 days 01:08:17.286000,815.1755555555553,4.0
2023-10-22 19:09:19.679,10300,213,6,99,False,0,car,0 days 00:00:15.345000,0 days 01:08:17.446000,824.642222222222,4.0
2023-10-22 19:09:20.159,10799,223,6,99,False,0,car,0 days 00:00:15.825000,0 days 01:08:17.926000,854.3755555555553,4.0
2023-10-22 19:09:20.359,10994,232,6,99,False,0,car,0 days 00:00:16.025000,0 days 01:08:18.126000,867.264444444444,4.0
2023-10-22 19:09:20.519,11134,235,6,100,False,0,car,0 days 00:00:16.185000,0 days 01:08:18.286000,877.7088888888885,4.0
2023-10-22 19:09:20.799,11391,238,6,99,False,0,car,0 days 00:00:16.465000,0 days 01:08:18.566000,896.2199999999997,4.0
2023-10-22 19:09:20.959,11454,242,6,100,False,0,car,0 days 00:00:16.625000,0 days 01:08:18.726000,906.9755555555553,4.0
2023-10-22 19:09:21.159,11602,244,6,100,False,0,car,0 days 00:00:16.825000,0 days 01:08:18.926000,920.5311111111108,4.0
2023-10-22 19:09:21.399,11570,246,6,100,False,0,car,0 days 00:00:17.065000,0 days 01:08:19.166000,936.9311111111109,4.0
2023-10-22 19:09:21.599,10412,249,6,100,False,0,car,0 days 00:00:17.265000,0 days 01:08:19.366000,950.7644444444442,4.0
2023-10-22 19:09:21.839,10483,252,7,100,False,0,car,0 days 00:00:17.505000,0 days 01:08:19.606000,967.564444444444,4.0
2023-10-22 19:09:22.079,10614,255,7,100,False,0,car,0 days 00:00:17.745000,0 days 01:08:19.846000,984.5644444444441,4.0
2023-10-22 19:09:22.320,10803,258,7,100,False,0,car,0 days 00:00:17.986000,0 days 01:08:20.087000,1001.8361111111108,4.0
2023-10-22 19:09:22.560,10906,261,7,100,False,0,car,0 days 00:00:18.226000,0 days 01:08:20.327000,1019.2361111111106,4.0
2023-10-22 19:09:22.760,11007,262,7,100,False,0,car,0 days 00:00:18.426000,0 days 01:08:20.527000,1033.791666666666,4.0
2023-10-22 19:09:23.079,10980,265,7,100,False,0,car,0 days 00:00:18.745000,0 days 01:08:20.846000,1057.2736111111108,4.0
2023-10-22 19:09:23.279,11125,267,7,100,False,0,car,0 days 00:00:18.945000,0 days 01:08:21.046000,1072.106944444444,4.0
2023-10-22 19:09:23.479,11129,268,7,99,False,0,car,0 days 00:00:19.145000,0 days 01:08:21.246000,1086.995833333333,4.0
2023-10-22 19:09:23.639,11144,268,7,100,False,0,car,0 days 00:00:19.305000,0 days 01:08:21.406000,1098.906944444444,4.0
2023-10-22 19:09:23.959,11141,269,7,100,False,0,car,0 days 00:00:19.625000,0 days 01:08:21.726000,1122.818055555555,4.0
2023-10-22 19:09:24.159,10771,270,7,100,False,0,car,0 days 00:00:19.825000,0 days 01:08:21.926000,1137.818055555555,4.0
2023-10-22 19:09:24.479,11037,268,7,49,False,0,car,0 days 00:00:20.145000,0 days 01:08:22.246000,1161.6402777777773,4.0
2023-10-22 19:09:24.719,10926,264,7,49,False,0,car,0 days 00:00:20.385000,0 days 01:08:22.486000,1179.2402777777775,4.0
2023-10-22 19:09:25.119,10527,256,7,0,True,0,car,0 days 00:00:20.785000,0 days 01:08:22.886000,1207.6847222222218,4.0
2023-10-22 19:09:25.479,9941,242,7,6,False,0,car,0 days 00:00:21.145000,0 days 01:08:23.246000,1231.8847222222219,4.0
2023-10-22 19:09:25.879,9699,233,7,47,False,0,car,0 days 00:00:21.545000,0 days 01:08:23.646000,1257.7736111111108,4.0
2023-10-22 19:09:26.839,10328,220,6,5,False,0,car,0 days 00:00:22.505000,0 days 01:08:24.606000,1316.4402777777773,4.0
2023-10-22 19:09:27.159,9810,215,6,23,False,0,car,0 days 00:00:22.825000,0 days 01:08:24.926000,1335.5513888888884,4.0
2023-10-22 19:09:27.559,9942,209,6,42,False,0,car,0 days 00:00:23.225000,0 days 01:08:25.326000,1358.7736111111108,4.0
2023-10-22 19:09:27.799,9933,210,6,55,False,0,car,0 days 00:00:23.465000,0 days 01:08:25.566000,1372.7736111111108,4.0
2023-10-22 19:09:28.199,10167,210,6,57,True,0,car,0 days 00:00:23.865000,0 days 01:08:25.966000,1396.106944444444,4.0
2023-10-22 19:09:28.399,10821,206,5,1,True,0,car,0 days 00:00:24.065000,0 days 01:08:26.166000,1407.5513888888886,4.0
2023-10-22 19:09:28.599,10548,202,5,21,False,0,car,0 days 00:00:24.265000,0 days 01:08:26.366000,1418.7736111111108,4.0
2023-10-22 19:09:28.920,10202,195,5,36,False,0,car,0 days 00:00:24.586000,0 days 01:08:26.687000,1436.1611111111106,4.0
2023-10-22 19:09:29.240,10132,189,5,1,False,0,car,0 days 00:00:24.906000,0 days 01:08:27.007000,1452.9611111111105,4.0
2023-10-22 19:09:29.600,10287,187,5,55,False,0,car,0 days 00:00:25.266000,0 days 01:08:27.367000,1471.6611111111106,4.0
2023-10-22 19:09:29.839,10268,189,5,57,False,0,car,0 days 00:00:25.505000,0 days 01:08:27.606000,1484.2086111111107,4.0
2023-10-22 19:09:30.119,10072,188,5,0,False,0,car,0 days 00:00:25.785000,0 days 01:08:27.886000,1498.830833333333,4.0
2023-10-22 19:09:30.319,9996,183,5,25,False,0,car,0 days 00:00:25.985000,0 days 01:08:28.086000,1508.9974999999995,4.0
2023-10-22 19:09:30.679,10157,185,5,61,False,0,car,0 days 00:00:26.345000,0 days 01:08:28.446000,1527.4974999999995,4.0
2023-10-22 19:09:30.999,10213,185,5,49,False,0,car,0 days 00:00:26.665000,0 days 01:08:28.766000,1543.9419444444438,4.0
2023-10-22 19:09:31.199,10251,187,5,55,False,0,car,0 days 00:00:26.865000,0 days 01:08:28.966000,1554.3308333333327,4.0
2023-10-22 19:09:31.399,10474,189,5,71,False,0,car,0 days 00:00:27.065000,0 days 01:08:29.166000,1564.830833333333,4.0
2023-10-22 19:09:31.599,10460,191,5,71,False,0,car,0 days 00:00:27.265000,0 days 01:08:29.366000,1575.441944444444,4.0
2023-10-22 19:09:31.839,10706,198,5,100,False,0,car,0 days 00:00:27.505000,0 days 01:08:29.606000,1588.6419444444439,4.0
2023-10-22 19:09:32.079,11004,198,5,100,False,0,car,0 days 00:00:27.745000,0 days 01:08:29.846000,1601.841944444444,4.0
2023-10-22 19:09:32.479,10224,198,5,0,True,0,car,0 days 00:00:28.145000,0 days 01:08:30.246000,1623.841944444444,4.0
2023-10-22 19:09:32.719,9703,185,5,0,True,0,car,0 days 00:00:28.385000,0 days 01:08:30.486000,1636.1752777777774,4.0
2023-10-22 19:09:32.879,10345,182,5,0,True,0,car,0 days 00:00:28.545000,0 days 01:08:30.646000,1644.2641666666664,4.0
2023-10-22 19:09:33.239,10498,178,4,1,True,0,car,0 days 00:00:28.905000,0 days 01:08:31.006000,1662.0641666666663,4.0
2023-10-22 19:09:33.759,10168,161,4,13,False,0,car,0 days 00:00:29.425000,0 days 01:08:31.526000,1685.3197222222218,4.0
2023-10-22 19:09:34.079,10393,160,4,46,False,0,car,0 days 00:00:29.745000,0 days 01:08:31.846000,1699.541944444444,4.0
2023-10-22 19:09:34.359,10336,163,4,50,False,0,car,0 days 00:00:30.025000,0 days 01:08:32.126000,1712.2197222222217,4.0
2023-10-22 19:09:34.599,10629,166,4,62,False,0,car,0 days 00:00:30.265000,0 days 01:08:32.366000,1723.2863888888885,4.0
2023-10-22 19:09:34.879,11232,173,4,80,False,0,car,0 days 00:00:30.545000,0 days 01:08:32.646000,1736.741944444444,4.0
2023-10-22 19:09:35.039,11310,177,4,89,False,0,car,0 days 00:00:30.705000,0 days 01:08:32.806000,1744.6086111111106,4.0
2023-10-22 19:09:35.360,11670,184,4,100,False,0,car,0 days 00:00:31.026000,0 days 01:08:33.127000,1761.0152777777773,4.0
2023-10-22 19:09:35.800,10207,169,4,0,True,0,car,0 days 00:00:31.466000,0 days 01:08:33.567000,1781.670833333333,4.0
2023-10-22 19:09:36.040,10777,161,3,0,True,0,car,0 days 00:00:31.706000,0 days 01:08:33.807000,1792.4041666666662,4.0
2023-10-22 19:09:36.439,9516,136,3,0,True,0,car,0 days 00:00:32.105000,0 days 01:08:34.206000,1807.4774999999995,4.0
2023-10-22 19:09:36.599,9376,132,3,0,True,0,car,0 days 00:00:32.265000,0 days 01:08:34.366000,1813.3441666666663,4.0
2023-10-22 19:09:36.759,9235,128,3,3,True,0,car,0 days 00:00:32.425000,0 days 01:08:34.526000,1819.0330555555552,4.0
2023-10-22 19:09:36.919,8704,125,3,7,False,0,car,0 days 00:00:32.585000,0 days 01:08:34.686000,1824.5886111111108,4.0
2023-10-22 19:09:37.119,8800,122,3,0,False,0,car,0 days 00:00:32.785000,0 days 01:08:34.886000,1831.3663888888884,4.0
2023-10-22 19:09:37.439,8762,120,3,32,False,0,car,0 days 00:00:33.105000,0 days 01:08:35.206000,1842.0330555555552,4.0
2023-10-22 19:09:37.679,9013,119,3,44,False,0,car,0 days 00:00:33.345000,0 days 01:08:35.446000,1849.9663888888886,4.0
2023-10-22 19:09:37.879,8458,122,3,40,False,0,car,0 days 00:00:33.545000,0 days 01:08:35.646000,1856.7441666666664,4.0
2023-10-22 19:09:38.199,8154,125,4,43,False,0,car,0 days 00:00:33.865000,0 days 01:08:35.966000,1867.8552777777775,4.0
2023-10-22 19:09:38.479,8202,129,4,50,False,0,car,0 days 00:00:34.145000,0 days 01:08:36.246000,1877.8886111111108,4.0
2023-10-22 19:09:38.919,8912,139,4,71,False,0,car,0 days 00:00:34.585000,0 days 01:08:36.686000,1894.8774999999996,4.0
2023-10-22 19:09:39.319,9691,152,4,61,False,0,car,0 days 00:00:34.985000,0 days 01:08:37.086000,1911.7663888888885,4.0
2023-10-22 19:09:39.679,9836,156,4,44,False,0,car,0 days 00:00:35.345000,0 days 01:08:37.446000,1927.3663888888884,4.0
2023-10-22 19:09:39.959,9808,156,4,42,False,0,car,0 days 00:00:35.625000,0 days 01:08:37.726000,1939.4997222222219,4.0
2023-10-22 19:09:40.239,10065,157,4,51,False,0,car,0 days 00:00:35.905000,0 days 01:08:38.006000,1951.710833333333,4.0
2023-10-22 19:09:40.519,10215,166,4,62,False,0,car,0 days 00:00:36.185000,0 days 01:08:38.286000,1964.6219444444444,4.0
2023-10-22 19:09:40.679,10829,168,4,83,False,0,car,0 days 00:00:36.345000,0 days 01:08:38.446000,1972.0886111111108,4.0
2023-10-22 19:09:40.879,11531,175,4,100,False,0,car,0 days 00:00:36.545000,0 days 01:08:38.646000,1981.8108333333332,4.0
2023-10-22 19:09:41.159,11764,178,4,100,False,0,car,0 days 00:00:36.825000,0 days 01:08:38.926000,1995.6552777777777,4.0
2023-10-22 19:09:41.399,11764,185,5,100,False,0,car,0 days 00:00:37.065000,0 days 01:08:39.166000,2007.9886111111107,4.0
2023-10-22 19:09:41.599,11484,185,5,99,False,0,car,0 days 00:00:37.265000,0 days 01:08:39.366000,2018.2663888888885,4.0
2023-10-22 19:09:41.799,11089,198,5,100,False,0,car,0 days 00:00:37.465000,0 days 01:08:39.566000,2029.2663888888887,4.0
2023-10-22 19:09:42.160,11767,214,5,100,False,0,car,0 days 00:00:37.826000,0 days 01:08:39.927000,2050.725833333333,4.0
2023-10-22 19:09:42.400,10459,219,5,99,False,0,car,0 days 00:00:38.066000,0 days 01:08:40.167000,2065.325833333333,4.0
2023-10-22 19:09:42.560,10658,224,6,99,False,0,car,0 days 00:00:38.226000,0 days 01:08:40.327000,2075.281388888888,4.0
2023-10-22 19:09:42.840,11099,232,6,100,False,0,car,0 days 00:00:38.506000,0 days 01:08:40.607000,2093.325833333333,4.0
2023-10-22 19:09:43.159,11610,238,6,100,False,0,car,0 days 00:00:38.825000,0 days 01:08:40.926000,2114.4152777777776,4.0
2023-10-22 19:09:43.319,11599,242,6,100,False,0,car,0 days 00:00:38.985000,0 days 01:08:41.086000,2125.170833333333,4.0
2023-10-22 19:09:43.519,11758,244,6,100,False,0,car,0 days 00:00:39.185000,0 days 01:08:41.286000,2138.726388888889,4.0
2023-10-22 19:09:43.879,10515,249,7,99,False,0,car,0 days 00:00:39.545000,0 days 01:08:41.646000,2163.626388888889,4.0
2023-10-22 19:09:44.279,10671,257,7,100,False,0,car,0 days 00:00:39.945000,0 days 01:08:42.046000,2192.1819444444445,4.0
2023-10-22 19:09:44.639,10932,264,7,100,False,0,car,0 days 00:00:40.305000,0 days 01:08:42.406000,2218.5819444444446,4.0
2023-10-22 19:09:44.799,11055,264,7,99,False,0,car,0 days 00:00:40.465000,0 days 01:08:42.566000,2230.315277777778,4.0
2023-10-22 19:09:45.119,11241,271,7,99,False,0,car,0 days 00:00:40.785000,0 days 01:08:42.886000,2254.4041666666667,4.0
2023-10-22 19:09:45.399,11405,274,7,99,False,0,car,0 days 00:00:41.065000,0 days 01:08:43.166000,2275.715277777778,4.0
2023-10-22 19:09:45.639,11466,276,7,99,False,0,car,0 days 00:00:41.305000,0 days 01:08:43.406000,2294.115277777778,4.0
2023-10-22 19:09:46.079,11617,281,7,100,False,0,car,0 days 00:00:41.745000,0 days 01:08:43.846000,2328.4597222222224,4.0
2023-10-22 19:09:46.359,11743,284,7,100,False,0,car,0 days 00:00:42.025000,0 days 01:08:44.126000,2350.5486111111113,4.0
2023-10-22 19:09:46.559,11797,284,7,100,False,0,car,0 days 00:00:42.225000,0 days 01:08:44.326000,2366.326388888889,4.0
2023-10-22 19:09:46.719,11517,285,7,100,False,0,car,0 days 00:00:42.385000,0 days 01:08:44.486000,2378.9930555555557,4.0
2023-10-22 19:09:46.919,10876,265,7,0,True,0,car,0 days 00:00:42.585000,0 days 01:08:44.686000,2393.7152777777783,4.0
2023-10-22 19:09:47.159,11233,253,7,0,True,0,car,0 days 00:00:42.825000,0 days 01:08:44.926000,2410.581944444445,4.0
2023-10-22 19:09:47.439,10866,213,6,0,True,0,car,0 days 00:00:43.105000,0 days 01:08:45.206000,2427.148611111111,4.0
2023-10-22 19:09:47.719,10953,184,5,0,True,0,car,0 days 00:00:43.385000,0 days 01:08:45.486000,2441.4597222222224,4.0
2023-10-22 19:09:48.159,10235,153,4,0,True,0,car,0 days 00:00:43.825000,0 days 01:08:45.926000,2460.1597222222226,4.0
2023-10-22 19:09:48.399,9997,140,3,0,True,0,car,0 days 00:00:44.065000,0 days 01:08:46.166000,2469.4930555555557,4.0
2023-10-22 19:09:48.640,10277,128,3,0,True,0,car,0 days 00:00:44.306000,0 days 01:08:46.407000,2478.0619444444446,4.0
2023-10-22 19:09:48.920,9204,107,2,0,True,0,car,0 days 00:00:44.586000,0 days 01:08:46.687000,2486.3841666666667,4.0
2023-10-22 19:09:49.080,8426,103,2,0,True,0,car,0 days 00:00:44.746000,0 days 01:08:46.847000,2490.9619444444447,4.0
2023-10-22 19:09:49.280,7626,98,2,0,True,0,car,0 days 00:00:44.946000,0 days 01:08:47.047000,2496.406388888889,4.0
2023-10-22 19:09:49.600,6907,86,2,0,True,0,car,0 days 00:00:45.266000,0 days 01:08:47.367000,2504.0508333333337,4.0
2023-10-22 19:09:49.760,6569,81,2,0,True,0,car,0 days 00:00:45.426000,0 days 01:08:47.527000,2507.6508333333336,4.0
2023-10-22 19:09:50.039,6241,76,2,0,True,0,car,0 days 00:00:45.705000,0 days 01:08:47.806000,2513.5408333333335,4.0
2023-10-22 19:09:50.199,6040,75,2,0,False,0,car,0 days 00:00:45.865000,0 days 01:08:47.966000,2516.874166666667,4.0
2023-10-22 19:09:50.519,5785,71,2,0,False,0,car,0 days 00:00:46.185000,0 days 01:08:48.286000,2523.185277777778,4.0
2023-10-22 19:09:50.799,5754,69,2,2,False,0,car,0 days 00:00:46.465000,0 days 01:08:48.566000,2528.551944444445,4.0
2023-10-22 19:09:50.959,5633,66,2,7,False,0,car,0 days 00:00:46.625000,0 days 01:08:48.726000,2531.4852777777783,4.0
2023-10-22 19:09:51.279,6145,69,2,23,False,0,car,0 days 00:00:46.945000,0 days 01:08:49.046000,2537.6186111111115,4.0
2023-10-22 19:09:51.679,6747,74,2,37,False,0,car,0 days 00:00:47.345000,0 days 01:08:49.446000,2545.8408333333336,4.0
2023-10-22 19:09:51.959,7861,83,2,40,False,0,car,0 days 00:00:47.625000,0 days 01:08:49.726000,2552.2963888888894,4.0
2023-10-22 19:09:52.119,7998,87,2,41,False,0,car,0 days 00:00:47.785000,0 days 01:08:49.886000,2556.163055555556,4.0
2023-10-22 19:09:52.359,8504,91,2,42,False,0,car,0 days 00:00:48.025000,0 days 01:08:50.126000,2562.229722222223,4.0
2023-10-22 19:09:52.599,9224,98,2,57,False,0,car,0 days 00:00:48.265000,0 days 01:08:50.366000,2568.763055555556,4.0
2023-10-22 19:09:52.799,9756,103,2,57,False,0,car,0 days 00:00:48.465000,0 days 01:08:50.566000,2574.4852777777783,4.0
2023-10-22 19:09:53.039,10847,113,2,60,False,0,car,0 days 00:00:48.705000,0 days 01:08:50.806000,2582.0186111111116,4.0
2023-10-22 19:09:53.319,10149,125,3,72,False,0,car,0 days 00:00:48.985000,0 days 01:08:51.086000,2591.7408333333337,4.0
2023-10-22 19:09:53.599,11127,133,3,80,False,0,car,0 days 00:00:49.265000,0 days 01:08:51.366000,2602.085277777778,4.0
2023-10-22 19:09:53.839,11632,146,3,85,False,0,car,0 days 00:00:49.505000,0 days 01:08:51.606000,2611.8186111111117,4.0
2023-10-22 19:09:54.079,11727,154,3,100,False,0,car,0 days 00:00:49.745000,0 days 01:08:51.846000,2622.085277777778,4.0
2023-10-22 19:09:54.399,12272,165,4,100,False,0,car,0 days 00:00:50.065000,0 days 01:08:52.166000,2636.7519444444447,4.0
2023-10-22 19:09:54.759,11828,181,4,100,False,8,car,0 days 00:00:50.425000,0 days 01:08:52.526000,2654.8519444444446,4.0
2023-10-22 19:09:54.959,12026,188,4,100,False,8,car,0 days 00:00:50.625000,0 days 01:08:52.726000,2665.2963888888894,4.0
2023-10-22 19:09:55.320,10842,199,5,100,False,8,car,0 days 00:00:50.986000,0 days 01:08:53.087000,2685.251666666667,4.0
2023-10-22 19:09:55.560,11341,205,5,100,False,8,car,0 days 00:00:51.226000,0 days 01:08:53.327000,2698.918333333334,4.0
2023-10-22 19:09:55.880,11752,217,5,100,False,8,car,0 days 00:00:51.546000,0 days 01:08:53.647000,2718.2072222222228,4.0
2023-10-22 19:09:56.200,10760,224,6,100,False,8,car,0 days 00:00:51.866000,0 days 01:08:53.967000,2738.118333333334,4.0
2023-10-22 19:09:56.360,10829,229,6,100,False,8,car,0 days 00:00:52.026000,0 days 01:08:54.127000,2748.2961111111117,4.0
2023-10-22 19:09:56.560,11087,234,6,100,False,8,car,0 days 00:00:52.226000,0 days 01:08:54.327000,2761.2961111111113,4.0
2023-10-22 19:09:56.799,11254,238,6,100,False,8,car,0 days 00:00:52.465000,0 days 01:08:54.566000,2777.0966666666673,4.0
2023-10-22 19:09:57.199,11492,246,6,100,False,8,car,0 days 00:00:52.865000,0 days 01:08:54.966000,2804.4300000000003,4.0
2023-10-22 19:09:57.479,10479,249,7,100,False,8,car,0 days 00:00:53.145000,0 days 01:08:55.246000,2823.796666666667,4.0
2023-10-22 19:09:57.879,10822,257,7,100,False,14,car,0 days 00:00:53.545000,0 days 01:08:55.646000,2852.3522222222227,4.0
2023-10-22 19:09:58.039,10829,260,7,100,False,14,car,0 days 00:00:53.705000,0 days 01:08:55.806000,2863.907777777778,4.0
2023-10-22 19:09:58.279,10931,262,7,100,False,12,car,0 days 00:00:53.945000,0 days 01:08:56.046000,2881.3744444444446,4.0
2023-10-22 19:09:58.479,11201,266,7,100,False,12,car,0 days 00:00:54.145000,0 days 01:08:56.246000,2896.1522222222225,4.0
2023-10-22 19:09:58.799,11350,274,7,100,False,12,car,0 days 00:00:54.465000,0 days 01:08:56.566000,2920.507777777778,4.0
2023-10-22 19:09:59.119,11375,280,7,100,False,12,car,0 days 00:00:54.785000,0 days 01:08:56.886000,2945.396666666666,4.0
2023-10-22 19:09:59.359,10651,281,8,100,False,12,car,0 days 00:00:55.025000,0 days 01:08:57.126000,2964.1299999999997,4.0
2023-10-22 19:09:59.599,10618,284,8,100,False,12,car,0 days 00:00:55.265000,0 days 01:08:57.366000,2983.063333333333,4.0
2023-10-22 19:09:59.839,10693,287,8,100,False,12,car,0 days 00:00:55.505000,0 days 01:08:57.606000,3002.1966666666667,4.0
2023-10-22 19:10:00.079,10889,292,8,100,False,12,car,0 days 00:00:55.745000,0 days 01:08:57.846000,3021.663333333333,4.0
2023-10-22 19:10:00.319,10931,295,8,100,False,12,car,0 days 00:00:55.985000,0 days 01:08:58.086000,3041.33,4.0
2023-10-22 19:10:00.799,11170,300,8,100,False,12,car,0 days 00:00:56.465000,0 days 01:08:58.566000,3081.3300000000004,4.0
2023-10-22 19:10:01.199,11270,303,8,100,False,12,car,0 days 00:00:56.865000,0 days 01:08:58.966000,3114.996666666667,4.0
2023-10-22 19:10:01.359,11327,308,8,100,False,12,car,0 days 00:00:57.025000,0 days 01:08:59.126000,3128.6855555555553,4.0
2023-10-22 19:10:01.559,11256,309,8,100,False,12,car,0 days 00:00:57.225000,0 days 01:08:59.326000,3145.8522222222223,4.0
2023-10-22 19:10:01.720,11447,311,8,100,False,12,car,0 days 00:00:57.386000,0 days 01:08:59.487000,3159.7608333333337,4.0
2023-10-22 19:10:02.000,11447,313,8,100,False,12,car,0 days 00:00:57.666000,0 days 01:08:59.767000,3184.1052777777777,4.0
2023-10-22 19:10:02.320,11612,315,8,100,False,12,car,0 days 00:00:57.986000,0 days 01:09:00.087000,3212.1052777777777,4.0
2023-10-22 19:10:02.520,11679,316,8,100,False,12,car,0 days 00:00:58.186000,0 days 01:09:00.287000,3229.6608333333334,4.0
2023-10-22 19:10:02.880,11739,320,8,100,False,12,car,0 days 00:00:58.546000,0 days 01:09:00.647000,3261.6608333333334,4.0
2023-10-22 19:10:03.200,11834,321,8,100,False,12,car,0 days 00:00:58.866000,0 days 01:09:00.967000,3290.1941666666667,4.0
2023-10-22 19:10:03.399,11900,323,8,100,False,12,car,0 days 00:00:59.065000,0 days 01:09:01.166000,3308.0488888888885,4.0
2023-10-22 19:10:03.599,11900,324,8,100,False,12,car,0 days 00:00:59.265000,0 days 01:09:01.366000,3326.048888888889,4.0
2023-10-22 19:10:03.799,11900,325,8,100,False,12,car,0 days 00:00:59.465000,0 days 01:09:01.566000,3344.1044444444447,4.0
2023-10-22 19:10:04.039,11988,327,8,100,False,12,car,0 days 00:00:59.705000,0 days 01:09:01.806000,3365.9044444444444,4.0
2023-10-22 19:10:04.319,12023,328,8,100,False,12,car,0 days 00:00:59.985000,0 days 01:09:02.086000,3391.415555555556,4.0
2023-10-22 19:10:04.679,12140,330,8,100,False,12,car,0 days 00:01:00.345000,0 days 01:09:02.446000,3424.415555555556,4.0
2023-10-22 19:10:04.919,12178,331,8,100,False,12,car,0 days 00:01:00.585000,0 days 01:09:02.686000,3446.482222222223,4.0
2023-10-22 19:10:05.159,12197,332,8,100,False,12,car,0 days 00:01:00.825000,0 days 01:09:02.926000,3468.6155555555565,4.0
2023-10-22 19:10:05.319,12150,332,8,100,False,12,car,0 days 00:01:00.985000,0 days 01:09:03.086000,3483.3711111111115,4.0
2023-10-22 19:10:05.519,12170,331,8,100,False,12,car,0 days 00:01:01.185000,0 days 01:09:03.286000,3501.7600000000007,4.0
2023-10-22 19:10:05.679,12170,331,8,100,False,12,car,0 days 00:01:01.345000,0 days 01:09:03.446000,3516.4711111111114,4.0
2023-10-22 19:10:05.959,11911,327,8,100,True,0,car,0 days 00:01:01.625000,0 days 01:09:03.726000,3541.904444444445,4.0
2023-10-22 19:10:06.199,11270,315,8,0,True,0,car,0 days 00:01:01.865000,0 days 01:09:03.966000,3562.904444444445,4.0
2023-10-22 19:10:06.559,10814,256,8,0,True,0,car,0 days 00:01:02.225000,0 days 01:09:04.326000,3588.5044444444447,4.0
2023-10-22 19:10:06.919,11633,226,6,0,True,0,car,0 days 00:01:02.585000,0 days 01:09:04.686000,3611.1044444444447,4.0
2023-10-22 19:10:07.239,11135,193,5,0,True,0,car,0 days 00:01:02.905000,0 days 01:09:05.006000,3628.26,4.0
2023-10-22 19:10:07.479,11152,176,4,0,True,0,car,0 days 00:01:03.145000,0 days 01:09:05.246000,3639.993333333334,4.0
2023-10-22 19:10:07.679,10011,163,4,0,True,0,car,0 days 00:01:03.345000,0 days 01:09:05.446000,3649.048888888889,4.0
2023-10-22 19:10:07.959,10802,147,4,0,True,0,car,0 days 00:01:03.625000,0 days 01:09:05.726000,3660.4822222222224,4.0
2023-10-22 19:10:08.240,9729,130,3,0,True,0,car,0 days 00:01:03.906000,0 days 01:09:06.007000,3670.6294444444447,4.0
2023-10-22 19:10:08.440,10009,125,3,0,True,0,car,0 days 00:01:04.106000,0 days 01:09:06.207000,3677.573888888889,4.0
2023-10-22 19:10:08.680,9227,110,2,0,True,0,car,0 days 00:01:04.346000,0 days 01:09:06.447000,3684.9072222222226,4.0
2023-10-22 19:10:08.960,8332,99,2,0,True,0,car,0 days 00:01:04.626000,0 days 01:09:06.727000,3692.6072222222224,4.0
2023-10-22 19:10:09.200,7641,94,2,0,True,0,car,0 days 00:01:04.866000,0 days 01:09:06.967000,3698.873888888889,4.0
2023-10-22 19:10:09.520,7183,84,2,0,True,0,car,0 days 00:01:05.186000,0 days 01:09:07.287000,3706.3405555555555,4.0
2023-10-22 19:10:09.680,7183,82,2,0,True,0,car,0 days 00:01:05.346000,0 days 01:09:07.447000,3709.9849999999997,4.0
2023-10-22 19:10:09.880,6483,79,2,0,False,0,car,0 days 00:01:05.546000,0 days 01:09:07.647000,3714.373888888889,4.0
2023-10-22 19:10:10.359,6322,72,2,1,False,0,car,0 days 00:01:06.025000,0 days 01:09:08.126000,3723.9538888888887,4.0
2023-10-22 19:10:10.599,6805,73,2,29,False,0,car,0 days 00:01:06.265000,0 days 01:09:08.366000,3728.8205555555555,4.0
2023-10-22 19:10:10.959,7392,79,2,39,False,0,car,0 days 00:01:06.625000,0 days 01:09:08.726000,3736.7205555555556,4.0
2023-10-22 19:10:11.319,8080,90,2,46,False,0,car,0 days 00:01:06.985000,0 days 01:09:09.086000,3745.7205555555556,4.0
2023-10-22 19:10:11.479,8741,94,2,54,False,0,car,0 days 00:01:07.145000,0 days 01:09:09.246000,3749.898333333333,4.0
2023-10-22 19:10:11.719,9585,104,2,59,False,0,car,0 days 00:01:07.385000,0 days 01:09:09.486000,3756.8316666666665,4.0
2023-10-22 19:10:11.919,10215,112,2,68,False,0,car,0 days 00:01:07.585000,0 days 01:09:09.686000,3763.053888888888,4.0
2023-10-22 19:10:12.119,10215,119,2,69,False,0,car,0 days 00:01:07.785000,0 days 01:09:09.886000,3769.6649999999995,4.0
2023-10-22 19:10:12.399,11475,131,2,78,False,0,car,0 days 00:01:08.065000,0 days 01:09:10.166000,3779.8538888888884,4.0
2023-10-22 19:10:12.599,10781,136,2,100,False,0,car,0 days 00:01:08.265000,0 days 01:09:10.366000,3787.409444444444,4.0
2023-10-22 19:10:12.799,11390,147,3,100,False,0,car,0 days 00:01:08.465000,0 days 01:09:10.566000,3795.576111111111,4.0
2023-10-22 19:10:13.159,11651,163,3,100,False,0,car,0 days 00:01:08.825000,0 days 01:09:10.926000,3811.876111111111,4.0
2023-10-22 19:10:13.479,11020,175,4,100,False,0,car,0 days 00:01:09.145000,0 days 01:09:11.246000,3827.4316666666664,4.0
2023-10-22 19:10:13.839,11722,187,4,100,False,0,car,0 days 00:01:09.505000,0 days 01:09:11.606000,3846.131666666666,4.0
2023-10-22 19:10:14.039,11405,189,4,100,True,0,car,0 days 00:01:09.705000,0 days 01:09:11.806000,3856.631666666666,4.0
2023-10-22 19:10:14.279,10577,174,4,0,True,0,car,0 days 00:01:09.945000,0 days 01:09:12.046000,3868.231666666666,4.0
2023-10-22 19:10:14.559,10892,162,4,0,True,0,car,0 days 00:01:10.225000,0 days 01:09:12.326000,3880.831666666666,4.0
2023-10-22 19:10:14.880,11819,133,3,0,True,0,car,0 days 00:01:10.546000,0 days 01:09:12.647000,3892.690833333333,4.0
2023-10-22 19:10:15.280,9689,115,2,0,True,0,car,0 days 00:01:10.946000,0 days 01:09:13.047000,3905.4686111111105,4.0
2023-10-22 19:10:15.440,8938,108,2,0,True,0,car,0 days 00:01:11.106000,0 days 01:09:13.207000,3910.26861111111,4.0
2023-10-22 19:10:15.640,8381,102,2,0,True,0,car,0 days 00:01:11.306000,0 days 01:09:13.407000,3915.935277777777,4.0
2023-10-22 19:10:15.800,8140,100,2,1,False,0,car,0 days 00:01:11.466000,0 days 01:09:13.567000,3920.3797222222215,4.0
2023-10-22 19:10:16.080,7930,96,2,3,False,0,car,0 days 00:01:11.746000,0 days 01:09:13.847000,3927.846388888888,4.0
2023-10-22 19:10:16.480,7379,90,2,0,False,0,car,0 days 00:01:12.146000,0 days 01:09:14.247000,3937.846388888888,4.0
2023-10-22 19:10:16.799,7192,86,2,7,False,0,car,0 days 00:01:12.465000,0 days 01:09:14.566000,3945.466944444444,4.0
2023-10-22 19:10:17.039,7501,82,2,13,False,0,car,0 days 00:01:12.705000,0 days 01:09:14.806000,3950.9336111111106,4.0
2023-10-22 19:10:17.199,7597,83,2,23,False,0,car,0 days 00:01:12.865000,0 days 01:09:14.966000,3954.6224999999995,4.0
2023-10-22 19:10:17.399,7597,85,2,30,False,0,car,0 days 00:01:13.065000,0 days 01:09:15.166000,3959.3447222222217,4.0
2023-10-22 19:10:17.799,8308,92,2,42,False,0,car,0 days 00:01:13.465000,0 days 01:09:15.566000,3969.566944444444,4.0
2023-10-22 19:10:18.079,8912,98,2,47,False,0,car,0 days 00:01:13.745000,0 days 01:09:15.846000,3977.189166666666,4.0
2023-10-22 19:10:18.399,9450,103,2,44,False,0,car,0 days 00:01:14.065000,0 days 01:09:16.166000,3986.3447222222217,4.0
2023-10-22 19:10:18.799,10247,113,2,55,False,0,car,0 days 00:01:14.465000,0 days 01:09:16.566000,3998.9002777777773,4.0
2023-10-22 19:10:18.999,10782,119,2,59,False,0,car,0 days 00:01:14.665000,0 days 01:09:16.766000,4005.5113888888886,4.0
2023-10-22 19:10:19.159,10222,126,2,59,False,0,car,0 days 00:01:14.825000,0 days 01:09:16.926000,4011.1113888888885,4.0
2023-10-22 19:10:19.439,10288,131,3,65,False,0,car,0 days 00:01:15.105000,0 days 01:09:17.206000,4021.3002777777774,4.0
2023-10-22 19:10:19.799,11013,147,3,74,False,0,car,0 days 00:01:15.465000,0 days 01:09:17.566000,4036.0002777777772,4.0
2023-10-22 19:10:20.039,11633,156,3,76,False,0,car,0 days 00:01:15.705000,0 days 01:09:17.806000,4046.400277777777,4.0
2023-10-22 19:10:20.239,10513,163,3,76,False,0,car,0 days 00:01:15.905000,0 days 01:09:18.006000,4055.4558333333325,4.0
2023-10-22 19:10:20.439,10635,168,4,86,False,0,car,0 days 00:01:16.105000,0 days 01:09:18.206000,4064.789166666666,4.0
2023-10-22 19:10:20.639,11152,173,4,100,False,0,car,0 days 00:01:16.305000,0 days 01:09:18.406000,4074.4002777777773,4.0
2023-10-22 19:10:20.799,11333,176,4,99,False,0,car,0 days 00:01:16.465000,0 days 01:09:18.566000,4082.2224999999994,4.0
2023-10-22 19:10:21.039,10213,184,4,99,False,0,car,0 days 00:01:16.705000,0 days 01:09:18.806000,4094.489166666666,4.0
2023-10-22 19:10:21.199,9756,188,5,79,True,0,car,0 days 00:01:16.865000,0 days 01:09:18.966000,4102.844722222221,4.0
2023-10-22 19:10:21.480,10004,177,5,0,True,0,car,0 days 00:01:17.146000,0 days 01:09:19.247000,4116.660555555555,4.0
2023-10-22 19:10:21.840,10527,160,4,0,True,0,car,0 days 00:01:17.506000,0 days 01:09:19.607000,4132.660555555555,4.0
2023-10-22 19:10:22.080,10517,147,3,0,True,0,car,0 days 00:01:17.746000,0 days 01:09:19.847000,4142.460555555555,4.0
2023-10-22 19:10:22.280,9749,143,3,0,True,0,car,0 days 00:01:17.946000,0 days 01:09:20.047000,4150.405,4.0
2023-10-22 19:10:22.520,10279,124,3,0,True,0,car,0 days 00:01:18.186000,0 days 01:09:20.287000,4158.671666666667,4.0
2023-10-22 19:10:22.840,9911,107,2,0,True,0,car,0 days 00:01:18.506000,0 days 01:09:20.607000,4168.182777777778,4.0
2023-10-22 19:10:23.000,9351,107,2,0,True,0,car,0 days 00:01:18.666000,0 days 01:09:20.767000,4172.9383333333335,4.0
2023-10-22 19:10:23.200,10411,98,1,0,True,0,car,0 days 00:01:18.866000,0 days 01:09:20.967000,4178.382777777778,4.0
2023-10-22 19:10:23.480,9236,89,1,0,True,0,car,0 days 00:01:19.146000,0 days 01:09:21.247000,4185.305,4.0
2023-10-22 19:10:23.879,8850,80,1,2,True,0,car,0 days 00:01:19.545000,0 days 01:09:21.646000,4194.171666666667,4.0
2023-10-22 19:10:24.039,8403,76,1,0,True,0,car,0 days 00:01:19.705000,0 days 01:09:21.806000,4197.549444444445,4.0
2023-10-22 19:10:24.279,7986,73,1,0,True,0,car,0 days 00:01:19.945000,0 days 01:09:22.046000,4202.416111111112,4.0
2023-10-22 19:10:24.439,7303,71,1,0,True,0,car,0 days 00:01:20.105000,0 days 01:09:22.206000,4205.571666666668,4.0
2023-10-22 19:10:24.759,6971,65,1,0,False,0,car,0 days 00:01:20.425000,0 days 01:09:22.526000,4211.349444444445,4.0
2023-10-22 19:10:24.959,6971,60,1,0,False,0,car,0 days 00:01:20.625000,0 days 01:09:22.726000,4214.682777777778,4.0
2023-10-22 19:10:25.319,7218,60,1,10,False,0,car,0 days 00:01:20.985000,0 days 01:09:23.086000,4220.682777777778,4.0
2023-10-22 19:10:25.639,7942,65,1,32,False,0,car,0 days 00:01:21.305000,0 days 01:09:23.406000,4226.460555555556,4.0
2023-10-22 19:10:25.959,8444,69,1,39,False,0,car,0 days 00:01:21.625000,0 days 01:09:23.726000,4232.5938888888895,4.0
2023-10-22 19:10:26.119,9056,77,1,46,False,0,car,0 days 00:01:21.785000,0 days 01:09:23.886000,4236.016111111112,4.0
2023-10-22 19:10:26.319,9900,84,1,48,False,0,car,0 days 00:01:21.985000,0 days 01:09:24.086000,4240.682777777779,4.0
2023-10-22 19:10:26.519,10880,91,1,54,False,0,car,0 days 00:01:22.185000,0 days 01:09:24.286000,4245.738333333335,4.0
2023-10-22 19:10:26.759,10971,98,1,57,False,0,car,0 days 00:01:22.425000,0 days 01:09:24.526000,4252.271666666667,4.0
2023-10-22 19:10:26.919,9991,101,2,55,False,0,car,0 days 00:01:22.585000,0 days 01:09:24.686000,4256.7605555555565,4.0
2023-10-22 19:10:27.119,9722,101,2,63,False,0,car,0 days 00:01:22.785000,0 days 01:09:24.886000,4262.371666666668,4.0
2023-10-22 19:10:27.359,10282,121,2,63,False,0,car,0 days 00:01:23.025000,0 days 01:09:25.126000,4270.438333333334,4.0
2023-10-22 19:10:27.559,10562,130,2,76,False,0,car,0 days 00:01:23.225000,0 days 01:09:25.326000,4277.660555555556,4.0
2023-10-22 19:10:27.719,10510,136,2,82,False,0,car,0 days 00:01:23.385000,0 days 01:09:25.486000,4283.705000000001,4.0
2023-10-22 19:10:28.080,11301,146,3,100,False,0,car,0 days 00:01:23.746000,0 days 01:09:25.847000,4298.345555555556,4.0
2023-10-22 19:10:28.240,11504,159,3,100,False,0,car,0 days 00:01:23.906000,0 days 01:09:26.007000,4305.412222222223,4.0
2023-10-22 19:10:28.480,10424,167,4,100,False,0,car,0 days 00:01:24.146000,0 days 01:09:26.247000,4316.545555555556,4.0
2023-10-22 19:10:28.640,11267,171,4,100,False,0,car,0 days 00:01:24.306000,0 days 01:09:26.407000,4324.145555555556,4.0
2023-10-22 19:10:28.800,11256,178,4,100,False,0,car,0 days 00:01:24.466000,0 days 01:09:26.567000,4332.056666666666,4.0
2023-10-22 19:10:29.000,11624,185,4,100,False,0,car,0 days 00:01:24.666000,0 days 01:09:26.767000,4342.334444444445,4.0
2023-10-22 19:10:29.280,10616,194,5,99,False,0,car,0 days 00:01:24.946000,0 days 01:09:27.047000,4357.423333333333,4.0
2023-10-22 19:10:29.440,11034,194,5,100,False,0,car,0 days 00:01:25.106000,0 days 01:09:27.207000,4366.045555555555,4.0
2023-10-22 19:10:29.640,11112,204,5,100,False,0,car,0 days 00:01:25.306000,0 days 01:09:27.407000,4377.378888888889,4.0
2023-10-22 19:10:29.840,9992,207,5,67,False,0,car,0 days 00:01:25.506000,0 days 01:09:27.607000,4388.878888888889,4.0
2023-10-22 19:10:30.040,9885,208,6,52,False,0,car,0 days 00:01:25.706000,0 days 01:09:27.807000,4400.434444444445,4.0
2023-10-22 19:10:30.319,9488,207,6,34,False,0,car,0 days 00:01:25.985000,0 days 01:09:28.086000,4416.476944444445,4.0
2023-10-22 19:10:30.599,9773,207,6,41,False,0,car,0 days 00:01:26.265000,0 days 01:09:28.366000,4432.576944444445,4.0
2023-10-22 19:10:30.959,9658,204,6,39,False,0,car,0 days 00:01:26.625000,0 days 01:09:28.726000,4452.976944444445,4.0
2023-10-22 19:10:31.159,9658,203,6,41,False,0,car,0 days 00:01:26.825000,0 days 01:09:28.926000,4464.254722222223,4.0
2023-10-22 19:10:31.359,9584,205,6,59,False,0,car,0 days 00:01:27.025000,0 days 01:09:29.126000,4475.643611111112,4.0
2023-10-22 19:10:31.599,9672,205,6,48,False,0,car,0 days 00:01:27.265000,0 days 01:09:29.366000,4489.310277777778,4.0
2023-10-22 19:10:31.879,9723,204,6,52,False,0,car,0 days 00:01:27.545000,0 days 01:09:29.646000,4505.176944444444,4.0
2023-10-22 19:10:32.159,9732,204,6,55,False,0,car,0 days 00:01:27.825000,0 days 01:09:29.926000,4521.043611111111,4.0
2023-10-22 19:10:32.399,9837,206,6,71,False,0,car,0 days 00:01:28.065000,0 days 01:09:30.166000,4534.776944444444,4.0
2023-10-22 19:10:32.799,10320,213,6,100,False,0,car,0 days 00:01:28.465000,0 days 01:09:30.566000,4558.443611111111,4.0
2023-10-22 19:10:32.999,10620,217,6,100,False,0,car,0 days 00:01:28.665000,0 days 01:09:30.766000,4570.4991666666665,4.0
2023-10-22 19:10:33.199,10730,221,6,100,False,0,car,0 days 00:01:28.865000,0 days 01:09:30.966000,4582.776944444444,4.0
2023-10-22 19:10:33.479,10827,226,6,100,False,0,car,0 days 00:01:29.145000,0 days 01:09:31.246000,4600.354722222221,4.0
2023-10-22 19:10:33.839,10827,233,6,100,False,0,car,0 days 00:01:29.505000,0 days 01:09:31.606000,4623.654722222222,4.0
2023-10-22 19:10:34.199,11256,237,6,100,False,0,car,0 days 00:01:29.865000,0 days 01:09:31.966000,4647.354722222221,4.0
2023-10-22 19:10:34.399,11441,239,6,100,False,0,car,0 days 00:01:30.065000,0 days 01:09:32.166000,4660.6325,4.0
2023-10-22 19:10:34.880,11708,246,6,100,False,0,car,0 days 00:01:30.546000,0 days 01:09:32.647000,4693.5008333333335,4.0
2023-10-22 19:10:35.080,10435,248,7,37,False,0,car,0 days 00:01:30.746000,0 days 01:09:32.847000,4707.278611111111,4.0
2023-10-22 19:10:35.480,10565,253,7,100,False,0,car,0 days 00:01:31.146000,0 days 01:09:33.247000,4735.389722222222,4.0
2023-10-22 19:10:35.760,10702,255,7,100,False,0,car,0 days 00:01:31.426000,0 days 01:09:33.527000,4755.223055555555,4.0
2023-10-22 19:10:36.000,10858,259,7,100,False,0,car,0 days 00:01:31.666000,0 days 01:09:33.767000,4772.489722222222,4.0
2023-10-22 19:10:36.240,10397,256,7,0,False,0,car,0 days 00:01:31.906000,0 days 01:09:34.007000,4789.556388888889,4.0
2023-10-22 19:10:36.440,10650,251,7,4,False,0,car,0 days 00:01:32.106000,0 days 01:09:34.207000,4803.500833333333,4.0
2023-10-22 19:10:36.760,10011,251,7,100,False,0,car,0 days 00:01:32.426000,0 days 01:09:34.527000,4825.811944444445,4.0
2023-10-22 19:10:37.159,9735,235,7,6,False,0,car,0 days 00:01:32.825000,0 days 01:09:34.926000,4851.857777777778,4.0
2023-10-22 19:10:37.479,10267,231,6,3,False,0,car,0 days 00:01:33.145000,0 days 01:09:35.246000,4872.391111111111,4.0
2023-10-22 19:10:37.759,10759,215,6,0,True,0,car,0 days 00:01:33.425000,0 days 01:09:35.526000,4889.113333333334,4.0
2023-10-22 19:10:37.999,10768,205,5,0,True,0,car,0 days 00:01:33.665000,0 days 01:09:35.766000,4902.780000000001,4.0
2023-10-22 19:10:38.159,10208,194,5,0,True,0,car,0 days 00:01:33.825000,0 days 01:09:35.926000,4911.402222222223,4.0
2023-10-22 19:10:38.399,9682,186,5,0,True,0,car,0 days 00:01:34.065000,0 days 01:09:36.166000,4923.802222222223,4.0
2023-10-22 19:10:38.799,9079,173,5,0,True,0,car,0 days 00:01:34.465000,0 days 01:09:36.566000,4943.024444444445,4.0
2023-10-22 19:10:38.999,8939,171,5,0,False,0,car,0 days 00:01:34.665000,0 days 01:09:36.766000,4952.524444444445,4.0
2023-10-22 19:10:39.159,9032,171,5,9,False,0,car,0 days 00:01:34.825000,0 days 01:09:36.926000,4960.124444444445,4.0
2023-10-22 19:10:39.439,8976,164,5,37,False,0,car,0 days 00:01:35.105000,0 days 01:09:37.206000,4972.88,4.0
2023-10-22 19:10:39.639,9012,165,5,42,False,0,car,0 days 00:01:35.305000,0 days 01:09:37.406000,4982.046666666667,4.0
2023-10-22 19:10:40.079,9570,170,5,67,False,0,car,0 days 00:01:35.745000,0 days 01:09:37.846000,5002.824444444444,4.0
2023-10-22 19:10:40.439,9437,176,5,73,False,0,car,0 days 00:01:36.105000,0 days 01:09:38.206000,5020.424444444445,4.0
2023-10-22 19:10:40.599,10277,183,5,100,False,0,car,0 days 00:01:36.265000,0 days 01:09:38.366000,5028.557777777778,4.0
2023-10-22 19:10:40.839,10962,193,5,100,False,0,car,0 days 00:01:36.505000,0 days 01:09:38.606000,5041.424444444445,4.0
2023-10-22 19:10:41.039,10856,198,5,100,False,0,car,0 days 00:01:36.705000,0 days 01:09:38.806000,5052.424444444445,4.0
2023-10-22 19:10:41.240,11332,206,5,100,False,0,car,0 days 00:01:36.906000,0 days 01:09:39.007000,5063.926111111112,4.0
2023-10-22 19:10:41.440,11517,209,5,100,False,0,car,0 days 00:01:37.106000,0 days 01:09:39.207000,5075.537222222222,4.0
2023-10-22 19:10:41.680,11786,216,5,100,False,0,car,0 days 00:01:37.346000,0 days 01:09:39.447000,5089.937222222223,4.0
2023-10-22 19:10:41.840,10666,219,5,100,False,0,car,0 days 00:01:37.506000,0 days 01:09:39.607000,5099.670555555556,4.0
2023-10-22 19:10:42.080,10682,225,6,100,False,0,car,0 days 00:01:37.746000,0 days 01:09:39.847000,5114.670555555556,4.0
2023-10-22 19:10:42.240,10834,229,6,100,False,0,car,0 days 00:01:37.906000,0 days 01:09:40.007000,5124.848333333335,4.0
2023-10-22 19:10:42.480,10855,231,6,100,False,0,car,0 days 00:01:38.146000,0 days 01:09:40.247000,5140.248333333335,4.0
2023-10-22 19:10:42.760,9958,216,6,0,True,0,car,0 days 00:01:38.426000,0 days 01:09:40.527000,5157.048333333335,4.0
2023-10-22 19:10:43.080,10411,202,6,0,True,0,car,0 days 00:01:38.746000,0 days 01:09:40.847000,5175.00388888889,4.0
2023-10-22 19:10:43.240,10140,167,6,0,True,0,car,0 days 00:01:38.906000,0 days 01:09:41.007000,5182.426111111113,4.0
2023-10-22 19:10:43.600,10200,141,4,0,True,8,car,0 days 00:01:39.266000,0 days 01:09:41.367000,5196.526111111113,4.0
2023-10-22 19:10:43.839,9181,124,3,0,True,8,car,0 days 00:01:39.505000,0 days 01:09:41.606000,5204.758333333335,4.0
2023-10-22 19:10:44.159,7958,115,3,0,True,8,car,0 days 00:01:39.825000,0 days 01:09:41.926000,5214.980555555558,4.0
2023-10-22 19:10:44.319,7208,103,3,0,True,8,car,0 days 00:01:39.985000,0 days 01:09:42.086000,5219.558333333335,4.0
2023-10-22 19:10:44.639,6587,103,3,0,True,8,car,0 days 00:01:40.305000,0 days 01:09:42.406000,5228.713888888891,4.0
2023-10-22 19:10:45.039,6034,87,3,0,True,8,car,0 days 00:01:40.705000,0 days 01:09:42.806000,5238.380555555557,4.0
2023-10-22 19:10:45.239,5946,84,3,0,False,8,car,0 days 00:01:40.905000,0 days 01:09:43.006000,5243.047222222224,4.0
2023-10-22 19:10:45.599,6156,81,3,12,False,8,car,0 days 00:01:41.265000,0 days 01:09:43.366000,5251.147222222225,4.0
2023-10-22 19:10:45.879,6445,83,3,29,False,8,car,0 days 00:01:41.545000,0 days 01:09:43.646000,5257.60277777778,4.0
2023-10-22 19:10:46.159,6662,88,3,36,False,8,car,0 days 00:01:41.825000,0 days 01:09:43.926000,5264.447222222225,4.0
2023-10-22 19:10:46.519,7310,97,3,47,False,8,car,0 days 00:01:42.185000,0 days 01:09:44.286000,5274.147222222225,4.0
2023-10-22 19:10:46.759,7782,103,3,51,False,8,car,0 days 00:01:42.425000,0 days 01:09:44.526000,5281.013888888891,4.0
2023-10-22 19:10:47.119,8860,117,3,63,False,8,car,0 days 00:01:42.785000,0 days 01:09:44.886000,5292.713888888891,4.0
2023-10-22 19:10:47.279,9019,117,3,64,False,8,car,0 days 00:01:42.945000,0 days 01:09:45.046000,5297.913888888891,4.0
2023-10-22 19:10:47.680,10382,135,3,74,False,8,car,0 days 00:01:43.346000,0 days 01:09:45.447000,5312.951388888891,4.0
2023-10-22 19:10:47.840,10619,142,3,82,False,8,car,0 days 00:01:43.506000,0 days 01:09:45.607000,5319.262500000003,4.0
2023-10-22 19:10:48.000,11179,147,3,100,False,8,car,0 days 00:01:43.666000,0 days 01:09:45.767000,5325.795833333335,4.0
2023-10-22 19:10:48.360,10507,166,4,100,False,8,car,0 days 00:01:44.026000,0 days 01:09:46.127000,5342.395833333336,4.0
2023-10-22 19:10:48.560,11067,173,4,100,False,8,car,0 days 00:01:44.226000,0 days 01:09:46.327000,5352.006944444447,4.0
2023-10-22 19:10:48.800,10490,176,4,100,False,14,car,0 days 00:01:44.466000,0 days 01:09:46.567000,5363.74027777778,4.0
2023-10-22 19:10:49.160,10599,190,5,100,False,12,car,0 days 00:01:44.826000,0 days 01:09:46.927000,5382.74027777778,4.0
2023-10-22 19:10:49.400,11140,200,5,100,False,12,car,0 days 00:01:45.066000,0 days 01:09:47.167000,5396.073611111114,4.0
2023-10-22 19:10:49.640,11389,210,5,100,False,12,car,0 days 00:01:45.306000,0 days 01:09:47.407000,5410.073611111114,4.0
2023-10-22 19:10:49.840,10969,215,5,100,False,12,car,0 days 00:00:00.039000,0 days 01:09:47.607000,2.3291666666666666,5.0
2023-10-22 19:10:50.360,10787,228,6,100,False,12,car,0 days 00:00:00.559000,0 days 01:09:48.127000,35.262499999999996,5.0
2023-10-22 19:10:50.599,11184,233,6,100,False,12,car,0 days 00:00:00.798000,0 days 01:09:48.366000,50.731111111111105,5.0
2023-10-22 19:10:50.839,11349,239,6,100,False,12,car,0 days 00:00:01.038000,0 days 01:09:48.606000,66.66444444444444,5.0
2023-10-22 19:10:51.279,10238,247,6,100,False,12,car,0 days 00:00:01.478000,0 days 01:09:49.046000,96.85333333333332,5.0
2023-10-22 19:10:51.519,10494,252,7,100,False,12,car,0 days 00:00:01.718000,0 days 01:09:49.286000,113.65333333333332,5.0
2023-10-22 19:10:51.919,10734,258,7,100,False,12,car,0 days 00:00:02.118000,0 days 01:09:49.686000,142.32,5.0
2023-10-22 19:10:52.319,11010,266,7,100,False,12,car,0 days 00:00:02.518000,0 days 01:09:50.086000,171.87555555555554,5.0
2023-10-22 19:10:52.679,11170,271,7,100,False,12,car,0 days 00:00:02.878000,0 days 01:09:50.446000,198.97555555555556,5.0
2023-10-22 19:10:52.959,11441,276,7,100,False,12,car,0 days 00:00:03.158000,0 days 01:09:50.726000,220.4422222222222,5.0
2023-10-22 19:10:53.359,11672,282,7,100,False,12,car,0 days 00:00:03.558000,0 days 01:09:51.126000,251.7755555555555,5.0
2023-10-22 19:10:53.799,10649,287,8,100,False,12,car,0 days 00:00:03.998000,0 days 01:09:51.566000,286.8533333333333,5.0
2023-10-22 19:10:53.999,10763,286,8,100,False,12,car,0 days 00:00:04.198000,0 days 01:09:51.766000,302.7422222222222,5.0
2023-10-22 19:10:54.360,10770,292,8,100,False,12,car,0 days 00:00:04.559000,0 days 01:09:52.127000,332.0233333333333,5.0
2023-10-22 19:10:54.560,10842,294,8,100,False,12,car,0 days 00:00:04.759000,0 days 01:09:52.327000,348.3566666666667,5.0
2023-10-22 19:10:54.840,10919,297,8,100,False,12,car,0 days 00:00:05.039000,0 days 01:09:52.607000,371.45666666666665,5.0
2023-10-22 19:10:55.040,11028,299,8,100,False,12,car,0 days 00:00:05.239000,0 days 01:09:52.807000,388.0677777777778,5.0
2023-10-22 19:10:55.320,11059,301,8,100,False,12,car,0 days 00:00:05.519000,0 days 01:09:53.087000,411.47888888888895,5.0
2023-10-22 19:10:55.560,11090,302,8,100,False,12,car,0 days 00:00:05.759000,0 days 01:09:53.327000,431.6122222222223,5.0
2023-10-22 19:10:55.760,11053,299,8,0,False,8,car,0 days 00:00:05.959000,0 days 01:09:53.527000,448.2233333333333,5.0
2023-10-22 19:10:55.960,10730,290,8,0,False,8,car,0 days 00:00:06.159000,0 days 01:09:53.727000,464.33444444444444,5.0
2023-10-22 19:10:56.160,10313,288,8,0,True,0,car,0 days 00:00:06.359000,0 days 01:09:53.927000,480.33444444444444,5.0
2023-10-22 19:10:56.400,9519,270,8,0,True,0,car,0 days 00:00:06.599000,0 days 01:09:54.167000,498.33444444444444,5.0
2023-10-22 19:10:56.680,9663,238,8,0,True,0,car,0 days 00:00:06.879000,0 days 01:09:54.447000,516.8455555555555,5.0
2023-10-22 19:10:56.920,9789,210,8,0,True,0,car,0 days 00:00:07.119000,0 days 01:09:54.687000,530.8455555555555,5.0
2023-10-22 19:10:57.199,9950,190,8,0,True,0,car,0 days 00:00:07.398000,0 days 01:09:54.966000,545.5705555555555,5.0
2023-10-22 19:10:57.559,8836,162,5,0,True,0,car,0 days 00:00:07.758000,0 days 01:09:55.326000,561.7705555555556,5.0
2023-10-22 19:10:57.959,9283,138,5,0,True,0,car,0 days 00:00:08.158000,0 days 01:09:55.726000,577.1038888888888,5.0
2023-10-22 19:10:58.119,9220,128,4,0,True,0,car,0 days 00:00:08.318000,0 days 01:09:55.886000,582.7927777777777,5.0
2023-10-22 19:10:58.359,8395,119,3,0,True,0,car,0 days 00:00:08.558000,0 days 01:09:56.126000,590.7261111111111,5.0
2023-10-22 19:10:58.519,7808,116,3,0,True,0,car,0 days 00:00:08.718000,0 days 01:09:56.286000,595.8816666666667,5.0
2023-10-22 19:10:58.679,7806,108,3,0,True,0,car,0 days 00:00:08.878000,0 days 01:09:56.446000,600.6816666666666,5.0
2023-10-22 19:10:58.959,7121,102,3,0,True,0,car,0 days 00:00:09.158000,0 days 01:09:56.726000,608.6149999999999,5.0
2023-10-22 19:10:59.199,6707,96,3,0,True,0,car,0 days 00:00:09.398000,0 days 01:09:56.966000,615.0149999999999,5.0
2023-10-22 19:10:59.599,6131,90,3,0,True,0,car,0 days 00:00:09.798000,0 days 01:09:57.366000,625.0149999999999,5.0
2023-10-22 19:10:59.999,5658,83,3,0,True,0,car,0 days 00:00:10.198000,0 days 01:09:57.766000,634.2372222222222,5.0
2023-10-22 19:11:00.399,5482,78,3,0,False,0,car,0 days 00:00:10.598000,0 days 01:09:58.166000,642.9038888888888,5.0
2023-10-22 19:11:00.639,5817,75,3,9,False,0,car,0 days 00:00:10.838000,0 days 01:09:58.406000,647.9038888888888,5.0
2023-10-22 19:11:01.080,6179,79,3,28,False,0,car,0 days 00:00:11.279000,0 days 01:09:58.847000,657.5813888888888,5.0
2023-10-22 19:11:01.280,6128,81,3,32,False,0,car,0 days 00:00:11.479000,0 days 01:09:59.047000,662.0813888888888,5.0
2023-10-22 19:11:01.720,7082,90,3,42,False,0,car,0 days 00:00:11.919000,0 days 01:09:59.487000,673.0813888888888,5.0
2023-10-22 19:11:02.080,8020,101,3,53,False,0,car,0 days 00:00:12.279000,0 days 01:09:59.847000,683.1813888888888,5.0
2023-10-22 19:11:02.320,8663,112,3,59,False,0,car,0 days 00:00:12.519000,0 days 01:10:00.087000,690.6480555555555,5.0
2023-10-22 19:11:02.680,9573,123,3,64,False,0,car,0 days 00:00:12.879000,0 days 01:10:00.447000,702.9480555555555,5.0
2023-10-22 19:11:02.840,10074,132,3,69,False,0,car,0 days 00:00:13.039000,0 days 01:10:00.607000,708.8147222222221,5.0
2023-10-22 19:11:03.120,10343,144,3,76,False,0,car,0 days 00:00:13.319000,0 days 01:10:00.887000,720.0147222222222,5.0
2023-10-22 19:11:03.440,10360,158,4,99,False,0,car,0 days 00:00:13.639000,0 days 01:10:01.207000,734.0591666666666,5.0
2023-10-22 19:11:03.600,10639,162,4,100,False,0,car,0 days 00:00:13.799000,0 days 01:10:01.367000,741.2591666666666,5.0
2023-10-22 19:11:03.959,11365,180,4,99,False,0,car,0 days 00:00:14.158000,0 days 01:10:01.726000,759.2091666666666,5.0
2023-10-22 19:11:04.159,11880,189,4,99,False,0,car,0 days 00:00:14.358000,0 days 01:10:01.926000,769.7091666666668,5.0
2023-10-22 19:11:04.599,11142,199,5,99,False,0,car,0 days 00:00:14.798000,0 days 01:10:02.366000,794.031388888889,5.0
2023-10-22 19:11:04.799,11186,208,5,99,False,0,car,0 days 00:00:14.998000,0 days 01:10:02.566000,805.5869444444445,5.0
2023-10-22 19:11:05.159,10319,214,6,84,False,0,car,0 days 00:00:15.358000,0 days 01:10:02.926000,826.9869444444446,5.0
2023-10-22 19:11:05.599,10804,226,6,99,False,0,car,0 days 00:00:15.798000,0 days 01:10:03.366000,854.6091666666667,5.0
2023-10-22 19:11:05.999,11216,231,6,99,False,0,car,0 days 00:00:16.198000,0 days 01:10:03.766000,880.2758333333335,5.0
2023-10-22 19:11:06.199,11331,235,6,100,False,0,car,0 days 00:00:16.398000,0 days 01:10:03.966000,893.331388888889,5.0
2023-10-22 19:11:06.439,11371,242,6,100,False,0,car,0 days 00:00:16.638000,0 days 01:10:04.206000,909.4647222222225,5.0
2023-10-22 19:11:06.599,11577,243,6,99,False,0,car,0 days 00:00:16.798000,0 days 01:10:04.366000,920.2647222222222,5.0
2023-10-22 19:11:06.839,11725,245,6,100,False,0,car,0 days 00:00:17.038000,0 days 01:10:04.606000,936.5980555555557,5.0
2023-10-22 19:11:07.119,10428,249,6,100,False,0,car,0 days 00:00:17.318000,0 days 01:10:04.886000,955.9647222222225,5.0
2023-10-22 19:11:07.359,10536,252,7,100,False,0,car,0 days 00:00:17.558000,0 days 01:10:05.126000,972.7647222222223,5.0
2023-10-22 19:11:07.640,10662,256,7,100,False,0,car,0 days 00:00:17.839000,0 days 01:10:05.407000,992.7469444444445,5.0
2023-10-22 19:11:08.120,10823,261,7,100,False,0,car,0 days 00:00:18.319000,0 days 01:10:05.887000,1027.5469444444445,5.0
2023-10-22 19:11:08.280,10882,261,7,99,False,0,car,0 days 00:00:18.479000,0 days 01:10:06.047000,1039.1469444444444,5.0
2023-10-22 19:11:08.480,10870,263,7,100,False,0,car,0 days 00:00:18.679000,0 days 01:10:06.247000,1053.7580555555555,5.0
2023-10-22 19:11:08.840,11000,266,7,100,False,0,car,0 days 00:00:19.039000,0 days 01:10:06.607000,1080.3580555555557,5.0
2023-10-22 19:11:09.120,11065,267,7,100,False,0,car,0 days 00:00:19.319000,0 days 01:10:06.887000,1101.124722222222,5.0
2023-10-22 19:11:09.400,11131,268,7,100,False,0,car,0 days 00:00:19.599000,0 days 01:10:07.167000,1121.9691666666665,5.0
2023-10-22 19:11:09.680,11161,268,7,99,False,0,car,0 days 00:00:19.879000,0 days 01:10:07.447000,1142.813611111111,5.0
2023-10-22 19:11:09.960,10902,268,7,53,False,0,car,0 days 00:00:20.159000,0 days 01:10:07.727000,1163.6580555555552,5.0
2023-10-22 19:11:10.280,10914,265,7,78,False,0,car,0 days 00:00:20.479000,0 days 01:10:08.047000,1187.2136111111108,5.0
2023-10-22 19:11:10.560,10400,261,7,69,True,0,car,0 days 00:00:20.759000,0 days 01:10:08.327000,1207.513611111111,5.0
2023-10-22 19:11:10.719,10197,261,7,0,True,0,car,0 days 00:00:20.918000,0 days 01:10:08.486000,1219.041111111111,5.0
2023-10-22 19:11:10.879,10015,246,7,0,True,0,car,0 days 00:00:21.078000,0 days 01:10:08.646000,1229.9744444444443,5.0
2023-10-22 19:11:11.079,9860,239,7,20,False,0,car,0 days 00:00:21.278000,0 days 01:10:08.846000,1243.2522222222221,5.0
2023-10-22 19:11:11.319,9768,236,7,52,False,0,car,0 days 00:00:21.518000,0 days 01:10:09.086000,1258.9855555555557,5.0
2023-10-22 19:11:11.479,9817,234,7,70,False,0,car,0 days 00:00:21.678000,0 days 01:10:09.246000,1269.3855555555558,5.0
2023-10-22 19:11:11.759,9366,234,7,7,True,0,car,0 days 00:00:21.958000,0 days 01:10:09.526000,1287.5855555555556,5.0
2023-10-22 19:11:12.039,10341,225,6,0,True,0,car,0 days 00:00:22.238000,0 days 01:10:09.806000,1305.0855555555556,5.0
2023-10-22 19:11:12.319,10027,217,6,2,True,0,car,0 days 00:00:22.518000,0 days 01:10:10.086000,1321.9633333333334,5.0
2023-10-22 19:11:12.519,9813,210,6,12,False,0,car,0 days 00:00:22.718000,0 days 01:10:10.286000,1333.6299999999999,5.0
2023-10-22 19:11:12.759,9792,206,6,39,False,0,car,0 days 00:00:22.958000,0 days 01:10:10.526000,1347.3633333333332,5.0
2023-10-22 19:11:13.079,10022,206,6,61,False,0,car,0 days 00:00:23.278000,0 days 01:10:10.846000,1365.6744444444444,5.0
2023-10-22 19:11:13.359,10013,211,6,71,False,0,car,0 days 00:00:23.558000,0 days 01:10:11.126000,1382.0855555555556,5.0
2023-10-22 19:11:13.759,9901,218,6,16,True,0,car,0 days 00:00:23.958000,0 days 01:10:11.526000,1406.3077777777778,5.0
2023-10-22 19:11:13.919,9975,214,6,3,False,0,car,0 days 00:00:24.118000,0 days 01:10:11.686000,1415.818888888889,5.0
2023-10-22 19:11:14.080,9744,210,6,7,False,0,car,0 days 00:00:24.279000,0 days 01:10:11.847000,1425.2105555555556,5.0
2023-10-22 19:11:14.440,9512,203,6,0,False,0,car,0 days 00:00:24.639000,0 days 01:10:12.207000,1445.5105555555556,5.0
2023-10-22 19:11:14.680,10489,201,5,8,False,0,car,0 days 00:00:24.879000,0 days 01:10:12.447000,1458.9105555555557,5.0
2023-10-22 19:11:14.920,10688,196,5,44,False,0,car,0 days 00:00:25.119000,0 days 01:10:12.687000,1471.9772222222223,5.0
2023-10-22 19:11:15.120,10583,194,5,48,False,0,car,0 days 00:00:25.319000,0 days 01:10:12.887000,1482.755,5.0
2023-10-22 19:11:15.480,10247,192,5,0,False,0,car,0 days 00:00:25.679000,0 days 01:10:13.247000,1501.9550000000002,5.0
2023-10-22 19:11:15.680,10139,187,5,54,False,0,car,0 days 00:00:25.879000,0 days 01:10:13.447000,1512.3438888888893,5.0
2023-10-22 19:11:16.000,10437,191,5,67,False,0,car,0 days 00:00:26.199000,0 days 01:10:13.767000,1529.3216666666672,5.0
2023-10-22 19:11:16.200,10356,193,5,47,False,0,car,0 days 00:00:26.399000,0 days 01:10:13.967000,1540.0438888888893,5.0
2023-10-22 19:11:16.440,10483,193,5,46,False,0,car,0 days 00:00:26.639000,0 days 01:10:14.207000,1552.910555555556,5.0
2023-10-22 19:11:16.680,10498,192,5,54,False,0,car,0 days 00:00:26.879000,0 days 01:10:14.447000,1565.710555555556,5.0
2023-10-22 19:11:16.880,10718,191,5,71,False,0,car,0 days 00:00:27.079000,0 days 01:10:14.647000,1576.3216666666672,5.0
2023-10-22 19:11:17.120,10734,198,5,100,False,0,car,0 days 00:00:27.319000,0 days 01:10:14.887000,1589.521666666667,5.0
2023-10-22 19:11:17.280,11011,199,5,100,False,0,car,0 days 00:00:27.479000,0 days 01:10:15.047000,1598.3661111111114,5.0
2023-10-22 19:11:17.479,11042,199,5,100,False,0,car,0 days 00:00:27.678000,0 days 01:10:15.246000,1609.3663888888893,5.0
2023-10-22 19:11:17.639,10900,204,5,95,False,0,car,0 days 00:00:27.838000,0 days 01:10:15.406000,1618.433055555556,5.0
2023-10-22 19:11:17.799,11024,202,5,4,True,0,car,0 days 00:00:27.998000,0 days 01:10:15.566000,1627.4108333333338,5.0
2023-10-22 19:11:17.959,10464,200,5,4,True,0,car,0 days 00:00:28.158000,0 days 01:10:15.726000,1636.2997222222227,5.0
2023-10-22 19:11:18.279,9933,187,5,12,False,0,car,0 days 00:00:28.478000,0 days 01:10:16.046000,1652.921944444445,5.0
2023-10-22 19:11:18.679,9510,181,5,9,False,0,car,0 days 00:00:28.878000,0 days 01:10:16.446000,1673.033055555556,5.0
2023-10-22 19:11:18.879,9283,175,5,10,False,0,car,0 days 00:00:29.078000,0 days 01:10:16.646000,1682.7552777777782,5.0
2023-10-22 19:11:19.119,9175,172,5,16,False,0,car,0 days 00:00:29.318000,0 days 01:10:16.886000,1694.221944444445,5.0
2023-10-22 19:11:19.359,9080,168,5,20,False,0,car,0 days 00:00:29.558000,0 days 01:10:17.126000,1705.4219444444448,5.0
2023-10-22 19:11:19.759,9306,170,5,58,False,0,car,0 days 00:00:29.958000,0 days 01:10:17.526000,1724.3108333333337,5.0
2023-10-22 19:11:19.919,9641,173,5,67,False,0,car,0 days 00:00:30.118000,0 days 01:10:17.686000,1731.9997222222225,5.0
2023-10-22 19:11:20.159,9995,178,5,80,False,0,car,0 days 00:00:30.358000,0 days 01:10:17.926000,1743.8663888888893,5.0
2023-10-22 19:11:20.359,10171,183,5,100,False,0,car,0 days 00:00:30.558000,0 days 01:10:18.126000,1754.033055555556,5.0
2023-10-22 19:11:20.720,10265,182,5,0,True,0,car,0 days 00:00:30.919000,0 days 01:10:18.487000,1772.2836111111117,5.0
2023-10-22 19:11:20.960,10218,172,5,0,True,0,car,0 days 00:00:31.159000,0 days 01:10:18.727000,1783.7502777777784,5.0
2023-10-22 19:11:21.320,9112,151,4,0,True,0,car,0 days 00:00:31.519000,0 days 01:10:19.087000,1798.8502777777783,5.0
2023-10-22 19:11:21.560,8763,144,4,1,True,0,car,0 days 00:00:31.759000,0 days 01:10:19.327000,1808.4502777777784,5.0
2023-10-22 19:11:21.800,8359,139,4,3,False,0,car,0 days 00:00:31.999000,0 days 01:10:19.567000,1817.716944444445,5.0
2023-10-22 19:11:22.000,8283,136,4,1,False,0,car,0 days 00:00:32.199000,0 days 01:10:19.767000,1825.2725000000005,5.0
2023-10-22 19:11:22.240,8009,133,4,18,False,0,car,0 days 00:00:32.439000,0 days 01:10:20.007000,1834.1391666666673,5.0
2023-10-22 19:11:22.520,7741,127,4,0,False,0,car,0 days 00:00:32.719000,0 days 01:10:20.287000,1844.016944444445,5.0
2023-10-22 19:11:22.680,7992,125,4,26,False,0,car,0 days 00:00:32.879000,0 days 01:10:20.447000,1849.5725000000004,5.0
2023-10-22 19:11:23.000,7868,125,4,30,False,0,car,0 days 00:00:33.199000,0 days 01:10:20.767000,1860.6836111111115,5.0
2023-10-22 19:11:23.440,8217,127,4,45,False,0,car,0 days 00:00:33.639000,0 days 01:10:21.207000,1876.2058333333339,5.0
2023-10-22 19:11:23.680,8375,131,4,58,False,0,car,0 days 00:00:33.879000,0 days 01:10:21.447000,1884.939166666667,5.0
2023-10-22 19:11:23.960,8997,138,4,74,False,0,car,0 days 00:00:34.159000,0 days 01:10:21.727000,1895.6725000000004,5.0
2023-10-22 19:11:24.239,9535,149,4,87,False,0,car,0 days 00:00:34.438000,0 days 01:10:22.006000,1907.2200000000005,5.0
2023-10-22 19:11:24.519,9727,156,4,57,False,0,car,0 days 00:00:34.718000,0 days 01:10:22.286000,1919.353333333334,5.0
2023-10-22 19:11:24.839,9948,158,4,49,False,0,car,0 days 00:00:35.038000,0 days 01:10:22.606000,1933.3977777777782,5.0
2023-10-22 19:11:24.999,9780,158,4,41,False,0,car,0 days 00:00:35.198000,0 days 01:10:22.766000,1940.4200000000005,5.0
2023-10-22 19:11:25.239,10441,158,4,48,False,0,car,0 days 00:00:35.438000,0 days 01:10:23.006000,1950.953333333334,5.0
2023-10-22 19:11:25.559,10573,165,4,67,False,0,car,0 days 00:00:35.758000,0 days 01:10:23.326000,1965.6200000000008,5.0
2023-10-22 19:11:25.759,11116,171,4,80,False,0,car,0 days 00:00:35.958000,0 days 01:10:23.526000,1975.1200000000006,5.0
2023-10-22 19:11:26.079,11550,177,4,100,False,0,car,0 days 00:00:36.278000,0 days 01:10:23.846000,1990.853333333334,5.0
2023-10-22 19:11:26.359,11349,185,4,100,False,0,car,0 days 00:00:36.558000,0 days 01:10:24.126000,2005.2422222222228,5.0
2023-10-22 19:11:26.719,10632,195,5,100,False,0,car,0 days 00:00:36.918000,0 days 01:10:24.486000,2024.7422222222228,5.0
2023-10-22 19:11:27.079,11514,207,5,99,False,0,car,0 days 00:00:37.278000,0 days 01:10:24.846000,2045.4422222222229,5.0
2023-10-22 19:11:27.280,11362,215,5,100,False,0,car,0 days 00:00:37.479000,0 days 01:10:25.047000,2057.4463888888895,5.0
2023-10-22 19:11:27.520,10583,223,6,100,False,0,car,0 days 00:00:37.719000,0 days 01:10:25.287000,2072.3130555555563,5.0
2023-10-22 19:11:27.760,11010,226,6,100,False,0,car,0 days 00:00:37.959000,0 days 01:10:25.527000,2087.379722222223,5.0
2023-10-22 19:11:28.080,11161,236,6,100,False,0,car,0 days 00:00:38.279000,0 days 01:10:25.847000,2108.3575000000005,5.0
2023-10-22 19:11:28.360,11479,239,6,99,False,0,car,0 days 00:00:38.559000,0 days 01:10:26.127000,2126.946388888889,5.0
2023-10-22 19:11:28.760,10768,246,6,99,False,0,car,0 days 00:00:38.959000,0 days 01:10:26.527000,2154.279722222223,5.0
2023-10-22 19:11:29.120,10537,254,7,100,False,0,car,0 days 00:00:39.319000,0 days 01:10:26.887000,2179.679722222223,5.0
2023-10-22 19:11:29.560,10874,258,7,100,False,0,car,0 days 00:00:39.759000,0 days 01:10:27.327000,2211.2130555555564,5.0
2023-10-22 19:11:29.960,11062,265,7,100,False,0,car,0 days 00:00:40.159000,0 days 01:10:27.727000,2240.6575000000007,5.0
2023-10-22 19:11:30.200,11187,269,7,99,False,0,car,0 days 00:00:40.399000,0 days 01:10:27.967000,2258.590833333334,5.0
2023-10-22 19:11:30.480,11359,272,7,99,False,0,car,0 days 00:00:40.679000,0 days 01:10:28.247000,2279.7463888888897,5.0
2023-10-22 19:11:30.839,11505,278,7,100,False,0,car,0 days 00:00:41.038000,0 days 01:10:28.606000,2307.469166666667,5.0
2023-10-22 19:11:30.999,11585,279,7,99,False,0,car,0 days 00:00:41.198000,0 days 01:10:28.766000,2319.8691666666673,5.0
2023-10-22 19:11:31.279,11704,282,7,100,False,0,car,0 days 00:00:41.478000,0 days 01:10:29.046000,2341.8025000000007,5.0
2023-10-22 19:11:31.639,10836,284,7,20,False,0,car,0 days 00:00:41.838000,0 days 01:10:29.406000,2370.202500000001,5.0
2023-10-22 19:11:31.839,11221,276,7,0,True,0,car,0 days 00:00:42.038000,0 days 01:10:29.606000,2385.535833333334,5.0
2023-10-22 19:11:32.079,10548,258,7,0,True,0,car,0 days 00:00:42.278000,0 days 01:10:29.846000,2402.735833333334,5.0
2023-10-22 19:11:32.239,10773,236,7,0,True,0,car,0 days 00:00:42.438000,0 days 01:10:30.006000,2413.224722222223,5.0
2023-10-22 19:11:32.679,10473,197,5,0,True,0,car,0 days 00:00:42.878000,0 days 01:10:30.446000,2437.3025000000007,5.0
2023-10-22 19:11:33.039,10063,165,5,0,True,0,car,0 days 00:00:43.238000,0 days 01:10:30.806000,2453.8025000000007,5.0
2023-10-22 19:11:33.239,9712,152,4,0,True,0,car,0 days 00:00:43.438000,0 days 01:10:31.006000,2462.246944444445,5.0
2023-10-22 19:11:33.399,10367,145,4,0,True,0,car,0 days 00:00:43.598000,0 days 01:10:31.166000,2468.6913888888894,5.0
2023-10-22 19:11:33.559,9315,134,4,0,True,0,car,0 days 00:00:43.758000,0 days 01:10:31.326000,2474.646944444445,5.0
2023-10-22 19:11:33.880,8130,122,3,0,True,0,car,0 days 00:00:44.079000,0 days 01:10:31.647000,2485.5252777777782,5.0
2023-10-22 19:11:34.120,7362,103,3,0,True,0,car,0 days 00:00:44.319000,0 days 01:10:31.887000,2492.391944444445,5.0
2023-10-22 19:11:34.480,6167,91,3,0,True,0,car,0 days 00:00:44.679000,0 days 01:10:32.247000,2501.491944444445,5.0
2023-10-22 19:11:34.720,5813,83,3,0,True,0,car,0 days 00:00:44.919000,0 days 01:10:32.487000,2507.0252777777782,5.0
2023-10-22 19:11:35.040,5312,77,3,0,True,0,car,0 days 00:00:45.239000,0 days 01:10:32.807000,2513.8697222222227,5.0
2023-10-22 19:11:35.240,4955,75,3,0,True,0,car,0 days 00:00:45.439000,0 days 01:10:33.007000,2518.036388888889,5.0
2023-10-22 19:11:35.560,4896,70,3,0,False,0,car,0 days 00:00:45.759000,0 days 01:10:33.327000,2524.2586111111113,5.0
2023-10-22 19:11:35.880,4872,66,3,6,False,0,car,0 days 00:00:46.079000,0 days 01:10:33.647000,2530.125277777778,5.0
2023-10-22 19:11:36.040,5085,65,3,9,False,0,car,0 days 00:00:46.239000,0 days 01:10:33.807000,2533.014166666667,5.0
2023-10-22 19:11:36.360,5432,70,3,20,False,0,car,0 days 00:00:46.559000,0 days 01:10:34.127000,2539.236388888889,5.0
2023-10-22 19:11:36.560,5616,70,3,27,False,0,car,0 days 00:00:46.759000,0 days 01:10:34.327000,2543.125277777778,5.0
2023-10-22 19:11:36.760,5792,76,3,30,False,0,car,0 days 00:00:46.959000,0 days 01:10:34.527000,2547.3475000000003,5.0
2023-10-22 19:11:37.000,6156,80,3,38,False,0,car,0 days 00:00:47.199000,0 days 01:10:34.767000,2552.6808333333333,5.0
2023-10-22 19:11:37.160,6700,84,3,39,False,0,car,0 days 00:00:47.359000,0 days 01:10:34.927000,2556.414166666667,5.0
2023-10-22 19:11:37.440,7335,92,3,45,False,0,car,0 days 00:00:47.639000,0 days 01:10:35.207000,2563.5697222222225,5.0
2023-10-22 19:11:37.599,7475,94,3,47,False,0,car,0 days 00:00:47.798000,0 days 01:10:35.366000,2567.721388888889,5.0
2023-10-22 19:11:37.839,8270,102,3,51,False,0,car,0 days 00:00:48.038000,0 days 01:10:35.606000,2574.521388888889,5.0
2023-10-22 19:11:38.199,8504,111,3,62,False,0,car,0 days 00:00:48.398000,0 days 01:10:35.966000,2585.621388888889,5.0
2023-10-22 19:11:38.399,8709,119,3,61,False,0,car,0 days 00:00:48.598000,0 days 01:10:36.166000,2592.2325,5.0
2023-10-22 19:11:38.639,9827,130,3,70,False,0,car,0 days 00:00:48.838000,0 days 01:10:36.406000,2600.8991666666666,5.0
2023-10-22 19:11:38.839,10401,139,3,80,False,0,car,0 days 00:00:49.038000,0 days 01:10:36.606000,2608.6213888888888,5.0
2023-10-22 19:11:39.119,9740,151,3,100,False,0,car,0 days 00:00:49.318000,0 days 01:10:36.886000,2620.3658333333333,5.0
2023-10-22 19:11:39.399,10801,156,4,100,False,8,car,0 days 00:00:49.598000,0 days 01:10:37.166000,2632.4991666666665,5.0
2023-10-22 19:11:39.679,11090,174,4,100,False,8,car,0 days 00:00:49.878000,0 days 01:10:37.446000,2646.0325,5.0
2023-10-22 19:11:39.879,11628,182,4,100,False,8,car,0 days 00:00:50.078000,0 days 01:10:37.646000,2656.143611111111,5.0
2023-10-22 19:11:40.079,11178,190,4,100,False,8,car,0 days 00:00:50.278000,0 days 01:10:37.846000,2666.6991666666663,5.0
2023-10-22 19:11:40.279,10760,193,5,100,False,8,car,0 days 00:00:50.478000,0 days 01:10:38.046000,2677.4213888888885,5.0
2023-10-22 19:11:40.680,11396,206,5,100,False,8,car,0 days 00:00:50.879000,0 days 01:10:38.447000,2700.3674999999994,5.0
2023-10-22 19:11:40.840,11634,215,5,100,False,8,car,0 days 00:00:51.039000,0 days 01:10:38.607000,2709.923055555555,5.0
2023-10-22 19:11:41.160,10558,220,6,100,False,8,car,0 days 00:00:51.359000,0 days 01:10:38.927000,2729.4786111111107,5.0
2023-10-22 19:11:41.360,10737,227,6,100,False,8,car,0 days 00:00:51.559000,0 days 01:10:39.127000,2742.0897222222216,5.0
2023-10-22 19:11:41.600,10975,229,6,100,False,8,car,0 days 00:00:51.799000,0 days 01:10:39.367000,2757.3563888888884,5.0
2023-10-22 19:11:41.840,11280,236,6,100,False,8,car,0 days 00:00:52.039000,0 days 01:10:39.607000,2773.089722222222,5.0
2023-10-22 19:11:42.120,11426,242,6,100,False,8,car,0 days 00:00:52.319000,0 days 01:10:39.887000,2791.911944444444,5.0
2023-10-22 19:11:42.320,10446,244,6,99,False,8,car,0 days 00:00:52.519000,0 days 01:10:40.087000,2805.4674999999993,5.0
2023-10-22 19:11:42.560,10338,249,6,100,False,8,car,0 days 00:00:52.759000,0 days 01:10:40.327000,2822.0674999999997,5.0
2023-10-22 19:11:42.800,10489,253,7,100,False,14,car,0 days 00:00:52.999000,0 days 01:10:40.567000,2838.9341666666664,5.0
2023-10-22 19:11:43.080,10648,258,7,100,False,12,car,0 days 00:00:53.279000,0 days 01:10:40.847000,2859.000833333333,5.0
2023-10-22 19:11:43.440,11035,263,7,100,False,12,car,0 days 00:00:53.639000,0 days 01:10:41.207000,2885.3008333333332,5.0
2023-10-22 19:11:43.640,11305,266,7,100,False,12,car,0 days 00:00:53.839000,0 days 01:10:41.407000,2900.0786111111106,5.0
2023-10-22 19:11:43.800,11075,266,7,100,False,12,car,0 days 00:00:53.999000,0 days 01:10:41.567000,2911.900833333333,5.0
2023-10-22 19:11:44.239,11450,276,7,100,False,12,car,0 days 00:00:54.438000,0 days 01:10:42.006000,2945.5575,5.0
2023-10-22 19:11:44.519,11353,279,7,100,False,12,car,0 days 00:00:54.718000,0 days 01:10:42.286000,2967.2575,5.0
2023-10-22 19:11:44.679,10277,279,8,100,False,12,car,0 days 00:00:54.878000,0 days 01:10:42.446000,2979.6575,5.0
2023-10-22 19:11:44.999,10471,285,8,100,False,12,car,0 days 00:00:55.198000,0 days 01:10:42.766000,3004.9908333333333,5.0
2023-10-22 19:11:45.199,10477,285,8,100,False,12,car,0 days 00:00:55.398000,0 days 01:10:42.966000,3020.8241666666668,5.0
2023-10-22 19:11:45.479,10736,290,8,100,False,12,car,0 days 00:00:55.678000,0 days 01:10:43.246000,3043.379722222222,5.0
2023-10-22 19:11:45.679,10784,293,8,100,False,12,car,0 days 00:00:55.878000,0 days 01:10:43.446000,3059.6575,5.0
2023-10-22 19:11:45.999,10835,294,8,100,False,12,car,0 days 00:00:56.198000,0 days 01:10:43.766000,3085.790833333333,5.0
2023-10-22 19:11:46.199,10885,296,8,100,False,12,car,0 days 00:00:56.398000,0 days 01:10:43.966000,3102.235277777778,5.0
2023-10-22 19:11:46.519,11071,299,8,100,False,12,car,0 days 00:00:56.718000,0 days 01:10:44.286000,3128.813055555556,5.0
2023-10-22 19:11:46.799,11153,303,8,100,False,12,car,0 days 00:00:56.998000,0 days 01:10:44.566000,3152.379722222222,5.0
2023-10-22 19:11:47.040,11233,305,8,100,False,12,car,0 days 00:00:57.239000,0 days 01:10:44.807000,3172.7977777777774,5.0
2023-10-22 19:11:47.200,11243,306,8,100,False,12,car,0 days 00:00:57.399000,0 days 01:10:44.967000,3186.3977777777777,5.0
2023-10-22 19:11:47.440,11303,307,8,100,False,12,car,0 days 00:00:57.639000,0 days 01:10:45.207000,3206.8644444444444,5.0
2023-10-22 19:11:47.720,11380,310,8,100,False,12,car,0 days 00:00:57.919000,0 days 01:10:45.487000,3230.975555555555,5.0
2023-10-22 19:11:48.080,11422,310,8,100,False,12,car,0 days 00:00:58.279000,0 days 01:10:45.847000,3261.9755555555553,5.0
2023-10-22 19:11:48.360,11470,311,8,100,False,12,car,0 days 00:00:58.559000,0 days 01:10:46.127000,3286.1644444444437,5.0
2023-10-22 19:11:48.520,11492,312,8,100,False,12,car,0 days 00:00:58.719000,0 days 01:10:46.287000,3300.0311111111105,5.0
2023-10-22 19:11:48.880,11519,314,8,100,False,12,car,0 days 00:00:59.079000,0 days 01:10:46.647000,3331.4311111111106,5.0
2023-10-22 19:11:49.160,11582,315,8,100,False,12,car,0 days 00:00:59.359000,0 days 01:10:46.927000,3355.9311111111106,5.0
2023-10-22 19:11:49.320,11620,316,8,100,False,12,car,0 days 00:00:59.519000,0 days 01:10:47.087000,3369.975555555555,5.0
2023-10-22 19:11:49.560,11610,317,8,100,False,12,car,0 days 00:00:59.759000,0 days 01:10:47.327000,3391.1088888888885,5.0
2023-10-22 19:11:49.720,11635,317,8,100,False,12,car,0 days 00:00:59.919000,0 days 01:10:47.487000,3405.197777777777,5.0
2023-10-22 19:11:50.200,11733,318,8,100,False,12,car,0 days 00:01:00.399000,0 days 01:10:47.967000,3447.5977777777775,5.0
2023-10-22 19:11:50.480,11719,319,8,100,False,12,car,0 days 00:01:00.679000,0 days 01:10:48.247000,3472.4088888888887,5.0
2023-10-22 19:11:50.640,11726,320,8,99,False,12,car,0 days 00:01:00.839000,0 days 01:10:48.407000,3486.6311111111104,5.0
2023-10-22 19:11:50.880,11752,320,8,100,False,12,car,0 days 00:01:01.079000,0 days 01:10:48.647000,3507.964444444444,5.0
2023-10-22 19:11:51.119,11870,317,8,0,False,0,car,0 days 00:01:01.318000,0 days 01:10:48.886000,3529.0097222222216,5.0
2023-10-22 19:11:51.439,11201,307,8,0,False,0,car,0 days 00:01:01.638000,0 days 01:10:49.206000,3556.2986111111104,5.0
2023-10-22 19:11:51.799,10589,281,8,0,True,0,car,0 days 00:01:01.998000,0 days 01:10:49.566000,3584.3986111111103,5.0
2023-10-22 19:11:52.199,9858,252,8,0,True,0,car,0 days 00:01:02.398000,0 days 01:10:49.966000,3612.3986111111108,5.0
2023-10-22 19:11:52.439,9943,225,7,0,True,0,car,0 days 00:01:02.638000,0 days 01:10:50.206000,3627.3986111111103,5.0
2023-10-22 19:11:52.599,9557,207,6,0,True,0,car,0 days 00:01:02.798000,0 days 01:10:50.366000,3636.5986111111106,5.0
2023-10-22 19:11:52.839,9822,191,6,0,True,0,car,0 days 00:01:03.038000,0 days 01:10:50.606000,3649.3319444444437,5.0
2023-10-22 19:11:53.239,9150,149,5,0,True,0,car,0 days 00:01:03.438000,0 days 01:10:51.006000,3665.8874999999994,5.0
2023-10-22 19:11:53.480,9498,136,4,0,True,0,car,0 days 00:01:03.679000,0 days 01:10:51.247000,3674.991944444444,5.0
2023-10-22 19:11:53.760,8940,131,3,0,True,0,car,0 days 00:01:03.959000,0 days 01:10:51.527000,3685.180833333333,5.0
2023-10-22 19:11:53.920,8234,111,3,0,True,0,car,0 days 00:01:04.119000,0 days 01:10:51.687000,3690.1141666666663,5.0
2023-10-22 19:11:54.240,6925,101,3,0,True,0,car,0 days 00:01:04.439000,0 days 01:10:52.007000,3699.091944444444,5.0
2023-10-22 19:11:54.640,6131,88,3,0,True,0,car,0 days 00:01:04.839000,0 days 01:10:52.407000,3708.8697222222218,5.0
2023-10-22 19:11:55.000,5717,83,3,0,False,0,car,0 days 00:01:05.199000,0 days 01:10:52.767000,3717.169722222222,5.0
2023-10-22 19:11:55.320,5629,79,3,0,False,0,car,0 days 00:01:05.519000,0 days 01:10:53.087000,3724.1919444444443,5.0
2023-10-22 19:11:55.600,6050,77,3,28,False,0,car,0 days 00:01:05.799000,0 days 01:10:53.367000,3730.1808333333333,5.0
2023-10-22 19:11:55.920,6380,85,3,41,False,0,car,0 days 00:01:06.119000,0 days 01:10:53.687000,3737.7363888888885,5.0
2023-10-22 19:11:56.320,7077,95,3,47,False,0,car,0 days 00:01:06.519000,0 days 01:10:54.087000,3748.291944444444,5.0
2023-10-22 19:11:56.560,7753,102,3,53,False,0,car,0 days 00:01:06.759000,0 days 01:10:54.327000,3755.091944444444,5.0
2023-10-22 19:11:56.920,8582,117,3,69,False,0,car,0 days 00:01:07.119000,0 days 01:10:54.687000,3766.7919444444437,5.0
2023-10-22 19:11:57.240,10077,130,3,80,False,0,car,0 days 00:01:07.439000,0 days 01:10:55.007000,3778.347499999999,5.0
2023-10-22 19:11:57.400,10244,130,3,88,False,0,car,0 days 00:01:07.599000,0 days 01:10:55.167000,3784.1252777777772,5.0
2023-10-22 19:11:57.600,10836,139,3,100,False,0,car,0 days 00:01:07.799000,0 days 01:10:55.367000,3791.8474999999994,5.0
2023-10-22 19:11:57.879,11008,157,3,100,False,0,car,0 days 00:01:08.078000,0 days 01:10:55.646000,3804.0149999999994,5.0
2023-10-22 19:11:58.039,10464,166,3,100,False,0,car,0 days 00:01:08.238000,0 days 01:10:55.806000,3811.392777777777,5.0
2023-10-22 19:11:58.359,11112,176,4,100,False,0,car,0 days 00:01:08.558000,0 days 01:10:56.126000,3827.0372222222218,5.0
2023-10-22 19:11:58.519,11043,181,4,100,False,0,car,0 days 00:01:08.718000,0 days 01:10:56.286000,3835.081666666666,5.0
2023-10-22 19:11:58.719,10013,186,4,100,False,0,car,0 days 00:01:08.918000,0 days 01:10:56.486000,3845.4149999999995,5.0
2023-10-22 19:11:58.959,10340,191,5,100,False,0,car,0 days 00:01:09.158000,0 days 01:10:56.726000,3858.1483333333326,5.0
2023-10-22 19:11:59.159,10448,183,5,0,True,0,car,0 days 00:01:09.358000,0 days 01:10:56.926000,3868.3149999999996,5.0
2023-10-22 19:11:59.519,9744,154,5,0,True,0,car,0 days 00:01:09.718000,0 days 01:10:57.286000,3883.7149999999997,5.0
2023-10-22 19:11:59.719,10359,141,4,0,True,0,car,0 days 00:01:09.918000,0 days 01:10:57.486000,3891.548333333333,5.0
2023-10-22 19:11:59.879,9735,141,3,0,True,0,car,0 days 00:01:10.078000,0 days 01:10:57.646000,3897.8149999999996,5.0
2023-10-22 19:12:00.200,8501,123,3,0,True,0,car,0 days 00:01:10.399000,0 days 01:10:57.967000,3908.7824999999993,5.0
2023-10-22 19:12:00.400,7998,114,3,0,True,0,car,0 days 00:01:10.599000,0 days 01:10:58.167000,3915.115833333333,5.0
2023-10-22 19:12:00.600,7658,108,3,0,True,0,car,0 days 00:01:10.799000,0 days 01:10:58.367000,3921.115833333333,5.0
2023-10-22 19:12:00.920,7239,100,3,0,True,0,car,0 days 00:01:11.119000,0 days 01:10:58.687000,3930.0047222222215,5.0
2023-10-22 19:12:01.120,6997,97,3,3,False,0,car,0 days 00:01:11.319000,0 days 01:10:58.887000,3935.3936111111107,5.0
2023-10-22 19:12:01.440,6761,94,3,3,False,0,car,0 days 00:01:11.639000,0 days 01:10:59.207000,3943.749166666666,5.0
2023-10-22 19:12:01.600,6492,93,3,1,False,0,car,0 days 00:01:11.799000,0 days 01:10:59.367000,3947.8824999999997,5.0
2023-10-22 19:12:01.800,6368,89,3,4,False,0,car,0 days 00:01:11.999000,0 days 01:10:59.567000,3952.826944444444,5.0
2023-10-22 19:12:02.000,6582,88,3,16,False,0,car,0 days 00:01:12.199000,0 days 01:10:59.767000,3957.715833333333,5.0
2023-10-22 19:12:02.240,6690,90,3,26,False,0,car,0 days 00:01:12.439000,0 days 01:11:00.007000,3963.715833333333,5.0
2023-10-22 19:12:02.400,7092,90,3,35,False,0,car,0 days 00:01:12.599000,0 days 01:11:00.167000,3967.7158333333336,5.0
2023-10-22 19:12:02.560,7197,93,3,35,False,0,car,0 days 00:01:12.759000,0 days 01:11:00.327000,3971.849166666667,5.0
2023-10-22 19:12:02.880,7585,99,3,43,False,0,car,0 days 00:01:13.079000,0 days 01:11:00.647000,3980.6491666666666,5.0
2023-10-22 19:12:03.120,8037,106,3,47,False,0,car,0 days 00:01:13.319000,0 days 01:11:00.887000,3987.7158333333336,5.0
2023-10-22 19:12:03.400,8372,110,3,50,False,0,car,0 days 00:01:13.599000,0 days 01:11:01.167000,3996.2713888888893,5.0
2023-10-22 19:12:03.600,8662,115,3,53,False,0,car,0 days 00:01:13.799000,0 days 01:11:01.367000,4002.6602777777784,5.0
2023-10-22 19:12:03.760,9052,117,3,54,False,0,car,0 days 00:01:13.959000,0 days 01:11:01.527000,4007.8602777777783,5.0
2023-10-22 19:12:04.080,9994,130,3,70,False,0,car,0 days 00:01:14.279000,0 days 01:11:01.847000,4019.4158333333335,5.0
2023-10-22 19:12:04.479,10999,144,3,82,False,0,car,0 days 00:01:14.678000,0 days 01:11:02.246000,4035.3758333333335,5.0
2023-10-22 19:12:04.719,9907,155,3,100,False,0,car,0 days 00:01:14.918000,0 days 01:11:02.486000,4045.7091666666674,5.0
2023-10-22 19:12:05.119,10484,168,4,100,False,0,car,0 days 00:01:15.318000,0 days 01:11:02.886000,4064.3758333333335,5.0
2023-10-22 19:12:05.519,11078,179,4,100,False,0,car,0 days 00:01:15.718000,0 days 01:11:03.286000,4084.2647222222226,5.0
2023-10-22 19:12:05.759,10106,186,4,99,False,0,car,0 days 00:01:15.958000,0 days 01:11:03.526000,4096.664722222223,5.0
2023-10-22 19:12:06.119,9657,178,5,1,True,0,car,0 days 00:01:16.318000,0 days 01:11:03.886000,4114.464722222223,5.0
2023-10-22 19:12:06.399,9800,168,5,0,True,0,car,0 days 00:01:16.598000,0 days 01:11:04.166000,4127.5313888888895,5.0
2023-10-22 19:12:06.800,9820,146,4,0,True,0,car,0 days 00:01:16.999000,0 days 01:11:04.567000,4143.7941666666675,5.0
2023-10-22 19:12:06.960,9709,136,3,0,True,0,car,0 days 00:01:17.159000,0 days 01:11:04.727000,4149.838611111112,5.0
2023-10-22 19:12:07.160,9011,132,3,0,True,0,car,0 days 00:01:17.359000,0 days 01:11:04.927000,4157.171944444445,5.0
2023-10-22 19:12:07.440,8106,115,3,0,True,0,car,0 days 00:01:17.639000,0 days 01:11:05.207000,4166.11638888889,5.0
2023-10-22 19:12:07.720,7679,106,3,0,True,0,car,0 days 00:01:17.919000,0 days 01:11:05.487000,4174.360833333334,5.0
2023-10-22 19:12:08.000,7300,101,3,0,True,0,car,0 days 00:01:18.199000,0 days 01:11:05.767000,4182.21638888889,5.0
2023-10-22 19:12:08.160,6914,99,3,0,True,0,car,0 days 00:01:18.359000,0 days 01:11:05.927000,4186.61638888889,5.0
2023-10-22 19:12:08.440,6366,93,3,0,True,0,car,0 days 00:01:18.639000,0 days 01:11:06.207000,4193.849722222223,5.0
2023-10-22 19:12:08.640,6180,89,3,0,True,0,car,0 days 00:01:18.839000,0 days 01:11:06.407000,4198.7941666666675,5.0
2023-10-22 19:12:08.960,5995,86,3,0,False,0,car,0 days 00:01:19.159000,0 days 01:11:06.727000,4206.438611111113,5.0
2023-10-22 19:12:09.240,5817,83,3,0,False,0,car,0 days 00:01:19.439000,0 days 01:11:07.007000,4212.894166666668,5.0
2023-10-22 19:12:09.560,5573,80,3,0,False,0,car,0 days 00:01:19.759000,0 days 01:11:07.327000,4220.005277777779,5.0
2023-10-22 19:12:09.720,5427,78,3,0,False,0,car,0 days 00:01:19.919000,0 days 01:11:07.487000,4223.471944444445,5.0
2023-10-22 19:12:10.120,5937,79,3,29,False,0,car,0 days 00:01:20.319000,0 days 01:11:07.887000,4232.249722222224,5.0
2023-10-22 19:12:10.280,6261,79,3,39,False,0,car,0 days 00:01:20.479000,0 days 01:11:08.047000,4235.760833333335,5.0
2023-10-22 19:12:10.640,6893,90,3,45,False,0,car,0 days 00:01:20.839000,0 days 01:11:08.407000,4244.760833333335,5.0
2023-10-22 19:12:10.840,7309,97,3,51,False,0,car,0 days 00:01:21.039000,0 days 01:11:08.607000,4250.149722222223,5.0
2023-10-22 19:12:11.120,7888,107,3,59,False,0,car,0 days 00:01:21.319000,0 days 01:11:08.887000,4258.471944444445,5.0
2023-10-22 19:12:11.359,8734,115,3,64,False,0,car,0 days 00:01:21.558000,0 days 01:11:09.126000,4266.1066666666675,5.0
2023-10-22 19:12:11.559,9261,123,3,70,False,0,car,0 days 00:01:21.758000,0 days 01:11:09.326000,4272.9400000000005,5.0
2023-10-22 19:12:11.719,9927,131,3,80,False,0,car,0 days 00:01:21.918000,0 days 01:11:09.486000,4278.7622222222235,5.0
2023-10-22 19:12:11.959,11003,141,3,92,False,0,car,0 days 00:01:22.158000,0 days 01:11:09.726000,4288.162222222223,5.0
2023-10-22 19:12:12.199,11371,150,3,100,False,0,car,0 days 00:01:22.398000,0 days 01:11:09.966000,4298.162222222223,5.0
2023-10-22 19:12:12.519,10251,158,3,100,False,0,car,0 days 00:01:22.718000,0 days 01:11:10.286000,4312.206666666668,5.0
2023-10-22 19:12:12.719,10774,171,4,100,False,0,car,0 days 00:01:22.918000,0 days 01:11:10.486000,4321.706666666668,5.0
2023-10-22 19:12:12.919,11245,178,4,100,False,0,car,0 days 00:01:23.118000,0 days 01:11:10.686000,4331.5955555555565,5.0
2023-10-22 19:12:13.200,10244,188,4,100,False,0,car,0 days 00:01:23.399000,0 days 01:11:10.967000,4346.270000000001,5.0
2023-10-22 19:12:13.520,10991,201,5,100,False,0,car,0 days 00:01:23.719000,0 days 01:11:11.287000,4364.136666666667,5.0
2023-10-22 19:12:13.760,11291,205,5,100,False,0,car,0 days 00:01:23.959000,0 days 01:11:11.527000,4377.803333333334,5.0
2023-10-22 19:12:13.960,11463,210,5,100,False,0,car,0 days 00:01:24.159000,0 days 01:11:11.727000,4389.470000000001,5.0
2023-10-22 19:12:14.280,11159,216,5,100,False,0,car,0 days 00:01:24.479000,0 days 01:11:12.047000,4408.670000000001,5.0
2023-10-22 19:12:14.440,10532,220,5,100,False,0,car,0 days 00:01:24.639000,0 days 01:11:12.207000,4418.447777777778,5.0
2023-10-22 19:12:14.640,10493,224,6,100,False,0,car,0 days 00:01:24.839000,0 days 01:11:12.407000,4430.892222222223,5.0
2023-10-22 19:12:14.960,10416,221,6,41,False,0,car,0 days 00:01:25.159000,0 days 01:11:12.727000,4450.536666666668,5.0
2023-10-22 19:12:15.120,10231,221,6,32,False,0,car,0 days 00:01:25.319000,0 days 01:11:12.887000,4460.35888888889,5.0
2023-10-22 19:12:15.280,10387,218,6,62,False,0,car,0 days 00:01:25.479000,0 days 01:11:13.047000,4470.047777777779,5.0
2023-10-22 19:12:15.440,10497,218,6,77,False,0,car,0 days 00:01:25.639000,0 days 01:11:13.207000,4479.736666666668,5.0
2023-10-22 19:12:15.800,10385,222,6,59,False,0,car,0 days 00:01:25.999000,0 days 01:11:13.567000,4501.936666666667,5.0
2023-10-22 19:12:16.040,10440,220,6,62,False,0,car,0 days 00:01:26.239000,0 days 01:11:13.807000,4516.603333333334,5.0
2023-10-22 19:12:16.200,10506,220,6,70,False,0,car,0 days 00:01:26.399000,0 days 01:11:13.967000,4526.381111111112,5.0
2023-10-22 19:12:16.560,10659,223,6,76,False,0,car,0 days 00:01:26.759000,0 days 01:11:14.327000,4548.681111111112,5.0
2023-10-22 19:12:16.760,10927,227,6,85,False,0,car,0 days 00:01:26.959000,0 days 01:11:14.527000,4561.292222222223,5.0
2023-10-22 19:12:16.960,10981,229,6,85,False,0,car,0 days 00:01:27.159000,0 days 01:11:14.727000,4574.014444444446,5.0
2023-10-22 19:12:17.280,11173,235,6,100,False,0,car,0 days 00:01:27.479000,0 days 01:11:15.047000,4594.903333333335,5.0
2023-10-22 19:12:17.680,11485,238,6,100,False,0,car,0 days 00:01:27.879000,0 days 01:11:15.447000,4621.34777777778,5.0
2023-10-22 19:12:18.119,11764,246,6,100,False,0,car,0 days 00:01:28.318000,0 days 01:11:15.886000,4651.346111111113,5.0
2023-10-22 19:12:18.479,10520,249,7,100,False,0,car,0 days 00:01:28.678000,0 days 01:11:16.246000,4676.246111111112,5.0
2023-10-22 19:12:18.879,10581,253,7,100,False,0,car,0 days 00:01:29.078000,0 days 01:11:16.646000,4704.357222222224,5.0
2023-10-22 19:12:19.119,10832,256,7,100,False,0,car,0 days 00:01:29.318000,0 days 01:11:16.886000,4721.42388888889,5.0
2023-10-22 19:12:19.439,10630,257,7,100,False,0,car,0 days 00:01:29.638000,0 days 01:11:17.206000,4744.268333333335,5.0
2023-10-22 19:12:19.679,10728,258,7,100,False,0,car,0 days 00:01:29.878000,0 days 01:11:17.446000,4761.468333333335,5.0
2023-10-22 19:12:19.920,10805,259,7,100,False,0,car,0 days 00:01:30.119000,0 days 01:11:17.687000,4778.806944444446,5.0
2023-10-22 19:12:20.120,10856,260,7,100,False,0,car,0 days 00:01:30.319000,0 days 01:11:17.887000,4793.251388888891,5.0
2023-10-22 19:12:20.480,11126,264,7,100,False,0,car,0 days 00:01:30.679000,0 days 01:11:18.247000,4819.65138888889,5.0
2023-10-22 19:12:20.800,10937,262,7,100,False,0,car,0 days 00:01:30.999000,0 days 01:11:18.567000,4842.940277777779,5.0
2023-10-22 19:12:20.960,10518,262,7,99,False,0,car,0 days 00:01:31.159000,0 days 01:11:18.727000,4854.584722222224,5.0
2023-10-22 19:12:21.400,9680,240,7,0,True,0,car,0 days 00:01:31.599000,0 days 01:11:19.167000,4883.918055555557,5.0
2023-10-22 19:12:21.680,10150,221,6,0,True,0,car,0 days 00:01:31.879000,0 days 01:11:19.447000,4901.106944444446,5.0
2023-10-22 19:12:21.880,10456,208,6,0,True,0,car,0 days 00:01:32.079000,0 days 01:11:19.647000,4912.6625,5.0
2023-10-22 19:12:22.120,10467,197,5,0,True,0,car,0 days 00:01:32.319000,0 days 01:11:19.887000,4925.7958333333345,5.0
2023-10-22 19:12:22.280,10198,197,5,2,True,0,car,0 days 00:01:32.479000,0 days 01:11:20.047000,4934.55138888889,5.0
2023-10-22 19:12:22.560,9660,187,5,1,True,0,car,0 days 00:01:32.759000,0 days 01:11:20.327000,4949.095833333335,5.0
2023-10-22 19:12:22.840,9304,177,5,0,False,0,car,0 days 00:01:33.039000,0 days 01:11:20.607000,4962.862500000001,5.0
2023-10-22 19:12:23.240,9116,170,5,0,False,0,car,0 days 00:01:33.439000,0 days 01:11:21.007000,4981.75138888889,5.0
2023-10-22 19:12:23.400,9116,168,5,0,False,0,car,0 days 00:01:33.599000,0 days 01:11:21.167000,4989.218055555557,5.0
2023-10-22 19:12:23.640,8745,164,5,0,False,0,car,0 days 00:01:33.839000,0 days 01:11:21.407000,5000.15138888889,5.0
2023-10-22 19:12:23.840,8973,163,5,47,False,0,car,0 days 00:01:34.039000,0 days 01:11:21.607000,5009.206944444446,5.0
2023-10-22 19:12:24.040,9198,167,5,72,False,0,car,0 days 00:01:34.239000,0 days 01:11:21.807000,5018.484722222224,5.0
2023-10-22 19:12:24.280,9958,173,5,100,False,0,car,0 days 00:01:34.479000,0 days 01:11:22.047000,5030.018055555557,5.0
2023-10-22 19:12:24.679,10389,188,5,100,False,0,car,0 days 00:01:34.878000,0 days 01:11:22.446000,5050.854722222224,5.0
2023-10-22 19:12:24.959,10803,197,5,100,False,0,car,0 days 00:01:35.158000,0 days 01:11:22.726000,5066.176944444446,5.0
2023-10-22 19:12:25.279,11282,205,5,100,False,0,car,0 days 00:01:35.478000,0 days 01:11:23.046000,5084.399166666668,5.0
2023-10-22 19:12:25.719,11669,215,5,100,False,0,car,0 days 00:01:35.918000,0 days 01:11:23.486000,5110.676944444446,5.0
2023-10-22 19:12:25.919,10829,217,5,100,False,0,car,0 days 00:01:36.118000,0 days 01:11:23.686000,5122.732500000001,5.0
2023-10-22 19:12:26.360,10665,226,6,99,False,0,car,0 days 00:01:36.559000,0 days 01:11:24.127000,5150.417500000001,5.0
2023-10-22 19:12:26.680,10899,227,6,0,True,0,car,0 days 00:01:36.879000,0 days 01:11:24.447000,5170.595277777779,5.0
2023-10-22 19:12:26.960,10522,198,6,0,True,0,car,0 days 00:01:37.159000,0 days 01:11:24.727000,5185.995277777779,5.0
2023-10-22 19:12:27.320,10191,160,6,0,True,8,car,0 days 00:01:37.519000,0 days 01:11:25.087000,5201.995277777779,5.0
2023-10-22 19:12:27.480,10571,151,5,0,True,8,car,0 days 00:01:37.679000,0 days 01:11:25.247000,5208.70638888889,5.0
2023-10-22 19:12:27.640,9983,139,4,0,True,8,car,0 days 00:01:37.839000,0 days 01:11:25.407000,5214.884166666668,5.0
2023-10-22 19:12:27.840,9108,128,3,0,True,8,car,0 days 00:01:38.039000,0 days 01:11:25.607000,5221.995277777779,5.0
2023-10-22 19:12:28.160,8368,115,3,0,True,8,car,0 days 00:01:38.359000,0 days 01:11:25.927000,5232.217500000001,5.0
2023-10-22 19:12:28.320,7686,108,3,0,True,8,car,0 days 00:01:38.519000,0 days 01:11:26.087000,5237.017500000001,5.0
2023-10-22 19:12:28.520,7216,103,3,0,True,8,car,0 days 00:01:38.719000,0 days 01:11:26.287000,5242.739722222223,5.0
2023-10-22 19:12:28.760,6878,98,3,0,True,8,car,0 days 00:01:38.959000,0 days 01:11:26.527000,5249.273055555556,5.0
2023-10-22 19:12:29.200,6280,90,3,0,False,8,car,0 days 00:01:39.399000,0 days 01:11:26.967000,5260.273055555556,5.0
2023-10-22 19:12:29.360,6688,85,3,0,False,8,car,0 days 00:01:39.559000,0 days 01:11:27.127000,5264.050833333334,5.0
2023-10-22 19:12:29.560,6745,85,3,12,False,8,car,0 days 00:01:39.759000,0 days 01:11:27.327000,5268.773055555556,5.0
2023-10-22 19:12:29.720,6787,87,3,20,False,8,car,0 days 00:01:39.919000,0 days 01:11:27.487000,5272.639722222223,5.0
2023-10-22 19:12:30.040,6890,91,3,39,False,8,car,0 days 00:01:40.239000,0 days 01:11:27.807000,5280.7286111111125,5.0
2023-10-22 19:12:30.200,7077,93,3,44,False,8,car,0 days 00:01:40.399000,0 days 01:11:27.967000,5284.861944444446,5.0
2023-10-22 19:12:30.360,7455,95,3,46,False,8,car,0 days 00:01:40.559000,0 days 01:11:28.127000,5289.084166666667,5.0
2023-10-22 19:12:30.560,7814,103,3,51,False,8,car,0 days 00:01:40.759000,0 days 01:11:28.327000,5294.80638888889,5.0
2023-10-22 19:12:30.800,8314,109,3,59,False,8,car,0 days 00:01:40.999000,0 days 01:11:28.567000,5302.0730555555565,5.0
2023-10-22 19:12:31.040,8594,116,3,59,False,8,car,0 days 00:01:41.239000,0 days 01:11:28.807000,5309.80638888889,5.0
2023-10-22 19:12:31.280,10274,127,3,78,False,8,car,0 days 00:01:41.479000,0 days 01:11:29.047000,5318.273055555556,5.0
2023-10-22 19:12:31.479,10345,134,3,78,False,8,car,0 days 00:01:41.678000,0 days 01:11:29.246000,5325.680277777778,5.0
2023-10-22 19:12:31.839,11545,147,3,100,False,8,car,0 days 00:01:42.038000,0 days 01:11:29.606000,5340.380277777778,5.0
2023-10-22 19:12:32.239,10883,170,3,100,False,8,car,0 days 00:01:42.438000,0 days 01:11:30.006000,5359.269166666668,5.0
2023-10-22 19:12:32.479,11393,177,4,100,False,14,car,0 days 00:01:42.678000,0 days 01:11:30.246000,5371.069166666668,5.0
2023-10-22 19:12:32.639,11756,185,4,100,False,14,car,0 days 00:01:42.838000,0 days 01:11:30.406000,5379.29138888889,5.0
2023-10-22 19:12:32.799,11963,185,4,100,False,12,car,0 days 00:01:42.998000,0 days 01:11:30.566000,5387.513611111112,5.0
2023-10-22 19:12:33.040,11043,198,4,100,False,12,car,0 days 00:01:43.239000,0 days 01:11:30.807000,5400.7686111111125,5.0
2023-10-22 19:12:33.200,11036,201,5,100,False,12,car,0 days 00:01:43.399000,0 days 01:11:30.967000,5409.701944444446,5.0
2023-10-22 19:12:33.480,11477,210,5,100,False,12,car,0 days 00:01:43.679000,0 days 01:11:31.247000,5426.035277777779,5.0
2023-10-22 19:12:33.840,10522,221,6,100,False,12,car,0 days 00:00:00.247000,0 days 01:11:31.607000,15.163055555555555,6.0
2023-10-22 19:12:34.040,10784,227,6,100,False,12,car,0 days 00:00:00.447000,0 days 01:11:31.807000,27.774166666666666,6.0
2023-10-22 19:12:34.200,10889,227,6,100,False,12,car,0 days 00:00:00.607000,0 days 01:11:31.967000,37.863055555555555,6.0
2023-10-22 19:12:34.440,11278,234,6,100,False,12,car,0 days 00:00:00.847000,0 days 01:11:32.207000,53.463055555555556,6.0
2023-10-22 19:12:34.640,11442,241,6,100,False,12,car,0 days 00:00:01.047000,0 days 01:11:32.407000,66.85194444444444,6.0
2023-10-22 19:12:34.920,11495,247,6,100,False,12,car,0 days 00:00:01.327000,0 days 01:11:32.687000,86.06305555555555,6.0
2023-10-22 19:12:35.320,10628,255,7,100,False,12,car,0 days 00:00:01.727000,0 days 01:11:33.087000,114.3963888888889,6.0
2023-10-22 19:12:35.720,10825,260,7,100,False,12,car,0 days 00:00:02.127000,0 days 01:11:33.487000,143.28527777777776,6.0
2023-10-22 19:12:36.000,11041,264,7,100,False,12,car,0 days 00:00:02.407000,0 days 01:11:33.767000,163.81861111111112,6.0
2023-10-22 19:12:36.200,11318,268,7,100,False,12,car,0 days 00:00:02.607000,0 days 01:11:33.967000,178.70750000000004,6.0
2023-10-22 19:12:36.480,11320,273,7,100,False,12,car,0 days 00:00:02.887000,0 days 01:11:34.247000,199.94083333333336,6.0
2023-10-22 19:12:36.680,11416,275,7,100,False,12,car,0 days 00:00:03.087000,0 days 01:11:34.447000,215.21861111111116,6.0
2023-10-22 19:12:36.840,11525,278,7,100,False,12,car,0 days 00:00:03.247000,0 days 01:11:34.607000,227.57416666666668,6.0
2023-10-22 19:12:37.200,10920,282,7,100,False,12,car,0 days 00:00:03.607000,0 days 01:11:34.967000,255.7741666666667,6.0
2023-10-22 19:12:37.360,10493,284,8,100,False,12,car,0 days 00:00:03.767000,0 days 01:11:35.127000,268.3963888888889,6.0
2023-10-22 19:12:37.520,10529,286,8,100,False,12,car,0 days 00:00:03.927000,0 days 01:11:35.287000,281.1075,6.0
2023-10-22 19:12:37.680,10634,287,8,100,False,12,car,0 days 00:00:04.087000,0 days 01:11:35.447000,293.86305555555555,6.0
2023-10-22 19:12:37.960,10709,291,8,100,False,12,car,0 days 00:00:04.367000,0 days 01:11:35.727000,316.4963888888889,6.0
2023-10-22 19:12:38.239,10836,293,8,100,False,12,car,0 days 00:00:04.646000,0 days 01:11:36.006000,339.20388888888886,6.0
2023-10-22 19:12:38.639,10972,296,8,100,False,12,car,0 days 00:00:05.046000,0 days 01:11:36.406000,372.09277777777777,6.0
2023-10-22 19:12:38.919,10991,298,8,100,False,12,car,0 days 00:00:05.326000,0 days 01:11:36.686000,395.2705555555555,6.0
2023-10-22 19:12:39.159,10960,299,8,100,False,12,car,0 days 00:00:05.566000,0 days 01:11:36.926000,415.20388888888886,6.0
2023-10-22 19:12:39.640,10994,297,8,100,False,8,car,0 days 00:00:06.047000,0 days 01:11:37.407000,454.88638888888886,6.0
2023-10-22 19:12:39.920,10754,288,8,0,False,0,car,0 days 00:00:06.327000,0 days 01:11:37.687000,477.2863888888889,6.0
2023-10-22 19:12:40.080,10180,284,8,0,True,0,car,0 days 00:00:06.487000,0 days 01:11:37.847000,489.9086111111111,6.0
2023-10-22 19:12:40.480,9103,252,8,0,True,0,car,0 days 00:00:06.887000,0 days 01:11:38.247000,517.9086111111111,6.0
2023-10-22 19:12:40.680,9283,252,7,0,True,0,car,0 days 00:00:07.087000,0 days 01:11:38.447000,531.9086111111111,6.0
2023-10-22 19:12:40.840,9248,217,7,0,True,0,car,0 days 00:00:07.247000,0 days 01:11:38.607000,541.5530555555556,6.0
2023-10-22 19:12:41.000,9948,197,7,0,True,0,car,0 days 00:00:07.407000,0 days 01:11:38.767000,550.3086111111112,6.0
2023-10-22 19:12:41.240,9206,178,6,0,True,0,car,0 days 00:00:07.647000,0 days 01:11:39.007000,562.1752777777779,6.0
2023-10-22 19:12:41.560,9055,153,5,0,True,0,car,0 days 00:00:07.967000,0 days 01:11:39.327000,575.7752777777779,6.0
2023-10-22 19:12:41.760,9534,136,4,0,True,0,car,0 days 00:00:08.167000,0 days 01:11:39.527000,583.3308333333334,6.0
2023-10-22 19:12:42.080,8312,119,3,0,True,0,car,0 days 00:00:08.487000,0 days 01:11:39.847000,593.9086111111112,6.0
2023-10-22 19:12:42.440,7362,101,3,0,True,0,car,0 days 00:00:08.847000,0 days 01:11:40.207000,604.0086111111112,6.0
2023-10-22 19:12:42.600,6781,98,3,0,True,0,car,0 days 00:00:09.007000,0 days 01:11:40.367000,608.3641666666668,6.0
2023-10-22 19:12:42.760,6455,95,3,0,True,0,car,0 days 00:00:09.167000,0 days 01:11:40.527000,612.586388888889,6.0
2023-10-22 19:12:43.000,6085,88,3,0,True,0,car,0 days 00:00:09.407000,0 days 01:11:40.767000,618.4530555555557,6.0
2023-10-22 19:12:43.160,5793,84,3,0,True,0,car,0 days 00:00:09.567000,0 days 01:11:40.927000,622.186388888889,6.0
2023-10-22 19:12:43.440,5614,80,3,0,False,0,car,0 days 00:00:09.847000,0 days 01:11:41.207000,628.4086111111112,6.0
2023-10-22 19:12:43.680,5378,79,3,0,False,0,car,0 days 00:00:10.087000,0 days 01:11:41.447000,633.6752777777779,6.0
2023-10-22 19:12:43.880,5418,76,3,4,False,0,car,0 days 00:00:10.287000,0 days 01:11:41.647000,637.8975000000002,6.0
2023-10-22 19:12:44.040,5192,74,3,7,False,0,car,0 days 00:00:10.447000,0 days 01:11:41.807000,641.186388888889,6.0
2023-10-22 19:12:44.320,5370,76,3,15,False,0,car,0 days 00:00:10.727000,0 days 01:11:42.087000,647.0975000000002,6.0
2023-10-22 19:12:44.480,5797,77,3,24,False,0,car,0 days 00:00:10.887000,0 days 01:11:42.247000,650.5197222222224,6.0
2023-10-22 19:12:44.919,6431,84,3,35,False,0,car,0 days 00:00:11.326000,0 days 01:11:42.686000,660.7630555555558,6.0
2023-10-22 19:12:45.239,6862,91,3,37,False,0,car,0 days 00:00:11.646000,0 days 01:11:43.006000,668.8519444444446,6.0
2023-10-22 19:12:45.519,7554,96,3,47,False,0,car,0 days 00:00:11.926000,0 days 01:11:43.286000,676.3186111111113,6.0
2023-10-22 19:12:45.959,8398,110,3,53,False,0,car,0 days 00:00:12.366000,0 days 01:11:43.726000,689.7630555555558,6.0
2023-10-22 19:12:46.160,8818,117,3,57,False,0,car,0 days 00:00:12.567000,0 days 01:11:43.927000,696.2955555555558,6.0
2023-10-22 19:12:46.520,9964,133,3,68,False,0,car,0 days 00:00:12.927000,0 days 01:11:44.287000,709.5955555555557,6.0
2023-10-22 19:12:46.720,10502,141,3,76,False,0,car,0 days 00:00:13.127000,0 days 01:11:44.487000,717.4288888888891,6.0
2023-10-22 19:12:46.880,9942,141,3,91,False,0,car,0 days 00:00:13.287000,0 days 01:11:44.647000,723.6955555555558,6.0
2023-10-22 19:12:47.200,10570,160,4,100,False,0,car,0 days 00:00:13.607000,0 days 01:11:44.967000,737.9177777777779,6.0
2023-10-22 19:12:47.440,10575,173,4,100,False,0,car,0 days 00:00:13.847000,0 days 01:11:45.207000,749.4511111111112,6.0
2023-10-22 19:12:47.600,11257,173,4,100,False,0,car,0 days 00:00:14.007000,0 days 01:11:45.367000,757.1400000000001,6.0
2023-10-22 19:12:47.800,11682,182,4,99,False,0,car,0 days 00:00:14.207000,0 days 01:11:45.567000,767.2511111111113,6.0
2023-10-22 19:12:47.960,10562,194,4,100,False,0,car,0 days 00:00:14.367000,0 days 01:11:45.727000,775.8733333333336,6.0
2023-10-22 19:12:48.280,11071,201,5,100,False,0,car,0 days 00:00:14.687000,0 days 01:11:46.047000,793.7400000000001,6.0
2023-10-22 19:12:48.680,10337,213,6,99,False,0,car,0 days 00:00:15.087000,0 days 01:11:46.447000,817.4066666666668,6.0
2023-10-22 19:12:48.840,10306,218,6,99,False,0,car,0 days 00:00:15.247000,0 days 01:11:46.607000,827.0955555555556,6.0
2023-10-22 19:12:49.160,10805,226,6,100,False,0,car,0 days 00:00:15.567000,0 days 01:11:46.927000,847.1844444444446,6.0
2023-10-22 19:12:49.360,10968,229,6,100,False,0,car,0 days 00:00:15.767000,0 days 01:11:47.127000,859.9066666666668,6.0
2023-10-22 19:12:49.720,11257,236,6,100,False,0,car,0 days 00:00:16.127000,0 days 01:11:47.487000,883.5066666666667,6.0
2023-10-22 19:12:50.120,11451,241,6,100,False,0,car,0 days 00:00:16.527000,0 days 01:11:47.887000,910.2844444444446,6.0
2023-10-22 19:12:50.440,11411,246,6,100,False,0,car,0 days 00:00:16.847000,0 days 01:11:48.207000,932.1511111111113,6.0
2023-10-22 19:12:50.680,10404,249,7,100,False,0,car,0 days 00:00:17.087000,0 days 01:11:48.447000,948.7511111111112,6.0
2023-10-22 19:12:50.920,10541,252,7,100,False,0,car,0 days 00:00:17.327000,0 days 01:11:48.687000,965.5511111111114,6.0
2023-10-22 19:12:51.240,10613,256,7,100,False,0,car,0 days 00:00:17.647000,0 days 01:11:49.007000,988.3066666666667,6.0
2023-10-22 19:12:51.519,10636,257,7,100,False,0,car,0 days 00:00:17.926000,0 days 01:11:49.286000,1008.2241666666667,6.0
2023-10-22 19:12:51.679,10714,258,7,100,False,0,car,0 days 00:00:18.086000,0 days 01:11:49.446000,1019.6908333333334,6.0
2023-10-22 19:12:51.839,10747,259,7,100,False,0,car,0 days 00:00:18.246000,0 days 01:11:49.606000,1031.2019444444445,6.0
2023-10-22 19:12:52.159,10862,262,7,100,False,0,car,0 days 00:00:18.566000,0 days 01:11:49.926000,1054.4908333333335,6.0
2023-10-22 19:12:52.319,10963,264,7,100,False,0,car,0 days 00:00:18.726000,0 days 01:11:50.086000,1066.2241666666669,6.0
2023-10-22 19:12:52.639,11021,266,7,100,False,0,car,0 days 00:00:19.046000,0 days 01:11:50.406000,1089.8686111111112,6.0
2023-10-22 19:12:52.840,11077,267,7,100,False,0,car,0 days 00:00:19.247000,0 days 01:11:50.607000,1104.7761111111113,6.0
2023-10-22 19:12:53.120,11132,267,7,100,False,0,car,0 days 00:00:19.527000,0 days 01:11:50.887000,1125.542777777778,6.0
2023-10-22 19:12:53.400,11198,267,7,99,False,0,car,0 days 00:00:19.807000,0 days 01:11:51.167000,1146.3094444444444,6.0
2023-10-22 19:12:53.760,10923,267,7,78,False,0,car,0 days 00:00:20.167000,0 days 01:11:51.527000,1173.0094444444446,6.0
2023-10-22 19:12:53.920,11046,268,7,99,False,0,car,0 days 00:00:20.327000,0 days 01:11:51.687000,1184.9205555555557,6.0
2023-10-22 19:12:54.160,10768,268,7,100,False,0,car,0 days 00:00:20.567000,0 days 01:11:51.927000,1202.7872222222222,6.0
2023-10-22 19:12:54.560,10258,252,7,0,True,0,car,0 days 00:00:20.967000,0 days 01:11:52.327000,1230.7872222222222,6.0
2023-10-22 19:12:54.920,10170,245,7,46,False,0,car,0 days 00:00:21.327000,0 days 01:11:52.687000,1255.2872222222225,6.0
2023-10-22 19:12:55.200,10192,244,7,74,False,0,car,0 days 00:00:21.607000,0 days 01:11:52.967000,1274.265,6.0
2023-10-22 19:12:55.400,9772,241,7,0,True,0,car,0 days 00:00:21.807000,0 days 01:11:53.167000,1287.653888888889,6.0
2023-10-22 19:12:55.560,10696,232,7,0,True,0,car,0 days 00:00:21.967000,0 days 01:11:53.327000,1297.9650000000001,6.0
2023-10-22 19:12:55.840,10442,223,6,2,True,0,car,0 days 00:00:22.247000,0 days 01:11:53.607000,1315.3094444444446,6.0
2023-10-22 19:12:56.240,9840,213,6,17,False,0,car,0 days 00:00:22.647000,0 days 01:11:54.007000,1338.976111111111,6.0
2023-10-22 19:12:56.400,9888,211,6,25,False,0,car,0 days 00:00:22.807000,0 days 01:11:54.167000,1348.3538888888888,6.0
2023-10-22 19:12:56.600,9927,207,6,49,False,0,car,0 days 00:00:23.007000,0 days 01:11:54.367000,1359.853888888889,6.0
2023-10-22 19:12:56.920,10028,210,6,71,False,0,car,0 days 00:00:23.327000,0 days 01:11:54.687000,1378.5205555555558,6.0
2023-10-22 19:12:57.160,10144,214,6,81,False,0,car,0 days 00:00:23.567000,0 days 01:11:54.927000,1392.7872222222225,6.0
2023-10-22 19:12:57.440,9956,219,6,41,False,0,car,0 days 00:00:23.847000,0 days 01:11:55.207000,1409.8205555555558,6.0
2023-10-22 19:12:57.640,9981,215,6,17,False,0,car,0 days 00:00:24.047000,0 days 01:11:55.407000,1421.765,6.0
2023-10-22 19:12:57.840,9670,209,6,7,False,0,car,0 days 00:00:24.247000,0 days 01:11:55.607000,1433.3761111111112,6.0
2023-10-22 19:12:58.120,9713,203,6,0,False,0,car,0 days 00:00:24.527000,0 days 01:11:55.887000,1449.1650000000002,6.0
2023-10-22 19:12:58.439,10378,199,5,0,False,0,car,0 days 00:00:24.846000,0 days 01:11:56.206000,1466.7986111111113,6.0
2023-10-22 19:12:58.759,10366,194,5,19,False,0,car,0 days 00:00:25.166000,0 days 01:11:56.526000,1484.0430555555558,6.0
2023-10-22 19:12:58.959,9837,187,5,0,False,0,car,0 days 00:00:25.366000,0 days 01:11:56.726000,1494.4319444444448,6.0
2023-10-22 19:12:59.159,9722,184,5,12,False,0,car,0 days 00:00:25.566000,0 days 01:11:56.926000,1504.654166666667,6.0
2023-10-22 19:12:59.320,9722,180,5,12,False,0,car,0 days 00:00:25.727000,0 days 01:11:57.087000,1512.7041666666669,6.0
2023-10-22 19:12:59.720,10183,186,5,72,False,0,car,0 days 00:00:26.127000,0 days 01:11:57.487000,1533.3708333333334,6.0
2023-10-22 19:12:59.960,10217,189,5,57,False,0,car,0 days 00:00:26.367000,0 days 01:11:57.727000,1545.9708333333335,6.0
2023-10-22 19:13:00.280,10683,191,5,65,False,0,car,0 days 00:00:26.687000,0 days 01:11:58.047000,1562.9486111111114,6.0
2023-10-22 19:13:00.520,10503,192,5,63,False,0,car,0 days 00:00:26.927000,0 days 01:11:58.287000,1575.7486111111114,6.0
2023-10-22 19:13:00.800,10982,197,5,98,False,0,car,0 days 00:00:27.207000,0 days 01:11:58.567000,1591.0708333333337,6.0
2023-10-22 19:13:01.040,11084,202,5,100,False,0,car,0 days 00:00:27.447000,0 days 01:11:58.807000,1604.5375000000001,6.0
2023-10-22 19:13:01.200,11128,204,5,100,False,0,car,0 days 00:00:27.607000,0 days 01:11:58.967000,1613.6041666666667,6.0
2023-10-22 19:13:01.600,10405,197,5,0,True,0,car,0 days 00:00:28.007000,0 days 01:11:59.367000,1635.4930555555557,6.0
2023-10-22 19:13:01.760,11119,190,5,0,True,0,car,0 days 00:00:28.167000,0 days 01:11:59.527000,1643.9375,6.0
2023-10-22 19:13:02.040,10971,182,4,1,True,0,car,0 days 00:00:28.447000,0 days 01:11:59.807000,1658.0930555555553,6.0
2023-10-22 19:13:02.240,10780,176,4,6,True,0,car,0 days 00:00:28.647000,0 days 01:12:00.007000,1667.8708333333332,6.0
2023-10-22 19:13:02.680,10438,171,4,3,False,0,car,0 days 00:00:29.087000,0 days 01:12:00.447000,1688.7708333333333,6.0
2023-10-22 19:13:02.960,10216,164,4,23,False,0,car,0 days 00:00:29.367000,0 days 01:12:00.727000,1701.526388888889,6.0
2023-10-22 19:13:03.240,10250,165,4,49,False,0,car,0 days 00:00:29.647000,0 days 01:12:01.007000,1714.3597222222222,6.0
2023-10-22 19:13:03.440,10495,166,4,59,False,0,car,0 days 00:00:29.847000,0 days 01:12:01.207000,1723.5819444444446,6.0
2023-10-22 19:13:03.640,10775,171,4,59,False,0,car,0 days 00:00:30.047000,0 days 01:12:01.407000,1733.0819444444446,6.0
2023-10-22 19:13:03.880,11200,177,4,100,False,0,car,0 days 00:00:30.287000,0 days 01:12:01.647000,1744.8819444444446,6.0
2023-10-22 19:13:04.200,11738,184,4,99,False,0,car,0 days 00:00:30.607000,0 days 01:12:01.967000,1761.2375000000002,6.0
2023-10-22 19:13:04.440,10872,186,4,0,True,0,car,0 days 00:00:30.847000,0 days 01:12:02.207000,1773.6375000000003,6.0
2023-10-22 19:13:04.600,10531,181,4,0,True,0,car,0 days 00:00:31.007000,0 days 01:12:02.367000,1781.6819444444448,6.0
2023-10-22 19:13:04.880,9888,162,4,0,True,0,car,0 days 00:00:31.287000,0 days 01:12:02.647000,1794.2819444444447,6.0
2023-10-22 19:13:05.159,9013,149,4,1,True,0,car,0 days 00:00:31.566000,0 days 01:12:02.926000,1805.8294444444446,6.0
2023-10-22 19:13:05.519,8581,140,4,0,True,0,car,0 days 00:00:31.926000,0 days 01:12:03.286000,1819.8294444444446,6.0
2023-10-22 19:13:05.679,8402,137,4,1,False,0,car,0 days 00:00:32.086000,0 days 01:12:03.446000,1825.9183333333335,6.0
2023-10-22 19:13:05.920,8123,135,4,0,False,0,car,0 days 00:00:32.327000,0 days 01:12:03.687000,1834.9558333333334,6.0
2023-10-22 19:13:06.160,7844,129,4,0,False,0,car,0 days 00:00:32.567000,0 days 01:12:03.927000,1843.5558333333336,6.0
2023-10-22 19:13:06.400,8170,125,4,19,False,0,car,0 days 00:00:32.807000,0 days 01:12:04.167000,1851.889166666667,6.0
2023-10-22 19:13:06.720,7821,124,4,40,False,0,car,0 days 00:00:33.127000,0 days 01:12:04.487000,1862.9113888888892,6.0
2023-10-22 19:13:07.120,8219,127,4,39,False,0,car,0 days 00:00:33.527000,0 days 01:12:04.887000,1877.0225000000003,6.0
2023-10-22 19:13:07.440,8133,128,4,45,False,0,car,0 days 00:00:33.847000,0 days 01:12:05.207000,1888.400277777778,6.0
2023-10-22 19:13:07.640,8546,134,4,68,False,0,car,0 days 00:00:34.047000,0 days 01:12:05.407000,1895.8447222222223,6.0
2023-10-22 19:13:07.960,9440,146,4,84,False,0,car,0 days 00:00:34.367000,0 days 01:12:05.727000,1908.8225000000002,6.0
2023-10-22 19:13:08.160,9694,153,4,85,False,0,car,0 days 00:00:34.567000,0 days 01:12:05.927000,1917.3225000000004,6.0
2023-10-22 19:13:08.360,9972,158,4,67,False,0,car,0 days 00:00:34.767000,0 days 01:12:06.127000,1926.1002777777783,6.0
2023-10-22 19:13:08.680,10016,159,4,37,False,0,car,0 days 00:00:35.087000,0 days 01:12:06.447000,1940.2336111111117,6.0
2023-10-22 19:13:09.080,10209,158,4,52,False,0,car,0 days 00:00:35.487000,0 days 01:12:06.847000,1957.7891666666671,6.0
2023-10-22 19:13:09.480,11173,167,4,92,False,0,car,0 days 00:00:35.887000,0 days 01:12:07.247000,1976.3447222222226,6.0
2023-10-22 19:13:09.880,11255,174,4,100,False,0,car,0 days 00:00:36.287000,0 days 01:12:07.647000,1995.6780555555558,6.0
2023-10-22 19:13:10.120,10274,188,4,100,False,0,car,0 days 00:00:36.527000,0 days 01:12:07.887000,2008.2113888888894,6.0
2023-10-22 19:13:10.520,10535,188,5,99,False,0,car,0 days 00:00:36.927000,0 days 01:12:08.287000,2029.1002777777783,6.0
2023-10-22 19:13:10.800,11240,208,5,100,False,0,car,0 days 00:00:37.207000,0 days 01:12:08.567000,2045.2780555555562,6.0
2023-10-22 19:13:11.080,11832,215,5,100,False,0,car,0 days 00:00:37.487000,0 days 01:12:08.847000,2062.0002777777786,6.0
2023-10-22 19:13:11.440,10679,225,6,100,False,0,car,0 days 00:00:37.847000,0 days 01:12:09.207000,2084.5002777777786,6.0
2023-10-22 19:13:11.719,10722,232,6,100,False,0,car,0 days 00:00:38.126000,0 days 01:12:09.486000,2102.480277777778,6.0
2023-10-22 19:13:11.919,11234,237,6,99,False,0,car,0 days 00:00:38.326000,0 days 01:12:09.686000,2115.646944444445,6.0
2023-10-22 19:13:12.079,11326,239,6,100,False,0,car,0 days 00:00:38.486000,0 days 01:12:09.846000,2126.269166666667,6.0
2023-10-22 19:13:12.319,11505,244,6,100,False,0,car,0 days 00:00:38.726000,0 days 01:12:10.086000,2142.535833333334,6.0
2023-10-22 19:13:12.480,10385,246,6,100,False,0,car,0 days 00:00:38.887000,0 days 01:12:10.247000,2153.5375000000004,6.0
2023-10-22 19:13:12.720,10291,249,7,100,False,0,car,0 days 00:00:39.127000,0 days 01:12:10.487000,2170.1375000000007,6.0
2023-10-22 19:13:13.160,10751,257,7,99,False,0,car,0 days 00:00:39.567000,0 days 01:12:10.927000,2201.5486111111118,6.0
2023-10-22 19:13:13.600,10820,264,7,100,False,0,car,0 days 00:00:40.007000,0 days 01:12:11.367000,2233.815277777778,6.0
2023-10-22 19:13:13.840,10999,268,7,100,False,0,car,0 days 00:00:40.247000,0 days 01:12:11.607000,2251.681944444445,6.0
2023-10-22 19:13:14.080,10999,272,7,100,False,0,car,0 days 00:00:40.487000,0 days 01:12:11.847000,2269.8152777777786,6.0
2023-10-22 19:13:14.320,11449,275,7,100,False,0,car,0 days 00:00:40.727000,0 days 01:12:12.087000,2288.1486111111117,6.0
2023-10-22 19:13:14.600,11518,275,7,99,False,0,car,0 days 00:00:41.007000,0 days 01:12:12.367000,2309.537500000001,6.0
2023-10-22 19:13:14.920,10353,282,8,99,False,0,car,0 days 00:00:41.327000,0 days 01:12:12.687000,2334.6041666666674,6.0
2023-10-22 19:13:15.120,10305,283,8,99,False,0,car,0 days 00:00:41.527000,0 days 01:12:12.887000,2350.32638888889,6.0
2023-10-22 19:13:15.440,10478,284,8,100,False,0,car,0 days 00:00:41.847000,0 days 01:12:13.207000,2375.5708333333346,6.0
2023-10-22 19:13:15.800,9843,275,8,0,True,0,car,0 days 00:00:42.207000,0 days 01:12:13.567000,2403.0708333333346,6.0
2023-10-22 19:13:16.040,10012,241,8,0,True,0,car,0 days 00:00:42.447000,0 days 01:12:13.807000,2419.137500000001,6.0
2023-10-22 19:13:16.400,9529,211,7,0,True,0,car,0 days 00:00:42.807000,0 days 01:12:14.167000,2440.237500000001,6.0
2023-10-22 19:13:16.640,9389,186,6,0,True,0,car,0 days 00:00:43.047000,0 days 01:12:14.407000,2452.6375000000007,6.0
2023-10-22 19:13:16.800,9740,171,5,0,True,0,car,0 days 00:00:43.207000,0 days 01:12:14.567000,2460.237500000001,6.0
2023-10-22 19:13:17.040,9449,151,4,0,True,0,car,0 days 00:00:43.447000,0 days 01:12:14.807000,2470.3041666666677,6.0
2023-10-22 19:13:17.280,9589,140,4,0,True,0,car,0 days 00:00:43.687000,0 days 01:12:15.047000,2479.6375000000007,6.0
2023-10-22 19:13:17.440,9111,127,4,0,True,0,car,0 days 00:00:43.847000,0 days 01:12:15.207000,2485.2819444444453,6.0
2023-10-22 19:13:17.680,8607,116,3,0,True,0,car,0 days 00:00:44.087000,0 days 01:12:15.447000,2493.015277777779,6.0
2023-10-22 19:13:17.920,7428,106,3,0,True,0,car,0 days 00:00:44.327000,0 days 01:12:15.687000,2500.0819444444455,6.0
2023-10-22 19:13:18.320,6171,89,3,0,True,0,car,0 days 00:00:44.727000,0 days 01:12:16.087000,2509.970833333334,6.0
2023-10-22 19:13:18.719,5610,80,3,0,True,0,car,0 days 00:00:45.126000,0 days 01:12:16.486000,2518.837500000001,6.0
2023-10-22 19:13:19.200,4949,73,3,0,True,0,car,0 days 00:00:45.607000,0 days 01:12:16.967000,2528.5911111111122,6.0
2023-10-22 19:13:19.360,4736,71,3,0,False,0,car,0 days 00:00:45.767000,0 days 01:12:17.127000,2531.746666666668,6.0
2023-10-22 19:13:19.720,5120,66,3,9,False,0,car,0 days 00:00:46.127000,0 days 01:12:17.487000,2538.3466666666677,6.0
2023-10-22 19:13:19.960,5212,69,3,18,False,0,car,0 days 00:00:46.367000,0 days 01:12:17.727000,2542.9466666666676,6.0
2023-10-22 19:13:20.360,5544,75,3,28,False,0,car,0 days 00:00:46.767000,0 days 01:12:18.127000,2551.280000000001,6.0
2023-10-22 19:13:20.600,6084,77,3,39,False,0,car,0 days 00:00:47.007000,0 days 01:12:18.367000,2556.4133333333343,6.0
2023-10-22 19:13:20.800,6468,79,3,39,False,0,car,0 days 00:00:47.207000,0 days 01:12:18.567000,2560.8022222222235,6.0
2023-10-22 19:13:21.000,7070,89,3,43,False,0,car,0 days 00:00:47.407000,0 days 01:12:18.767000,2565.746666666668,6.0
2023-10-22 19:13:21.160,7323,94,3,44,False,0,car,0 days 00:00:47.567000,0 days 01:12:18.927000,2569.9244444444457,6.0
2023-10-22 19:13:21.360,7907,99,3,47,False,0,car,0 days 00:00:47.767000,0 days 01:12:19.127000,2575.4244444444457,6.0
2023-10-22 19:13:21.560,8514,105,3,52,False,0,car,0 days 00:00:47.967000,0 days 01:12:19.327000,2581.2577777777788,6.0
2023-10-22 19:13:21.840,8597,114,3,53,False,0,car,0 days 00:00:48.247000,0 days 01:12:19.607000,2590.1244444444455,6.0
2023-10-22 19:13:22.000,8957,117,3,72,False,0,car,0 days 00:00:48.407000,0 days 01:12:19.767000,2595.3244444444454,6.0
2023-10-22 19:13:22.360,10319,135,3,79,False,0,car,0 days 00:00:48.767000,0 days 01:12:20.127000,2608.824444444446,6.0
2023-10-22 19:13:22.640,11287,144,3,100,False,0,car,0 days 00:00:49.047000,0 days 01:12:20.407000,2620.0244444444456,6.0
2023-10-22 19:13:23.000,11287,158,4,100,False,0,car,0 days 00:00:49.407000,0 days 01:12:20.767000,2635.824444444446,6.0
2023-10-22 19:13:23.320,11146,163,4,100,False,0,car,0 days 00:00:49.727000,0 days 01:12:21.087000,2650.313333333335,6.0
2023-10-22 19:13:23.680,11780,190,4,100,False,8,car,0 days 00:00:50.087000,0 days 01:12:21.447000,2669.3133333333353,6.0
2023-10-22 19:13:23.880,10709,197,5,100,False,8,car,0 days 00:00:50.287000,0 days 01:12:21.647000,2680.2577777777797,6.0
2023-10-22 19:13:24.120,11062,206,5,100,False,8,car,0 days 00:00:50.527000,0 days 01:12:21.887000,2693.9911111111132,6.0
2023-10-22 19:13:24.280,11396,206,5,100,False,8,car,0 days 00:00:50.687000,0 days 01:12:22.047000,2703.146666666669,6.0
2023-10-22 19:13:24.440,11451,215,5,100,False,8,car,0 days 00:00:50.847000,0 days 01:12:22.207000,2712.7022222222245,6.0
2023-10-22 19:13:24.720,10538,222,6,100,False,8,car,0 days 00:00:51.127000,0 days 01:12:22.487000,2729.9688888888913,6.0
2023-10-22 19:13:24.960,10822,227,6,100,False,8,car,0 days 00:00:51.367000,0 days 01:12:22.727000,2745.1022222222246,6.0
2023-10-22 19:13:25.239,11028,234,6,100,False,8,car,0 days 00:00:51.646000,0 days 01:12:23.006000,2763.237222222225,6.0
2023-10-22 19:13:25.399,11135,235,6,100,False,8,car,0 days 00:00:51.806000,0 days 01:12:23.166000,2773.681666666669,6.0
2023-10-22 19:13:25.760,11445,239,6,100,False,8,car,0 days 00:00:52.167000,0 days 01:12:23.527000,2797.648055555558,6.0
2023-10-22 19:13:25.960,10861,246,6,100,False,8,car,0 days 00:00:52.367000,0 days 01:12:23.727000,2811.3147222222246,6.0
2023-10-22 19:13:26.120,10355,247,7,100,False,8,car,0 days 00:00:52.527000,0 days 01:12:23.887000,2822.2925000000027,6.0
2023-10-22 19:13:26.480,10569,254,7,100,False,14,car,0 days 00:00:52.887000,0 days 01:12:24.247000,2847.692500000003,6.0
2023-10-22 19:13:26.680,10697,258,7,100,False,12,car,0 days 00:00:53.087000,0 days 01:12:24.447000,2862.0258333333363,6.0
2023-10-22 19:13:26.840,10786,258,7,100,False,12,car,0 days 00:00:53.247000,0 days 01:12:24.607000,2873.4925000000026,6.0
2023-10-22 19:13:27.040,10942,265,7,100,False,12,car,0 days 00:00:53.447000,0 days 01:12:24.807000,2888.214722222225,6.0
2023-10-22 19:13:27.360,11132,267,7,100,False,12,car,0 days 00:00:53.767000,0 days 01:12:25.127000,2911.9480555555588,6.0
2023-10-22 19:13:27.600,11350,273,7,100,False,12,car,0 days 00:00:54.007000,0 days 01:12:25.367000,2930.1480555555586,6.0
2023-10-22 19:13:27.760,11452,275,7,100,False,12,car,0 days 00:00:54.167000,0 days 01:12:25.527000,2942.370277777781,6.0
2023-10-22 19:13:27.960,11035,278,7,100,False,12,car,0 days 00:00:54.367000,0 days 01:12:25.727000,2957.814722222225,6.0
2023-10-22 19:13:28.200,10336,280,7,100,False,12,car,0 days 00:00:54.607000,0 days 01:12:25.967000,2976.481388888892,6.0
2023-10-22 19:13:28.440,10499,283,8,100,False,12,car,0 days 00:00:54.847000,0 days 01:12:26.207000,2995.348055555559,6.0
2023-10-22 19:13:28.760,10546,287,8,100,False,12,car,0 days 00:00:55.167000,0 days 01:12:26.527000,3020.85916666667,6.0
2023-10-22 19:13:28.920,10679,290,8,100,False,12,car,0 days 00:00:55.327000,0 days 01:12:26.687000,3033.7480555555585,6.0
2023-10-22 19:13:29.240,10703,292,8,100,False,12,car,0 days 00:00:55.647000,0 days 01:12:27.007000,3059.7036111111142,6.0
2023-10-22 19:13:29.680,10997,298,8,100,False,12,car,0 days 00:00:56.087000,0 days 01:12:27.447000,3096.1258333333367,6.0
2023-10-22 19:13:29.880,10988,298,8,100,False,12,car,0 days 00:00:56.287000,0 days 01:12:27.647000,3112.681388888892,6.0
2023-10-22 19:13:30.280,11151,304,8,100,False,12,car,0 days 00:00:56.687000,0 days 01:12:28.047000,3146.4591666666697,6.0
2023-10-22 19:13:30.440,11210,305,8,100,False,12,car,0 days 00:00:56.847000,0 days 01:12:28.207000,3160.0147222222254,6.0
2023-10-22 19:13:30.800,11332,307,8,100,False,12,car,0 days 00:00:57.207000,0 days 01:12:28.567000,3190.714722222225,6.0
2023-10-22 19:13:30.960,11390,308,8,100,False,12,car,0 days 00:00:57.367000,0 days 01:12:28.727000,3204.4036111111136,6.0
2023-10-22 19:13:31.280,11379,310,8,100,False,12,car,0 days 00:00:57.687000,0 days 01:12:29.047000,3231.9591666666693,6.0
2023-10-22 19:13:31.440,11407,310,8,100,False,12,car,0 days 00:00:57.847000,0 days 01:12:29.207000,3245.7369444444475,6.0
2023-10-22 19:13:31.840,11508,312,8,100,False,12,car,0 days 00:00:58.247000,0 days 01:12:29.607000,3280.403611111114,6.0
2023-10-22 19:13:32.079,11494,313,8,100,False,12,car,0 days 00:00:58.486000,0 days 01:12:29.846000,3301.183333333336,6.0
2023-10-22 19:13:32.240,11556,314,8,100,False,12,car,0 days 00:00:58.647000,0 days 01:12:30.007000,3315.226111111114,6.0
2023-10-22 19:13:32.440,11565,314,8,100,False,12,car,0 days 00:00:58.847000,0 days 01:12:30.207000,3332.6705555555586,6.0
2023-10-22 19:13:32.720,11590,315,8,100,False,12,car,0 days 00:00:59.127000,0 days 01:12:30.487000,3357.1705555555586,6.0
2023-10-22 19:13:32.880,11596,316,8,100,False,12,car,0 days 00:00:59.287000,0 days 01:12:30.647000,3371.215000000003,6.0
2023-10-22 19:13:33.160,11652,317,8,100,False,12,car,0 days 00:00:59.567000,0 days 01:12:30.927000,3395.8705555555584,6.0
2023-10-22 19:13:33.440,11673,318,8,100,False,12,car,0 days 00:00:59.847000,0 days 01:12:31.207000,3420.603888888892,6.0
2023-10-22 19:13:33.600,11672,318,8,100,False,12,car,0 days 00:01:00.007000,0 days 01:12:31.367000,3434.7372222222252,6.0
2023-10-22 19:13:33.880,11698,318,8,100,False,12,car,0 days 00:01:00.287000,0 days 01:12:31.647000,3459.470555555559,6.0
2023-10-22 19:13:34.080,11682,318,8,100,False,12,car,0 days 00:01:00.487000,0 days 01:12:31.847000,3477.137222222226,6.0
2023-10-22 19:13:34.280,11682,316,8,100,False,0,car,0 days 00:01:00.687000,0 days 01:12:32.047000,3494.692777777781,6.0
2023-10-22 19:13:34.560,11064,310,8,0,False,0,car,0 days 00:01:00.967000,0 days 01:12:32.327000,3518.8038888888923,6.0
2023-10-22 19:13:34.880,10917,301,8,0,False,0,car,0 days 00:01:01.287000,0 days 01:12:32.647000,3545.5594444444478,6.0
2023-10-22 19:13:35.120,10633,290,8,0,False,0,car,0 days 00:01:01.527000,0 days 01:12:32.887000,3564.8927777777812,6.0
2023-10-22 19:13:35.360,10235,281,8,0,True,0,car,0 days 00:01:01.767000,0 days 01:12:33.127000,3583.626111111115,6.0
2023-10-22 19:13:35.560,9399,261,8,0,True,0,car,0 days 00:01:01.967000,0 days 01:12:33.327000,3598.1261111111144,6.0
2023-10-22 19:13:35.760,9851,239,8,0,True,0,car,0 days 00:01:02.167000,0 days 01:12:33.527000,3611.403888888892,6.0
2023-10-22 19:13:35.920,9991,219,7,0,True,0,car,0 days 00:01:02.327000,0 days 01:12:33.687000,3621.1372222222253,6.0
2023-10-22 19:13:36.080,9775,210,7,0,True,0,car,0 days 00:01:02.487000,0 days 01:12:33.847000,3630.470555555559,6.0
2023-10-22 19:13:36.440,9743,185,6,0,True,0,car,0 days 00:01:02.847000,0 days 01:12:34.207000,3648.970555555559,6.0
2023-10-22 19:13:36.640,9338,166,5,0,True,0,car,0 days 00:01:03.047000,0 days 01:12:34.407000,3658.192777777781,6.0
2023-10-22 19:13:36.800,9338,160,5,0,True,0,car,0 days 00:01:03.207000,0 days 01:12:34.567000,3665.3038888888923,6.0
2023-10-22 19:13:37.000,9777,149,4,0,True,0,car,0 days 00:01:03.407000,0 days 01:12:34.767000,3673.5816666666697,6.0
2023-10-22 19:13:37.320,9409,132,3,0,True,0,car,0 days 00:01:03.727000,0 days 01:12:35.087000,3685.315000000003,6.0
2023-10-22 19:13:37.680,8038,115,3,0,True,0,car,0 days 00:01:04.087000,0 days 01:12:35.447000,3696.815000000003,6.0
2023-10-22 19:13:38.040,7056,101,3,0,True,0,car,0 days 00:01:04.447000,0 days 01:12:35.807000,3706.9150000000027,6.0
2023-10-22 19:13:38.480,6918,94,3,0,True,0,car,0 days 00:01:04.887000,0 days 01:12:36.247000,3718.4038888888917,6.0
2023-10-22 19:13:38.840,6211,86,3,0,True,0,car,0 days 00:01:05.247000,0 days 01:12:36.607000,3727.0038888888917,6.0
2023-10-22 19:13:39.000,5932,85,3,0,False,0,car,0 days 00:01:05.407000,0 days 01:12:36.767000,3730.7816666666695,6.0
2023-10-22 19:13:39.240,5778,81,3,0,False,0,car,0 days 00:01:05.647000,0 days 01:12:37.007000,3736.1816666666696,6.0
2023-10-22 19:13:39.400,6115,79,3,18,False,0,car,0 days 00:01:05.807000,0 days 01:12:37.167000,3739.6927777777805,6.0
2023-10-22 19:13:39.720,6371,86,3,35,False,0,car,0 days 00:01:06.127000,0 days 01:12:37.487000,3747.3372222222247,6.0
2023-10-22 19:13:40.000,6894,90,3,44,False,0,car,0 days 00:01:06.407000,0 days 01:12:37.767000,3754.3372222222247,6.0
2023-10-22 19:13:40.320,7782,103,3,54,False,0,car,0 days 00:01:06.727000,0 days 01:12:38.087000,3763.4927777777802,6.0
2023-10-22 19:13:40.480,8171,106,3,61,False,0,car,0 days 00:01:06.887000,0 days 01:12:38.247000,3768.2038888888915,6.0
2023-10-22 19:13:40.720,8453,117,3,62,False,0,car,0 days 00:01:07.127000,0 days 01:12:38.487000,3776.003888888891,6.0
2023-10-22 19:13:41.120,10136,131,3,88,False,0,car,0 days 00:01:07.527000,0 days 01:12:38.887000,3790.559444444447,6.0
2023-10-22 19:13:41.520,11282,155,3,99,False,0,car,0 days 00:01:07.927000,0 days 01:12:39.287000,3807.7816666666695,6.0
2023-10-22 19:13:41.720,10582,164,3,100,False,0,car,0 days 00:01:08.127000,0 days 01:12:39.487000,3816.89277777778,6.0
2023-10-22 19:13:41.880,10650,168,4,100,False,0,car,0 days 00:01:08.287000,0 days 01:12:39.647000,3824.359444444447,6.0
2023-10-22 19:13:42.200,11173,178,4,100,False,0,car,0 days 00:01:08.607000,0 days 01:12:39.967000,3840.181666666669,6.0
2023-10-22 19:13:42.360,11173,183,4,100,False,0,car,0 days 00:01:08.767000,0 days 01:12:40.127000,3848.3150000000023,6.0
2023-10-22 19:13:42.560,10193,188,4,100,False,0,car,0 days 00:01:08.967000,0 days 01:12:40.327000,3858.759444444447,6.0
2023-10-22 19:13:42.760,9436,187,5,0,True,0,car,0 days 00:01:09.167000,0 days 01:12:40.527000,3869.1483333333363,6.0
2023-10-22 19:13:43.120,9866,162,5,0,True,0,car,0 days 00:01:09.527000,0 days 01:12:40.887000,3885.348333333336,6.0
2023-10-22 19:13:43.360,10650,149,5,0,True,0,car,0 days 00:01:09.767000,0 days 01:12:41.127000,3895.281666666669,6.0
2023-10-22 19:13:43.640,9636,133,3,0,True,0,car,0 days 00:01:10.047000,0 days 01:12:41.407000,3905.6261111111135,6.0
2023-10-22 19:13:43.840,8640,124,3,0,True,0,car,0 days 00:01:10.247000,0 days 01:12:41.607000,3912.5150000000026,6.0
2023-10-22 19:13:44.160,8132,114,3,0,True,0,car,0 days 00:01:10.567000,0 days 01:12:41.927000,3922.648333333336,6.0
2023-10-22 19:13:44.320,7710,108,3,0,True,0,car,0 days 00:01:10.727000,0 days 01:12:42.087000,3927.448333333336,6.0
2023-10-22 19:13:44.680,7014,101,3,0,True,0,car,0 days 00:01:11.087000,0 days 01:12:42.447000,3937.548333333336,6.0
2023-10-22 19:13:45.000,6640,96,3,0,False,0,car,0 days 00:01:11.407000,0 days 01:12:42.767000,3946.081666666669,6.0
2023-10-22 19:13:45.280,6216,91,3,0,False,0,car,0 days 00:01:11.687000,0 days 01:12:43.047000,3953.159444444447,6.0
2023-10-22 19:13:45.560,6212,87,3,1,False,0,car,0 days 00:01:11.967000,0 days 01:12:43.327000,3959.926111111114,6.0
2023-10-22 19:13:45.760,6540,85,3,16,False,0,car,0 days 00:01:12.167000,0 days 01:12:43.527000,3964.6483333333363,6.0
2023-10-22 19:13:46.120,6979,91,3,37,False,0,car,0 days 00:01:12.527000,0 days 01:12:43.887000,3973.748333333336,6.0
2023-10-22 19:13:46.320,7226,92,3,40,False,0,car,0 days 00:01:12.727000,0 days 01:12:44.087000,3978.8594444444475,6.0
2023-10-22 19:13:46.560,7680,98,3,42,False,0,car,0 days 00:01:12.967000,0 days 01:12:44.327000,3985.392777777781,6.0
2023-10-22 19:13:46.800,7967,100,3,46,False,0,car,0 days 00:01:13.207000,0 days 01:12:44.567000,3992.0594444444473,6.0
2023-10-22 19:13:47.040,8504,108,3,49,False,0,car,0 days 00:01:13.447000,0 days 01:12:44.807000,3999.2594444444476,6.0
2023-10-22 19:13:47.320,8563,114,3,46,False,0,car,0 days 00:01:13.727000,0 days 01:12:45.087000,4008.1261111111144,6.0
2023-10-22 19:13:47.600,9276,121,3,59,False,0,car,0 days 00:01:14.007000,0 days 01:12:45.367000,4017.5372222222254,6.0
2023-10-22 19:13:47.920,10012,134,3,69,False,0,car,0 days 00:01:14.327000,0 days 01:12:45.687000,4029.4483333333364,6.0
2023-10-22 19:13:48.080,10797,138,3,78,False,0,car,0 days 00:01:14.487000,0 days 01:12:45.847000,4035.5816666666697,6.0
2023-10-22 19:13:48.320,11190,150,3,99,False,0,car,0 days 00:01:14.727000,0 days 01:12:46.087000,4045.58166666667,6.0
2023-10-22 19:13:48.520,11455,157,3,100,False,0,car,0 days 00:01:14.927000,0 days 01:12:46.287000,4054.3038888888923,6.0
2023-10-22 19:13:48.840,10670,166,4,99,False,0,car,0 days 00:01:15.247000,0 days 01:12:46.607000,4069.0594444444473,6.0
2023-10-22 19:13:49.160,11285,176,4,100,False,0,car,0 days 00:01:15.567000,0 days 01:12:46.927000,4084.7038888888915,6.0
2023-10-22 19:13:49.480,10072,184,5,100,False,0,car,0 days 00:01:15.887000,0 days 01:12:47.247000,4101.059444444448,6.0
2023-10-22 19:13:49.840,9764,187,5,1,True,0,car,0 days 00:01:16.247000,0 days 01:12:47.607000,4119.759444444448,6.0
2023-10-22 19:13:50.000,9088,176,5,0,True,0,car,0 days 00:01:16.407000,0 days 01:12:47.767000,4127.58166666667,6.0
2023-10-22 19:13:50.440,10352,149,5,0,True,0,car,0 days 00:01:16.847000,0 days 01:12:48.207000,4145.79277777778,6.0
2023-10-22 19:13:50.680,9827,140,3,0,True,0,car,0 days 00:01:17.087000,0 days 01:12:48.447000,4155.126111111114,6.0
2023-10-22 19:13:51.040,8761,124,3,0,True,0,car,0 days 00:01:17.447000,0 days 01:12:48.807000,4167.526111111114,6.0
2023-10-22 19:13:51.360,8209,115,3,0,True,0,car,0 days 00:01:17.767000,0 days 01:12:49.127000,4177.748333333336,6.0
2023-10-22 19:13:51.640,7474,107,3,0,True,0,car,0 days 00:01:18.047000,0 days 01:12:49.407000,4186.070555555558,6.0
2023-10-22 19:13:51.840,7093,101,3,0,True,0,car,0 days 00:01:18.247000,0 days 01:12:49.607000,4191.681666666669,6.0
2023-10-22 19:13:52.001,6881,101,3,0,True,0,car,0 days 00:01:18.408000,0 days 01:12:49.768000,4196.198611111114,6.0
2023-10-22 19:13:52.200,6568,94,3,0,True,0,car,0 days 00:01:18.607000,0 days 01:12:49.967000,4201.394722222225,6.0
2023-10-22 19:13:52.400,6298,89,3,0,True,0,car,0 days 00:01:18.807000,0 days 01:12:50.167000,4206.339166666669,6.0
2023-10-22 19:13:52.600,6091,87,3,0,True,0,car,0 days 00:01:19.007000,0 days 01:12:50.367000,4211.172500000002,6.0
2023-10-22 19:13:52.920,5652,79,3,0,False,0,car,0 days 00:01:19.327000,0 days 01:12:50.687000,4218.194722222224,6.0
2023-10-22 19:13:53.240,5218,76,3,0,False,0,car,0 days 00:01:19.647000,0 days 01:12:51.007000,4224.95027777778,6.0
2023-10-22 19:13:53.480,5443,74,3,7,False,0,car,0 days 00:01:19.887000,0 days 01:12:51.247000,4229.883611111113,6.0
2023-10-22 19:13:53.640,5649,73,3,18,False,0,car,0 days 00:01:20.047000,0 days 01:12:51.407000,4233.128055555558,6.0
2023-10-22 19:13:53.960,5889,76,3,35,False,0,car,0 days 00:01:20.367000,0 days 01:12:51.727000,4239.883611111113,6.0
2023-10-22 19:13:54.400,6600,88,3,43,False,0,car,0 days 00:01:20.807000,0 days 01:12:52.167000,4250.639166666669,6.0
2023-10-22 19:13:54.680,7533,98,3,55,False,0,car,0 days 00:01:21.087000,0 days 01:12:52.447000,4258.261388888891,6.0
2023-10-22 19:13:55.000,8016,108,3,59,False,0,car,0 days 00:01:21.407000,0 days 01:12:52.767000,4267.86138888889,6.0
2023-10-22 19:13:55.240,9009,121,3,74,False,0,car,0 days 00:01:21.647000,0 days 01:12:53.007000,4275.928055555557,6.0
2023-10-22 19:13:55.640,10367,133,3,83,False,0,car,0 days 00:01:22.047000,0 days 01:12:53.407000,4290.705833333334,6.0
2023-10-22 19:13:55.920,11275,149,3,100,False,0,car,0 days 00:01:22.327000,0 days 01:12:53.687000,4302.294722222223,6.0
2023-10-22 19:13:56.080,11887,149,3,100,False,0,car,0 days 00:01:22.487000,0 days 01:12:53.847000,4308.916944444445,6.0
2023-10-22 19:13:56.320,10907,157,3,100,False,0,car,0 days 00:01:22.727000,0 days 01:12:54.087000,4319.383611111112,6.0
2023-10-22 19:13:56.560,11151,157,4,100,False,0,car,0 days 00:01:22.967000,0 days 01:12:54.327000,4329.8502777777785,6.0
2023-10-22 19:13:56.840,11689,188,4,100,False,0,car,0 days 00:01:23.247000,0 days 01:12:54.607000,4344.472500000001,6.0
2023-10-22 19:13:57.040,10558,194,4,100,False,0,car,0 days 00:01:23.447000,0 days 01:12:54.807000,4355.250277777779,6.0
2023-10-22 19:13:57.200,10795,194,5,100,False,0,car,0 days 00:01:23.607000,0 days 01:12:54.967000,4363.872500000001,6.0
2023-10-22 19:13:57.480,11221,203,5,100,False,0,car,0 days 00:01:23.887000,0 days 01:12:55.247000,4379.6613888888905,6.0
2023-10-22 19:13:57.680,11470,210,5,100,False,0,car,0 days 00:01:24.087000,0 days 01:12:55.447000,4391.3280555555575,6.0
2023-10-22 19:13:58.000,11170,215,5,100,False,0,car,0 days 00:01:24.407000,0 days 01:12:55.767000,4410.439166666668,6.0
2023-10-22 19:13:58.240,10503,221,6,73,False,0,car,0 days 00:01:24.647000,0 days 01:12:56.007000,4425.1725000000015,6.0
2023-10-22 19:13:58.441,10376,221,6,58,False,0,car,0 days 00:01:24.848000,0 days 01:12:56.208000,4437.511666666668,6.0
2023-10-22 19:13:58.641,10073,220,6,57,False,0,car,0 days 00:01:25.048000,0 days 01:12:56.408000,4449.733888888891,6.0
2023-10-22 19:13:58.840,10255,215,6,40,False,0,car,0 days 00:01:25.247000,0 days 01:12:56.607000,4461.618611111113,6.0
2023-10-22 19:13:59.000,10255,214,6,42,False,0,car,0 days 00:01:25.407000,0 days 01:12:56.767000,4471.129722222224,6.0
2023-10-22 19:13:59.280,10320,217,6,76,False,0,car,0 days 00:01:25.687000,0 days 01:12:57.047000,4488.0075000000015,6.0
2023-10-22 19:13:59.440,10236,216,6,72,False,0,car,0 days 00:01:25.847000,0 days 01:12:57.207000,4497.607500000001,6.0
2023-10-22 19:13:59.720,10505,219,6,70,False,0,car,0 days 00:01:26.127000,0 days 01:12:57.487000,4514.640833333335,6.0
2023-10-22 19:13:59.880,10489,220,6,76,False,0,car,0 days 00:01:26.287000,0 days 01:12:57.647000,4524.418611111113,6.0
2023-10-22 19:14:00.360,10910,227,6,100,False,0,car,0 days 00:01:26.767000,0 days 01:12:58.127000,4554.685277777779,6.0
2023-10-22 19:14:00.520,11184,231,6,100,False,0,car,0 days 00:01:26.927000,0 days 01:12:58.287000,4564.951944444447,6.0
2023-10-22 19:14:00.760,11183,234,6,100,False,0,car,0 days 00:01:27.167000,0 days 01:12:58.527000,4580.551944444446,6.0
2023-10-22 19:14:01.160,11311,236,6,76,False,0,car,0 days 00:01:27.567000,0 days 01:12:58.927000,4606.774166666668,6.0
2023-10-22 19:14:01.320,11311,237,6,74,False,0,car,0 days 00:01:27.727000,0 days 01:12:59.087000,4617.307500000002,6.0
2023-10-22 19:14:01.520,10939,239,6,76,False,0,car,0 days 00:01:27.927000,0 days 01:12:59.287000,4630.58527777778,6.0
2023-10-22 19:14:01.720,10021,240,6,77,False,0,car,0 days 00:01:28.127000,0 days 01:12:59.487000,4643.918611111113,6.0
2023-10-22 19:14:02.040,10212,243,7,84,False,0,car,0 days 00:01:28.447000,0 days 01:12:59.807000,4665.518611111113,6.0
2023-10-22 19:14:02.480,10384,248,7,100,False,0,car,0 days 00:01:28.887000,0 days 01:13:00.247000,4695.8297222222245,6.0
2023-10-22 19:14:02.840,10557,253,7,100,False,0,car,0 days 00:01:29.247000,0 days 01:13:00.607000,4721.129722222225,6.0
2023-10-22 19:14:03.120,10781,257,7,100,False,0,car,0 days 00:01:29.527000,0 days 01:13:00.887000,4741.118611111114,6.0
2023-10-22 19:14:03.280,10810,257,7,100,False,0,car,0 days 00:01:29.687000,0 days 01:13:01.047000,4752.540833333335,6.0
2023-10-22 19:14:03.440,10757,259,7,99,False,0,car,0 days 00:01:29.847000,0 days 01:13:01.207000,4764.051944444446,6.0
2023-10-22 19:14:03.720,10814,261,7,100,False,0,car,0 days 00:01:30.127000,0 days 01:13:01.487000,4784.351944444446,6.0
2023-10-22 19:14:03.880,10895,261,7,100,False,0,car,0 days 00:01:30.287000,0 days 01:13:01.647000,4795.951944444447,6.0
2023-10-22 19:14:04.080,10928,263,7,99,False,0,car,0 days 00:01:30.487000,0 days 01:13:01.847000,4810.563055555557,6.0
2023-10-22 19:14:04.360,11025,265,7,100,False,0,car,0 days 00:01:30.767000,0 days 01:13:02.127000,4831.1741666666685,6.0
2023-10-22 19:14:04.520,11045,267,7,99,False,0,car,0 days 00:01:30.927000,0 days 01:13:02.287000,4843.040833333336,6.0
2023-10-22 19:14:04.680,11078,268,7,100,False,0,car,0 days 00:01:31.087000,0 days 01:13:02.447000,4854.951944444447,6.0
2023-10-22 19:14:04.840,11000,269,7,100,False,0,car,0 days 00:01:31.247000,0 days 01:13:02.607000,4866.907500000002,6.0
2023-10-22 19:14:05.201,10263,250,7,0,True,0,car,0 days 00:01:31.608000,0 days 01:13:02.968000,4891.976944444446,6.0
2023-10-22 19:14:05.361,10671,235,7,0,True,0,car,0 days 00:01:31.768000,0 days 01:13:03.128000,4902.421388888891,6.0
2023-10-22 19:14:05.840,9744,205,7,0,True,0,car,0 days 00:01:32.247000,0 days 01:13:03.607000,4929.697777777779,6.0
2023-10-22 19:14:06.120,10283,198,5,0,True,0,car,0 days 00:01:32.527000,0 days 01:13:03.887000,4945.097777777779,6.0
2023-10-22 19:14:06.400,9876,186,5,0,True,0,car,0 days 00:01:32.807000,0 days 01:13:04.167000,4959.564444444446,6.0
2023-10-22 19:14:06.600,9504,182,5,3,False,0,car,0 days 00:01:33.007000,0 days 01:13:04.367000,4969.675555555557,6.0
2023-10-22 19:14:06.800,9544,179,5,29,False,0,car,0 days 00:01:33.207000,0 days 01:13:04.567000,4979.620000000001,6.0
2023-10-22 19:14:06.960,9477,177,5,35,False,0,car,0 days 00:01:33.367000,0 days 01:13:04.727000,4987.486666666668,6.0
2023-10-22 19:14:07.280,9434,177,5,14,False,0,car,0 days 00:01:33.687000,0 days 01:13:05.047000,5003.22,6.0
2023-10-22 19:14:07.600,9387,171,5,41,False,0,car,0 days 00:01:34.007000,0 days 01:13:05.367000,5018.420000000001,6.0
2023-10-22 19:14:07.880,9537,176,5,61,False,0,car,0 days 00:01:34.287000,0 days 01:13:05.647000,5032.10888888889,6.0
2023-10-22 19:14:08.120,10487,182,5,81,False,0,car,0 days 00:01:34.527000,0 days 01:13:05.887000,5044.242222222223,6.0
2023-10-22 19:14:08.400,10503,186,5,100,False,8,car,0 days 00:01:34.807000,0 days 01:13:06.167000,5058.70888888889,6.0
2023-10-22 19:14:08.720,11300,199,5,100,False,8,car,0 days 00:01:35.127000,0 days 01:13:06.487000,5076.397777777779,6.0
2023-10-22 19:14:08.960,11157,205,5,100,False,8,car,0 days 00:01:35.367000,0 days 01:13:06.727000,5090.064444444446,6.0
2023-10-22 19:14:09.240,11312,211,5,100,False,8,car,0 days 00:01:35.647000,0 days 01:13:07.007000,5106.475555555558,6.0
2023-10-22 19:14:09.520,10890,217,5,100,False,8,car,0 days 00:01:35.927000,0 days 01:13:07.287000,5123.353333333335,6.0
2023-10-22 19:14:09.880,10587,222,6,100,False,8,car,0 days 00:01:36.287000,0 days 01:13:07.647000,5145.553333333335,6.0
2023-10-22 19:14:10.040,10725,226,6,100,False,8,car,0 days 00:01:36.447000,0 days 01:13:07.807000,5155.597777777779,6.0
2023-10-22 19:14:10.360,10865,230,6,100,False,8,car,0 days 00:01:36.767000,0 days 01:13:08.127000,5176.042222222223,6.0
2023-10-22 19:14:10.560,9885,211,6,0,True,8,car,0 days 00:01:36.967000,0 days 01:13:08.327000,5187.764444444446,6.0
2023-10-22 19:14:10.760,9958,189,6,0,True,8,car,0 days 00:01:37.167000,0 days 01:13:08.527000,5198.264444444446,6.0
2023-10-22 19:14:11.160,10456,154,5,0,True,8,car,0 days 00:01:37.567000,0 days 01:13:08.927000,5215.375555555556,6.0
2023-10-22 19:14:11.440,9658,137,4,0,True,8,car,0 days 00:01:37.847000,0 days 01:13:09.207000,5226.031111111112,6.0
2023-10-22 19:14:11.801,8596,127,3,0,True,8,car,0 days 00:01:38.208000,0 days 01:13:09.568000,5238.76638888889,6.0
2023-10-22 19:14:12.121,7645,106,3,0,True,8,car,0 days 00:01:38.528000,0 days 01:13:09.888000,5248.188611111113,6.0
2023-10-22 19:14:12.360,7041,103,3,0,True,8,car,0 days 00:01:38.767000,0 days 01:13:10.127000,5255.026666666668,6.0
2023-10-22 19:14:12.600,6716,97,3,0,True,8,car,0 days 00:01:39.007000,0 days 01:13:10.367000,5261.493333333335,6.0
2023-10-22 19:14:13.000,6283,90,3,0,False,8,car,0 days 00:01:39.407000,0 days 01:13:10.767000,5271.493333333335,6.0
2023-10-22 19:14:13.200,6688,83,3,14,False,8,car,0 days 00:01:39.607000,0 days 01:13:10.967000,5276.104444444446,6.0
2023-10-22 19:14:13.640,6907,86,3,36,False,8,car,0 days 00:01:40.047000,0 days 01:13:11.407000,5286.615555555557,6.0
2023-10-22 19:14:13.840,6952,92,3,36,False,8,car,0 days 00:01:40.247000,0 days 01:13:11.607000,5291.726666666668,6.0
2023-10-22 19:14:14.040,7390,95,3,44,False,8,car,0 days 00:01:40.447000,0 days 01:13:11.807000,5297.004444444447,6.0
2023-10-22 19:14:14.200,7390,98,3,48,False,8,car,0 days 00:01:40.607000,0 days 01:13:11.967000,5301.360000000002,6.0
2023-10-22 19:14:14.440,8154,104,3,57,False,8,car,0 days 00:01:40.847000,0 days 01:13:12.207000,5308.293333333336,6.0
2023-10-22 19:14:14.680,9104,111,3,68,False,8,car,0 days 00:01:41.087000,0 days 01:13:12.447000,5315.693333333336,6.0
2023-10-22 19:14:14.920,9671,122,3,69,False,8,car,0 days 00:01:41.327000,0 days 01:13:12.687000,5323.82666666667,6.0
2023-10-22 19:14:15.240,10479,135,3,77,False,8,car,0 days 00:01:41.647000,0 days 01:13:13.007000,5335.82666666667,6.0
2023-10-22 19:14:15.480,11408,149,3,95,False,8,car,0 days 00:01:41.887000,0 days 01:13:13.247000,5345.760000000003,6.0
2023-10-22 19:14:15.880,10661,164,3,100,False,8,car,0 days 00:01:42.287000,0 days 01:13:13.647000,5363.982222222226,6.0
2023-10-22 19:14:16.160,11143,176,4,100,False,8,car,0 days 00:01:42.567000,0 days 01:13:13.927000,5377.6711111111135,6.0
2023-10-22 19:14:16.400,11784,183,4,100,False,14,car,0 days 00:01:42.807000,0 days 01:13:14.167000,5389.871111111114,6.0
2023-10-22 19:14:16.600,10600,187,4,100,False,12,car,0 days 00:01:43.007000,0 days 01:13:14.367000,5400.260000000003,6.0
2023-10-22 19:14:16.880,10975,197,5,100,False,12,car,0 days 00:01:43.287000,0 days 01:13:14.647000,5415.582222222225,6.0
2023-10-22 19:14:17.120,11217,210,5,100,False,12,car,0 days 00:01:43.527000,0 days 01:13:14.887000,5429.582222222225,6.0
2023-10-22 19:14:17.360,11253,213,5,100,False,12,car,0 days 00:00:00.099000,0 days 01:13:15.127000,5.8575,7.0
2023-10-22 19:14:17.680,10898,221,6,100,False,12,car,0 days 00:00:00.419000,0 days 01:13:15.447000,25.50194444444444,7.0
2023-10-22 19:14:18.080,11103,234,6,100,False,12,car,0 days 00:00:00.819000,0 days 01:13:15.847000,51.50194444444443,7.0
2023-10-22 19:14:18.241,11322,238,6,100,False,12,car,0 days 00:00:00.980000,0 days 01:13:16.008000,62.14583333333333,7.0
2023-10-22 19:14:18.521,11505,245,6,100,False,12,car,0 days 00:00:01.260000,0 days 01:13:16.288000,81.20138888888889,7.0
2023-10-22 19:14:18.721,11667,247,6,100,False,12,car,0 days 00:00:01.460000,0 days 01:13:16.488000,94.9236111111111,7.0
2023-10-22 19:14:18.921,11098,253,6,100,False,12,car,0 days 00:00:01.660000,0 days 01:13:16.688000,108.97916666666666,7.0
2023-10-22 19:14:19.320,10632,253,7,100,False,12,car,0 days 00:00:02.059000,0 days 01:13:17.087000,137.02,7.0
2023-10-22 19:14:19.560,10931,262,7,100,False,12,car,0 days 00:00:02.299000,0 days 01:13:17.327000,154.48666666666665,7.0
2023-10-22 19:14:19.760,11098,267,7,100,False,12,car,0 days 00:00:02.499000,0 days 01:13:17.527000,169.32,7.0
2023-10-22 19:14:20.080,11310,271,7,100,False,12,car,0 days 00:00:02.819000,0 days 01:13:17.847000,193.40888888888887,7.0
2023-10-22 19:14:20.400,11462,277,7,100,False,12,car,0 days 00:00:03.139000,0 days 01:13:18.167000,218.03111111111107,7.0
2023-10-22 19:14:20.800,11619,281,7,100,False,12,car,0 days 00:00:03.539000,0 days 01:13:18.567000,249.25333333333333,7.0
2023-10-22 19:14:21.120,10494,286,7,100,False,12,car,0 days 00:00:03.859000,0 days 01:13:18.887000,274.67555555555555,7.0
2023-10-22 19:14:21.320,10610,287,8,100,False,12,car,0 days 00:00:04.059000,0 days 01:13:19.087000,290.62,7.0
2023-10-22 19:14:21.600,10681,290,8,100,False,12,car,0 days 00:00:04.339000,0 days 01:13:19.367000,313.1755555555556,7.0
2023-10-22 19:14:22.040,10974,294,8,100,False,12,car,0 days 00:00:04.779000,0 days 01:13:19.807000,349.1088888888889,7.0
2023-10-22 19:14:22.240,10810,295,8,100,False,12,car,0 days 00:00:04.979000,0 days 01:13:20.007000,365.4977777777778,7.0
2023-10-22 19:14:22.440,10834,295,8,100,False,12,car,0 days 00:00:05.179000,0 days 01:13:20.207000,381.8866666666667,7.0
2023-10-22 19:14:22.920,11135,298,8,100,False,12,car,0 days 00:00:05.659000,0 days 01:13:20.687000,421.62,7.0
2023-10-22 19:14:23.280,10670,299,8,27,False,12,car,0 days 00:00:06.019000,0 days 01:13:21.047000,451.52000000000004,7.0
2023-10-22 19:14:23.520,10487,288,8,0,False,0,car,0 days 00:00:06.259000,0 days 01:13:21.287000,470.72,7.0
2023-10-22 19:14:23.680,10555,286,8,0,False,0,car,0 days 00:00:06.419000,0 days 01:13:21.447000,483.4311111111111,7.0
2023-10-22 19:14:24.000,9909,280,8,0,True,0,car,0 days 00:00:06.739000,0 days 01:13:21.767000,508.32,7.0
2023-10-22 19:14:24.280,9730,240,8,0,True,0,car,0 days 00:00:07.019000,0 days 01:13:22.047000,526.9866666666667,7.0
2023-10-22 19:14:24.440,9392,230,8,0,True,0,car,0 days 00:00:07.179000,0 days 01:13:22.207000,537.208888888889,7.0
2023-10-22 19:14:24.600,9644,230,7,0,True,0,car,0 days 00:00:07.339000,0 days 01:13:22.367000,547.4311111111112,7.0
2023-10-22 19:14:24.881,9482,182,7,0,True,0,car,0 days 00:00:07.620000,0 days 01:13:22.648000,561.6372222222224,7.0
2023-10-22 19:14:25.361,8894,139,5,0,True,0,car,0 days 00:00:08.100000,0 days 01:13:23.128000,580.1705555555557,7.0
2023-10-22 19:14:25.641,8688,128,4,0,True,0,car,0 days 00:00:08.380000,0 days 01:13:23.408000,590.1261111111113,7.0
2023-10-22 19:14:25.960,7481,108,3,0,True,0,car,0 days 00:00:08.699000,0 days 01:13:23.727000,599.6961111111112,7.0
2023-10-22 19:14:26.360,6745,97,3,0,True,0,car,0 days 00:00:09.099000,0 days 01:13:24.127000,610.4738888888891,7.0
2023-10-22 19:14:26.560,6223,90,3,0,True,0,car,0 days 00:00:09.299000,0 days 01:13:24.327000,615.4738888888891,7.0
2023-10-22 19:14:26.760,5989,88,3,0,True,0,car,0 days 00:00:09.499000,0 days 01:13:24.527000,620.362777777778,7.0
2023-10-22 19:14:26.920,5985,85,3,0,False,0,car,0 days 00:00:09.659000,0 days 01:13:24.687000,624.1405555555558,7.0
2023-10-22 19:14:27.120,5778,82,3,0,False,0,car,0 days 00:00:09.859000,0 days 01:13:24.887000,628.6961111111113,7.0
2023-10-22 19:14:27.360,5570,81,3,0,False,0,car,0 days 00:00:10.099000,0 days 01:13:25.127000,634.0961111111113,7.0
2023-10-22 19:14:27.600,5596,76,3,2,False,0,car,0 days 00:00:10.339000,0 days 01:13:25.367000,639.162777777778,7.0
2023-10-22 19:14:27.840,5732,76,3,20,False,0,car,0 days 00:00:10.579000,0 days 01:13:25.607000,644.2294444444448,7.0
2023-10-22 19:14:28.040,6004,78,3,26,False,0,car,0 days 00:00:10.779000,0 days 01:13:25.807000,648.5627777777781,7.0
2023-10-22 19:14:28.360,6268,81,3,30,False,0,car,0 days 00:00:11.099000,0 days 01:13:26.127000,655.7627777777782,7.0
2023-10-22 19:14:28.600,6559,86,3,37,False,0,car,0 days 00:00:11.339000,0 days 01:13:26.367000,661.4961111111115,7.0
2023-10-22 19:14:28.920,6925,93,3,44,False,0,car,0 days 00:00:11.659000,0 days 01:13:26.687000,669.7627777777782,7.0
2023-10-22 19:14:29.200,8024,95,3,49,False,0,car,0 days 00:00:11.939000,0 days 01:13:26.967000,677.1516666666671,7.0
2023-10-22 19:14:29.400,8392,107,3,54,False,0,car,0 days 00:00:12.139000,0 days 01:13:27.167000,683.0961111111116,7.0
2023-10-22 19:14:29.600,8746,114,3,60,False,0,car,0 days 00:00:12.339000,0 days 01:13:27.367000,689.4294444444449,7.0
2023-10-22 19:14:29.760,9303,121,3,61,False,0,car,0 days 00:00:12.499000,0 days 01:13:27.527000,694.8072222222227,7.0
2023-10-22 19:14:30.040,10005,133,3,68,False,0,car,0 days 00:00:12.779000,0 days 01:13:27.807000,705.1516666666671,7.0
2023-10-22 19:14:30.240,10579,141,3,76,False,0,car,0 days 00:00:12.979000,0 days 01:13:28.007000,712.9850000000004,7.0
2023-10-22 19:14:30.400,11241,141,3,86,False,0,car,0 days 00:00:13.139000,0 days 01:13:28.167000,719.251666666667,7.0
2023-10-22 19:14:30.600,10788,152,3,99,False,0,car,0 days 00:00:13.339000,0 days 01:13:28.367000,727.6961111111115,7.0
2023-10-22 19:14:30.800,10788,164,4,99,False,0,car,0 days 00:00:13.539000,0 days 01:13:28.567000,736.8072222222225,7.0
2023-10-22 19:14:31.160,10038,181,4,99,False,0,car,0 days 00:00:13.899000,0 days 01:13:28.927000,754.9072222222226,7.0
2023-10-22 19:14:31.361,10238,185,5,99,False,0,car,0 days 00:00:14.100000,0 days 01:13:29.128000,765.2363888888892,7.0
2023-10-22 19:14:31.561,10482,193,5,100,False,0,car,0 days 00:00:14.300000,0 days 01:13:29.328000,775.9586111111115,7.0
2023-10-22 19:14:31.841,11057,203,5,99,False,0,car,0 days 00:00:14.580000,0 days 01:13:29.608000,791.7475000000004,7.0
2023-10-22 19:14:32.201,11609,212,5,99,False,0,car,0 days 00:00:14.940000,0 days 01:13:29.968000,812.9475000000003,7.0
2023-10-22 19:14:32.600,10531,221,6,99,False,0,car,0 days 00:00:15.339000,0 days 01:13:30.367000,837.4416666666671,7.0
2023-10-22 19:14:32.920,10982,232,6,100,False,0,car,0 days 00:00:15.659000,0 days 01:13:30.687000,858.0638888888893,7.0
2023-10-22 19:14:33.200,11149,232,6,100,False,0,car,0 days 00:00:15.939000,0 days 01:13:30.967000,876.1083333333337,7.0
2023-10-22 19:14:33.640,11529,242,6,100,False,0,car,0 days 00:00:16.379000,0 days 01:13:31.407000,905.6861111111116,7.0
2023-10-22 19:14:33.920,11674,246,6,100,False,0,car,0 days 00:00:16.659000,0 days 01:13:31.687000,924.8194444444448,7.0
2023-10-22 19:14:34.280,10624,249,6,100,False,0,car,0 days 00:00:17.019000,0 days 01:13:32.047000,949.7194444444448,7.0
2023-10-22 19:14:34.600,10594,253,7,100,False,0,car,0 days 00:00:17.339000,0 days 01:13:32.367000,972.2083333333337,7.0
2023-10-22 19:14:34.800,10694,256,7,100,False,0,car,0 days 00:00:17.539000,0 days 01:13:32.567000,986.4305555555561,7.0
2023-10-22 19:14:35.080,10684,258,7,100,False,0,car,0 days 00:00:17.819000,0 days 01:13:32.847000,1006.4972222222226,7.0
2023-10-22 19:14:35.360,10794,260,7,100,False,0,car,0 days 00:00:18.099000,0 days 01:13:33.127000,1026.719444444445,7.0
2023-10-22 19:14:35.680,10917,263,7,100,False,0,car,0 days 00:00:18.419000,0 days 01:13:33.447000,1050.0972222222226,7.0
2023-10-22 19:14:35.880,10959,264,7,100,False,0,car,0 days 00:00:18.619000,0 days 01:13:33.647000,1064.7638888888891,7.0
2023-10-22 19:14:36.080,10996,265,7,100,False,0,car,0 days 00:00:18.819000,0 days 01:13:33.847000,1079.4861111111113,7.0
2023-10-22 19:14:36.320,11049,266,7,100,False,0,car,0 days 00:00:19.059000,0 days 01:13:34.087000,1097.219444444445,7.0
2023-10-22 19:14:36.760,11186,269,7,100,False,0,car,0 days 00:00:19.499000,0 days 01:13:34.527000,1130.0972222222224,7.0
2023-10-22 19:14:36.960,11144,269,7,61,False,0,car,0 days 00:00:19.699000,0 days 01:13:34.727000,1145.041666666667,7.0
2023-10-22 19:14:37.320,11131,264,7,91,False,0,car,0 days 00:00:20.059000,0 days 01:13:35.087000,1171.4416666666668,7.0
2023-10-22 19:14:37.800,10761,263,7,0,True,0,car,0 days 00:00:20.539000,0 days 01:13:35.567000,1206.5083333333334,7.0
2023-10-22 19:14:38.121,10962,254,7,0,True,0,car,0 days 00:00:20.860000,0 days 01:13:35.888000,1229.1566666666665,7.0
2023-10-22 19:14:38.601,11332,242,6,64,False,0,car,0 days 00:00:21.340000,0 days 01:13:36.368000,1261.4233333333332,7.0
2023-10-22 19:14:38.961,11668,241,6,83,False,0,car,0 days 00:00:21.700000,0 days 01:13:36.728000,1285.523333333333,7.0
2023-10-22 19:14:39.240,11048,233,6,3,True,0,car,0 days 00:00:21.979000,0 days 01:13:37.007000,1303.580833333333,7.0
2023-10-22 19:14:39.440,10259,226,6,7,True,0,car,0 days 00:00:22.179000,0 days 01:13:37.207000,1316.1363888888884,7.0
2023-10-22 19:14:39.720,10070,217,6,11,False,0,car,0 days 00:00:22.459000,0 days 01:13:37.487000,1333.0141666666661,7.0
2023-10-22 19:14:40.040,10139,212,6,53,False,0,car,0 days 00:00:22.779000,0 days 01:13:37.807000,1351.8586111111106,7.0
2023-10-22 19:14:40.440,10291,215,6,71,False,0,car,0 days 00:00:23.179000,0 days 01:13:38.207000,1375.7474999999995,7.0
2023-10-22 19:14:40.600,10465,218,6,85,False,0,car,0 days 00:00:23.339000,0 days 01:13:38.367000,1385.4363888888884,7.0
2023-10-22 19:14:40.800,10187,220,6,0,True,0,car,0 days 00:00:23.539000,0 days 01:13:38.567000,1397.6586111111108,7.0
2023-10-22 19:14:40.960,9873,220,6,0,True,0,car,0 days 00:00:23.699000,0 days 01:13:38.727000,1407.4363888888886,7.0
2023-10-22 19:14:41.240,10919,210,6,0,True,0,car,0 days 00:00:23.979000,0 days 01:13:39.007000,1423.7697222222218,7.0
2023-10-22 19:14:41.440,10822,205,5,0,False,0,car,0 days 00:00:24.179000,0 days 01:13:39.207000,1435.1586111111108,7.0
2023-10-22 19:14:41.800,11043,198,5,39,False,0,car,0 days 00:00:24.539000,0 days 01:13:39.567000,1454.958611111111,7.0
2023-10-22 19:14:42.040,10630,194,5,61,False,0,car,0 days 00:00:24.779000,0 days 01:13:39.807000,1467.891944444444,7.0
2023-10-22 19:14:42.320,10739,199,5,69,False,0,car,0 days 00:00:25.059000,0 days 01:13:40.087000,1483.369722222222,7.0
2023-10-22 19:14:42.680,10194,195,5,0,False,0,car,0 days 00:00:25.419000,0 days 01:13:40.447000,1502.869722222222,7.0
2023-10-22 19:14:42.840,10245,189,5,9,False,0,car,0 days 00:00:25.579000,0 days 01:13:40.607000,1511.269722222222,7.0
2023-10-22 19:14:43.160,10180,189,5,58,False,0,car,0 days 00:00:25.899000,0 days 01:13:40.927000,1528.069722222222,7.0
2023-10-22 19:14:43.320,10246,190,5,53,False,0,car,0 days 00:00:26.059000,0 days 01:13:41.087000,1536.5141666666664,7.0
2023-10-22 19:14:43.680,10385,191,5,54,False,0,car,0 days 00:00:26.419000,0 days 01:13:41.447000,1555.6141666666663,7.0
2023-10-22 19:14:43.840,10476,190,5,53,False,0,car,0 days 00:00:26.579000,0 days 01:13:41.607000,1564.0586111111106,7.0
2023-10-22 19:14:44.000,10776,191,5,64,False,0,car,0 days 00:00:26.739000,0 days 01:13:41.767000,1572.5474999999994,7.0
2023-10-22 19:14:44.280,10659,194,5,96,False,0,car,0 days 00:00:27.019000,0 days 01:13:42.047000,1587.6363888888882,7.0
2023-10-22 19:14:44.480,10990,200,5,100,False,0,car,0 days 00:00:27.219000,0 days 01:13:42.247000,1598.7474999999995,7.0
2023-10-22 19:14:44.641,11050,202,5,100,False,0,car,0 days 00:00:27.380000,0 days 01:13:42.408000,1607.7813888888882,7.0
2023-10-22 19:14:44.881,11050,204,5,100,True,0,car,0 days 00:00:27.620000,0 days 01:13:42.648000,1621.3813888888883,7.0
2023-10-22 19:14:45.201,10299,198,5,3,True,0,car,0 days 00:00:27.940000,0 days 01:13:42.968000,1638.9813888888882,7.0
2023-10-22 19:14:45.361,9984,192,5,2,True,0,car,0 days 00:00:28.100000,0 days 01:13:43.128000,1647.5147222222215,7.0
2023-10-22 19:14:45.801,9449,182,5,3,True,0,car,0 days 00:00:28.540000,0 days 01:13:43.568000,1669.7591666666658,7.0
2023-10-22 19:14:46.000,9367,182,5,3,False,0,car,0 days 00:00:28.739000,0 days 01:13:43.767000,1679.8197222222213,7.0
2023-10-22 19:14:46.200,9136,172,5,10,False,0,car,0 days 00:00:28.939000,0 days 01:13:43.967000,1689.3752777777768,7.0
2023-10-22 19:14:46.400,8910,172,5,14,False,0,car,0 days 00:00:29.139000,0 days 01:13:44.167000,1698.9308333333322,7.0
2023-10-22 19:14:46.640,9120,166,5,39,False,0,car,0 days 00:00:29.379000,0 days 01:13:44.407000,1709.997499999999,7.0
2023-10-22 19:14:46.840,9301,168,5,52,False,0,car,0 days 00:00:29.579000,0 days 01:13:44.607000,1719.3308333333323,7.0
2023-10-22 19:14:47.040,9389,169,5,57,False,0,car,0 days 00:00:29.779000,0 days 01:13:44.807000,1728.7197222222212,7.0
2023-10-22 19:14:47.200,9375,170,5,61,False,0,car,0 days 00:00:29.939000,0 days 01:13:44.967000,1736.2752777777769,7.0
2023-10-22 19:14:47.440,9708,176,5,64,False,0,car,0 days 00:00:30.179000,0 days 01:13:45.207000,1748.0086111111102,7.0
2023-10-22 19:14:48.400,9180,158,4,0,True,0,car,0 days 00:00:31.139000,0 days 01:13:46.167000,1790.1419444444437,7.0
2023-10-22 19:14:48.560,8793,150,4,0,True,0,car,0 days 00:00:31.299000,0 days 01:13:46.327000,1796.8086111111104,7.0
2023-10-22 19:14:48.720,8745,143,4,1,True,0,car,0 days 00:00:31.459000,0 days 01:13:46.487000,1803.164166666666,7.0
2023-10-22 19:14:49.040,8291,138,4,0,False,0,car,0 days 00:00:31.779000,0 days 01:13:46.807000,1815.4308333333327,7.0
2023-10-22 19:14:49.520,7931,130,4,0,False,0,car,0 days 00:00:32.259000,0 days 01:13:47.287000,1832.764166666666,7.0
2023-10-22 19:14:49.760,7493,126,4,0,False,0,car,0 days 00:00:32.499000,0 days 01:13:47.527000,1841.164166666666,7.0
2023-10-22 19:14:50.000,7434,122,4,8,False,0,car,0 days 00:00:32.739000,0 days 01:13:47.767000,1849.2974999999992,7.0
2023-10-22 19:14:50.160,7542,120,4,20,False,0,car,0 days 00:00:32.899000,0 days 01:13:47.927000,1854.6308333333327,7.0
2023-10-22 19:14:50.360,7602,119,4,32,False,0,car,0 days 00:00:33.099000,0 days 01:13:48.127000,1861.2419444444436,7.0
2023-10-22 19:14:50.640,7883,123,4,41,False,0,car,0 days 00:00:33.379000,0 days 01:13:48.407000,1870.8086111111102,7.0
2023-10-22 19:14:50.800,7935,123,4,45,False,0,car,0 days 00:00:33.539000,0 days 01:13:48.567000,1876.2752777777769,7.0
2023-10-22 19:14:51.121,8379,130,4,64,False,0,car,0 days 00:00:33.860000,0 days 01:13:48.888000,1887.8669444444436,7.0
2023-10-22 19:14:51.481,9349,138,4,84,False,0,car,0 days 00:00:34.220000,0 days 01:13:49.248000,1901.6669444444435,7.0
2023-10-22 19:14:51.761,9985,149,4,85,False,0,car,0 days 00:00:34.500000,0 days 01:13:49.528000,1913.2558333333325,7.0
2023-10-22 19:14:52.081,10054,159,4,61,False,0,car,0 days 00:00:34.820000,0 days 01:13:49.848000,1927.389166666666,7.0
2023-10-22 19:14:52.401,9863,156,4,37,False,0,car,0 days 00:00:35.140000,0 days 01:13:50.168000,1941.2558333333327,7.0
2023-10-22 19:14:52.720,10119,158,4,50,False,0,car,0 days 00:00:35.459000,0 days 01:13:50.487000,1955.2563888888883,7.0
2023-10-22 19:14:52.920,10421,161,4,73,False,0,car,0 days 00:00:35.659000,0 days 01:13:50.687000,1964.2008333333326,7.0
2023-10-22 19:14:53.240,11594,169,4,100,False,0,car,0 days 00:00:35.979000,0 days 01:13:51.007000,1979.2230555555548,7.0
2023-10-22 19:14:53.600,11628,176,4,100,False,0,car,0 days 00:00:36.339000,0 days 01:13:51.367000,1996.8230555555547,7.0
2023-10-22 19:14:54.000,10311,187,5,100,False,0,car,0 days 00:00:36.739000,0 days 01:13:51.767000,2017.6008333333323,7.0
2023-10-22 19:14:54.160,10311,192,5,100,False,0,car,0 days 00:00:36.899000,0 days 01:13:51.927000,2026.1341666666658,7.0
2023-10-22 19:14:54.640,11679,212,5,100,False,0,car,0 days 00:00:37.379000,0 days 01:13:52.407000,2054.4008333333322,7.0
2023-10-22 19:14:54.880,10766,218,5,100,False,0,car,0 days 00:00:37.619000,0 days 01:13:52.647000,2068.9341666666655,7.0
2023-10-22 19:14:55.120,11110,225,5,100,False,0,car,0 days 00:00:37.859000,0 days 01:13:52.887000,2083.9341666666655,7.0
2023-10-22 19:14:55.440,11148,233,6,100,False,0,car,0 days 00:00:38.179000,0 days 01:13:53.207000,2104.6452777777768,7.0
2023-10-22 19:14:55.640,11127,236,6,99,False,0,car,0 days 00:00:38.379000,0 days 01:13:53.407000,2117.7563888888876,7.0
2023-10-22 19:14:55.880,11703,242,6,99,False,0,car,0 days 00:00:38.619000,0 days 01:13:53.647000,2133.8897222222213,7.0
2023-10-22 19:14:56.280,11820,247,6,100,False,0,car,0 days 00:00:39.019000,0 days 01:13:54.047000,2161.3341666666656,7.0
2023-10-22 19:14:56.720,10796,254,6,99,False,0,car,0 days 00:00:39.459000,0 days 01:13:54.487000,2192.3786111111103,7.0
2023-10-22 19:14:56.920,10691,257,6,100,False,0,car,0 days 00:00:39.659000,0 days 01:13:54.687000,2206.6563888888877,7.0
2023-10-22 19:14:57.320,10943,263,7,100,False,0,car,0 days 00:00:40.059000,0 days 01:13:55.087000,2235.87861111111,7.0
2023-10-22 19:14:57.600,11061,266,7,100,False,0,car,0 days 00:00:40.339000,0 days 01:13:55.367000,2256.5674999999987,7.0
2023-10-22 19:14:58.001,11326,272,7,100,False,0,car,0 days 00:00:40.740000,0 days 01:13:55.768000,2286.8652777777766,7.0
2023-10-22 19:14:58.321,11447,277,7,100,False,0,car,0 days 00:00:41.060000,0 days 01:13:56.088000,2311.487499999999,7.0
2023-10-22 19:14:58.601,11581,280,7,100,False,0,car,0 days 00:00:41.340000,0 days 01:13:56.368000,2333.2652777777766,7.0
2023-10-22 19:14:58.801,11654,281,7,99,False,0,car,0 days 00:00:41.540000,0 days 01:13:56.568000,2348.8763888888875,7.0
2023-10-22 19:14:58.961,11665,282,7,100,False,0,car,0 days 00:00:41.700000,0 days 01:13:56.728000,2361.4097222222213,7.0
2023-10-22 19:14:59.121,11628,282,7,100,False,0,car,0 days 00:00:41.860000,0 days 01:13:56.888000,2373.943055555554,7.0
2023-10-22 19:14:59.400,11494,282,7,0,True,0,car,0 days 00:00:42.139000,0 days 01:13:57.167000,2395.7980555555546,7.0
2023-10-22 19:14:59.720,10245,253,7,0,True,0,car,0 days 00:00:42.459000,0 days 01:13:57.487000,2418.2869444444436,7.0
2023-10-22 19:14:59.880,10606,230,7,0,True,0,car,0 days 00:00:42.619000,0 days 01:13:57.647000,2428.509166666666,7.0
2023-10-22 19:15:00.080,10881,208,7,0,True,0,car,0 days 00:00:42.819000,0 days 01:13:57.847000,2440.0647222222215,7.0
2023-10-22 19:15:00.400,9962,180,5,0,True,0,car,0 days 00:00:43.139000,0 days 01:13:58.167000,2456.0647222222215,7.0
2023-10-22 19:15:00.840,10133,147,3,0,True,0,car,0 days 00:00:43.579000,0 days 01:13:58.607000,2474.031388888888,7.0
2023-10-22 19:15:01.280,7740,119,3,0,True,0,car,0 days 00:00:44.019000,0 days 01:13:59.047000,2488.5758333333324,7.0
2023-10-22 19:15:01.480,7134,113,3,0,True,0,car,0 days 00:00:44.219000,0 days 01:13:59.247000,2494.8536111111102,7.0
2023-10-22 19:15:01.720,6448,95,3,0,True,0,car,0 days 00:00:44.459000,0 days 01:13:59.487000,2501.1869444444437,7.0
2023-10-22 19:15:02.320,5441,79,3,0,True,0,car,0 days 00:00:45.059000,0 days 01:14:00.087000,2514.3536111111102,7.0
2023-10-22 19:15:02.520,5206,75,3,0,True,0,car,0 days 00:00:45.259000,0 days 01:14:00.287000,2518.5202777777768,7.0
2023-10-22 19:15:02.880,4777,70,3,0,False,0,car,0 days 00:00:45.619000,0 days 01:14:00.647000,2525.5202777777768,7.0
2023-10-22 19:15:03.120,4592,65,3,0,False,0,car,0 days 00:00:45.859000,0 days 01:14:00.887000,2529.8536111111102,7.0
2023-10-22 19:15:03.360,4961,65,3,10,False,0,car,0 days 00:00:46.099000,0 days 01:14:01.127000,2534.1869444444433,7.0
2023-10-22 19:15:03.600,5235,65,3,19,False,0,car,0 days 00:00:46.339000,0 days 01:14:01.367000,2538.5202777777768,7.0
2023-10-22 19:15:03.840,5268,70,3,24,False,0,car,0 days 00:00:46.579000,0 days 01:14:01.607000,2543.1869444444433,7.0
2023-10-22 19:15:04.040,5347,70,3,31,False,0,car,0 days 00:00:46.779000,0 days 01:14:01.807000,2547.0758333333324,7.0
2023-10-22 19:15:04.401,6178,81,3,39,False,0,car,0 days 00:00:47.140000,0 days 01:14:02.168000,2555.1983333333324,7.0
2023-10-22 19:15:04.641,7018,85,3,44,False,0,car,0 days 00:00:47.380000,0 days 01:14:02.408000,2560.864999999999,7.0
2023-10-22 19:15:05.121,8260,99,3,48,False,0,car,0 days 00:00:47.860000,0 days 01:14:02.888000,2574.0649999999987,7.0
2023-10-22 19:15:05.521,8613,110,3,59,False,0,car,0 days 00:00:48.260000,0 days 01:14:03.288000,2586.287222222221,7.0
2023-10-22 19:15:05.761,9631,119,3,74,False,0,car,0 days 00:00:48.500000,0 days 01:14:03.528000,2594.2205555555543,7.0
2023-10-22 19:15:06.001,10268,127,3,92,False,0,car,0 days 00:00:48.740000,0 days 01:14:03.768000,2602.687222222221,7.0
2023-10-22 19:15:06.200,9848,136,3,100,False,0,car,0 days 00:00:48.939000,0 days 01:14:03.967000,2610.2049999999986,7.0
2023-10-22 19:15:06.440,9946,150,4,100,False,0,car,0 days 00:00:49.179000,0 days 01:14:04.207000,2620.2049999999986,7.0
2023-10-22 19:15:06.640,10775,159,4,100,False,0,car,0 days 00:00:49.379000,0 days 01:14:04.407000,2629.0383333333316,7.0
2023-10-22 19:15:06.960,11217,172,4,100,False,8,car,0 days 00:00:49.699000,0 days 01:14:04.727000,2644.3272222222204,7.0
2023-10-22 19:15:07.360,10655,187,4,100,False,8,car,0 days 00:00:50.099000,0 days 01:14:05.127000,2665.104999999998,7.0
2023-10-22 19:15:07.520,10702,195,4,100,False,8,car,0 days 00:00:50.259000,0 days 01:14:05.287000,2673.771666666665,7.0
2023-10-22 19:15:07.720,10937,195,5,100,False,8,car,0 days 00:00:50.459000,0 days 01:14:05.487000,2684.6049999999987,7.0
2023-10-22 19:15:08.120,11536,213,5,100,False,8,car,0 days 00:00:50.859000,0 days 01:14:05.887000,2708.271666666665,7.0
2023-10-22 19:15:08.280,11116,216,5,100,False,8,car,0 days 00:00:51.019000,0 days 01:14:06.047000,2717.871666666665,7.0
2023-10-22 19:15:08.480,10651,222,6,99,False,8,car,0 days 00:00:51.219000,0 days 01:14:06.247000,2730.2049999999986,7.0
2023-10-22 19:15:08.680,10850,227,6,100,False,8,car,0 days 00:00:51.419000,0 days 01:14:06.447000,2742.8161111111094,7.0
2023-10-22 19:15:09.000,11154,233,6,100,False,8,car,0 days 00:00:51.739000,0 days 01:14:06.767000,2763.5272222222206,7.0
2023-10-22 19:15:09.200,11367,236,6,100,False,8,car,0 days 00:00:51.939000,0 days 01:14:06.967000,2776.638333333332,7.0
2023-10-22 19:15:09.480,11353,244,6,100,False,8,car,0 days 00:00:52.219000,0 days 01:14:07.247000,2795.6161111111096,7.0
2023-10-22 19:15:09.640,10513,246,6,100,False,8,car,0 days 00:00:52.379000,0 days 01:14:07.407000,2806.5494444444425,7.0
2023-10-22 19:15:10.040,10644,254,7,100,False,8,car,0 days 00:00:52.779000,0 days 01:14:07.807000,2834.771666666665,7.0
2023-10-22 19:15:10.400,10796,257,7,100,False,14,car,0 days 00:00:53.139000,0 days 01:14:08.167000,2860.471666666665,7.0
2023-10-22 19:15:10.640,11072,263,7,100,False,12,car,0 days 00:00:53.379000,0 days 01:14:08.407000,2878.004999999998,7.0
2023-10-22 19:15:10.841,11249,268,7,100,False,12,car,0 days 00:00:53.580000,0 days 01:14:08.608000,2892.9683333333314,7.0
2023-10-22 19:15:11.201,11544,273,7,100,False,12,car,0 days 00:00:53.940000,0 days 01:14:08.968000,2920.2683333333316,7.0
2023-10-22 19:15:11.681,10480,279,7,100,False,12,car,0 days 00:00:54.420000,0 days 01:14:09.448000,2957.468333333332,7.0
2023-10-22 19:15:11.921,10501,284,8,100,False,12,car,0 days 00:00:54.660000,0 days 01:14:09.688000,2976.401666666665,7.0
2023-10-22 19:15:12.201,10746,287,8,100,False,12,car,0 days 00:00:54.940000,0 days 01:14:09.968000,2998.7238888888874,7.0
2023-10-22 19:15:12.361,11026,289,8,100,False,12,car,0 days 00:00:55.100000,0 days 01:14:10.128000,3011.5683333333322,7.0
2023-10-22 19:15:12.601,10789,292,8,100,False,12,car,0 days 00:00:55.340000,0 days 01:14:10.368000,3031.034999999999,7.0
2023-10-22 19:15:12.800,10867,295,8,100,False,12,car,0 days 00:00:55.539000,0 days 01:14:10.567000,3047.341944444443,7.0
2023-10-22 19:15:13.000,10998,297,8,100,False,12,car,0 days 00:00:55.739000,0 days 01:14:10.767000,3063.8419444444426,7.0
2023-10-22 19:15:13.240,11096,299,8,100,False,12,car,0 days 00:00:55.979000,0 days 01:14:11.007000,3083.775277777776,7.0
2023-10-22 19:15:13.520,11098,303,8,100,False,12,car,0 days 00:00:56.259000,0 days 01:14:11.287000,3107.3419444444426,7.0
2023-10-22 19:15:13.680,11189,304,8,100,False,12,car,0 days 00:00:56.419000,0 days 01:14:11.447000,3120.8530555555535,7.0
2023-10-22 19:15:13.960,11425,307,8,100,False,12,car,0 days 00:00:56.699000,0 days 01:14:11.727000,3144.7308333333312,7.0
2023-10-22 19:15:14.200,11477,309,8,100,False,12,car,0 days 00:00:56.939000,0 days 01:14:11.967000,3165.3308333333316,7.0
2023-10-22 19:15:14.480,11492,311,8,100,False,12,car,0 days 00:00:57.219000,0 days 01:14:12.247000,3189.5197222222205,7.0
2023-10-22 19:15:14.680,11549,312,8,100,False,12,car,0 days 00:00:57.419000,0 days 01:14:12.447000,3206.8530555555535,7.0
2023-10-22 19:15:15.000,11691,315,8,100,False,12,car,0 days 00:00:57.739000,0 days 01:14:12.767000,3234.8530555555535,7.0
2023-10-22 19:15:15.360,11679,317,8,100,False,12,car,0 days 00:00:58.099000,0 days 01:14:13.127000,3266.5530555555533,7.0
2023-10-22 19:15:15.680,11765,319,8,100,False,12,car,0 days 00:00:58.419000,0 days 01:14:13.447000,3294.9086111111087,7.0
2023-10-22 19:15:15.880,11874,320,8,100,False,12,car,0 days 00:00:58.619000,0 days 01:14:13.647000,3312.6863888888865,7.0
2023-10-22 19:15:16.200,11905,322,8,100,False,12,car,0 days 00:00:58.939000,0 days 01:14:13.967000,3341.308611111109,7.0
2023-10-22 19:15:16.480,11868,323,8,100,False,12,car,0 days 00:00:59.219000,0 days 01:14:14.247000,3366.430833333331,7.0
2023-10-22 19:15:16.800,11984,325,8,100,False,12,car,0 days 00:00:59.539000,0 days 01:14:14.567000,3395.3197222222198,7.0
2023-10-22 19:15:17.040,12020,326,8,100,False,12,car,0 days 00:00:59.779000,0 days 01:14:14.807000,3417.0530555555533,7.0
2023-10-22 19:15:17.441,12185,329,8,100,False,12,car,0 days 00:01:00.180000,0 days 01:14:15.208000,3453.6999999999975,7.0
2023-10-22 19:15:17.801,12129,330,8,100,False,12,car,0 days 00:01:00.540000,0 days 01:14:15.568000,3486.6999999999975,7.0
2023-10-22 19:15:18.001,12155,330,8,100,False,12,car,0 days 00:01:00.740000,0 days 01:14:15.768000,3505.033333333331,7.0
2023-10-22 19:15:18.481,12214,333,8,100,False,12,car,0 days 00:01:01.220000,0 days 01:14:16.248000,3549.4333333333307,7.0
2023-10-22 19:15:18.641,12220,333,8,100,False,12,car,0 days 00:01:01.380000,0 days 01:14:16.408000,3564.233333333331,7.0
2023-10-22 19:15:18.841,11289,323,8,0,True,0,car,0 days 00:01:01.580000,0 days 01:14:16.608000,3582.1777777777747,7.0
2023-10-22 19:15:19.241,11289,273,8,0,True,0,car,0 days 00:01:01.980000,0 days 01:14:17.008000,3612.5111111111078,7.0
2023-10-22 19:15:19.720,11511,213,6,0,True,0,car,0 days 00:01:02.459000,0 days 01:14:17.487000,3640.8519444444414,7.0
2023-10-22 19:15:20.000,10919,193,5,0,True,0,car,0 days 00:01:02.739000,0 days 01:14:17.767000,3655.8630555555524,7.0
2023-10-22 19:15:20.160,10630,171,5,0,True,0,car,0 days 00:01:02.899000,0 days 01:14:17.927000,3663.4630555555527,7.0
2023-10-22 19:15:20.400,10071,149,4,0,True,0,car,0 days 00:01:03.139000,0 days 01:14:18.167000,3673.396388888886,7.0
2023-10-22 19:15:20.640,10649,133,3,0,True,0,car,0 days 00:01:03.379000,0 days 01:14:18.407000,3682.2630555555525,7.0
2023-10-22 19:15:20.880,9570,113,2,0,True,0,car,0 days 00:01:03.619000,0 days 01:14:18.647000,3689.7963888888858,7.0
2023-10-22 19:15:21.120,8170,98,2,0,True,0,car,0 days 00:01:03.859000,0 days 01:14:18.887000,3696.329722222219,7.0
2023-10-22 19:15:21.480,7338,88,2,0,True,0,car,0 days 00:01:04.219000,0 days 01:14:19.247000,3705.129722222219,7.0
2023-10-22 19:15:21.680,7060,84,2,0,True,0,car,0 days 00:01:04.419000,0 days 01:14:19.447000,3709.7963888888853,7.0
2023-10-22 19:15:22.040,6246,79,2,0,True,0,car,0 days 00:01:04.779000,0 days 01:14:19.807000,3717.6963888888854,7.0
2023-10-22 19:15:22.360,5799,73,2,0,False,0,car,0 days 00:01:05.099000,0 days 01:14:20.127000,3724.1852777777744,7.0
2023-10-22 19:15:22.520,6034,70,2,6,False,0,car,0 days 00:01:05.259000,0 days 01:14:20.287000,3727.2963888888853,7.0
2023-10-22 19:15:22.680,6268,67,2,23,False,0,car,0 days 00:01:05.419000,0 days 01:14:20.447000,3730.274166666663,7.0
2023-10-22 19:15:22.880,6490,69,2,34,False,0,car,0 days 00:01:05.619000,0 days 01:14:20.647000,3734.1074999999964,7.0
2023-10-22 19:15:23.040,6875,73,2,35,False,0,car,0 days 00:01:05.779000,0 days 01:14:20.807000,3737.351944444441,7.0
2023-10-22 19:15:23.400,7622,81,2,48,False,0,car,0 days 00:01:06.139000,0 days 01:14:21.167000,3745.451944444441,7.0
2023-10-22 19:15:23.600,8071,87,2,56,False,0,car,0 days 00:01:06.339000,0 days 01:14:21.367000,3750.2852777777744,7.0
2023-10-22 19:15:23.800,8950,91,2,62,False,0,car,0 days 00:01:06.539000,0 days 01:14:21.567000,3755.34083333333,7.0
2023-10-22 19:15:24.201,10955,113,2,77,False,0,car,0 days 00:01:06.940000,0 days 01:14:21.968000,3767.9277777777743,7.0
2023-10-22 19:15:24.361,11309,122,2,77,False,0,car,0 days 00:01:07.100000,0 days 01:14:22.128000,3773.3499999999963,7.0
2023-10-22 19:15:24.601,11734,132,2,100,False,0,car,0 days 00:01:07.340000,0 days 01:14:22.368000,3782.1499999999965,7.0
2023-10-22 19:15:24.921,11255,151,3,100,False,0,car,0 days 00:01:07.660000,0 days 01:14:22.688000,3795.5722222222184,7.0
2023-10-22 19:15:25.081,11613,155,3,100,False,0,car,0 days 00:01:07.820000,0 days 01:14:22.848000,3802.461111111107,7.0
2023-10-22 19:15:25.441,10794,169,4,99,False,0,car,0 days 00:01:08.180000,0 days 01:14:23.208000,3819.3611111111077,7.0
2023-10-22 19:15:25.601,10966,172,4,100,False,0,car,0 days 00:01:08.340000,0 days 01:14:23.368000,3827.005555555552,7.0
2023-10-22 19:15:25.961,11083,182,4,100,False,0,car,0 days 00:01:08.700000,0 days 01:14:23.728000,3845.2055555555517,7.0
2023-10-22 19:15:26.200,9571,187,5,3,False,0,car,0 days 00:01:08.939000,0 days 01:14:23.967000,3857.6202777777735,7.0
2023-10-22 19:15:26.440,9920,178,5,0,True,0,car,0 days 00:01:09.179000,0 days 01:14:24.207000,3869.4869444444407,7.0
2023-10-22 19:15:26.880,10731,152,4,0,True,0,car,0 days 00:01:09.619000,0 days 01:14:24.647000,3888.0647222222183,7.0
2023-10-22 19:15:27.200,9194,133,3,0,True,0,car,0 days 00:01:09.939000,0 days 01:14:24.967000,3899.8869444444404,7.0
2023-10-22 19:15:27.400,8771,128,3,0,True,0,car,0 days 00:01:10.139000,0 days 01:14:25.167000,3906.9980555555517,7.0
2023-10-22 19:15:27.600,7760,115,3,0,True,0,car,0 days 00:01:10.339000,0 days 01:14:25.367000,3913.386944444441,7.0
2023-10-22 19:15:27.840,7240,105,3,0,True,0,car,0 days 00:01:10.579000,0 days 01:14:25.607000,3920.386944444441,7.0
2023-10-22 19:15:28.120,6879,99,3,0,True,0,car,0 days 00:01:10.859000,0 days 01:14:25.887000,3928.0869444444406,7.0
2023-10-22 19:15:28.560,6396,94,3,1,False,0,car,0 days 00:01:11.299000,0 days 01:14:26.327000,3939.5758333333297,7.0
2023-10-22 19:15:28.920,6147,88,3,0,False,0,car,0 days 00:01:11.659000,0 days 01:14:26.687000,3948.37583333333,7.0
2023-10-22 19:15:29.160,6377,85,3,13,False,0,car,0 days 00:01:11.899000,0 days 01:14:26.927000,3954.0424999999964,7.0
2023-10-22 19:15:29.520,6611,86,3,28,False,0,car,0 days 00:01:12.259000,0 days 01:14:27.287000,3962.6424999999963,7.0
2023-10-22 19:15:30.000,7217,93,3,40,False,0,car,0 days 00:01:12.739000,0 days 01:14:27.767000,3975.0424999999964,7.0
2023-10-22 19:15:30.400,7919,101,3,48,False,0,car,0 days 00:01:13.139000,0 days 01:14:28.167000,3986.2647222222186,7.0
2023-10-22 19:15:30.641,8293,108,3,51,False,0,car,0 days 00:01:13.380000,0 days 01:14:28.408000,3993.4947222222186,7.0
2023-10-22 19:15:30.961,9122,117,3,57,False,0,car,0 days 00:01:13.700000,0 days 01:14:28.728000,4003.8947222222187,7.0
2023-10-22 19:15:31.241,9736,126,3,62,False,0,car,0 days 00:01:13.980000,0 days 01:14:29.008000,4013.694722222219,7.0
2023-10-22 19:15:31.561,10612,137,3,75,False,0,car,0 days 00:01:14.300000,0 days 01:14:29.328000,4025.8724999999963,7.0
2023-10-22 19:15:31.761,11202,146,3,100,False,0,car,0 days 00:01:14.500000,0 days 01:14:29.528000,4033.9836111111076,7.0
2023-10-22 19:15:31.921,11430,152,3,99,False,0,car,0 days 00:01:14.660000,0 days 01:14:29.688000,4040.739166666663,7.0
2023-10-22 19:15:32.201,10426,159,4,100,False,0,car,0 days 00:01:14.940000,0 days 01:14:29.968000,4053.10583333333,7.0
2023-10-22 19:15:32.681,11324,174,4,99,False,0,car,0 days 00:01:15.420000,0 days 01:14:30.448000,4076.30583333333,7.0
2023-10-22 19:15:33.000,10201,183,4,100,False,0,car,0 days 00:01:15.739000,0 days 01:14:30.767000,4092.521666666664,7.0
2023-10-22 19:15:33.240,10219,191,4,99,False,0,car,0 days 00:01:15.979000,0 days 01:14:31.007000,4105.2549999999965,7.0
2023-10-22 19:15:33.440,9907,187,5,0,True,0,car,0 days 00:01:16.179000,0 days 01:14:31.207000,4115.643888888885,7.0
2023-10-22 19:15:33.720,9933,171,5,0,True,0,car,0 days 00:01:16.459000,0 days 01:14:31.487000,4128.943888888885,7.0
2023-10-22 19:15:34.040,10567,152,4,0,True,0,car,0 days 00:01:16.779000,0 days 01:14:31.807000,4142.454999999996,7.0
2023-10-22 19:15:34.240,9750,142,3,0,True,0,car,0 days 00:01:16.979000,0 days 01:14:32.007000,4150.343888888885,7.0
2023-10-22 19:15:34.400,9174,137,3,0,True,0,car,0 days 00:01:17.139000,0 days 01:14:32.167000,4156.4327777777735,7.0
2023-10-22 19:15:34.600,8726,129,3,0,True,0,car,0 days 00:01:17.339000,0 days 01:14:32.367000,4163.59944444444,7.0
2023-10-22 19:15:34.800,9495,121,3,0,True,0,car,0 days 00:01:17.539000,0 days 01:14:32.567000,4170.321666666663,7.0
2023-10-22 19:15:35.120,8596,105,2,0,True,0,car,0 days 00:01:17.859000,0 days 01:14:32.887000,4179.654999999996,7.0
2023-10-22 19:15:35.520,7509,91,2,0,True,0,car,0 days 00:01:18.259000,0 days 01:14:33.287000,4189.766111111107,7.0
2023-10-22 19:15:35.800,7186,87,2,0,True,0,car,0 days 00:01:18.539000,0 days 01:14:33.567000,4196.532777777774,7.0
2023-10-22 19:15:36.080,6547,81,2,0,False,0,car,0 days 00:01:18.819000,0 days 01:14:33.847000,4202.832777777774,7.0
2023-10-22 19:15:36.280,6534,79,2,0,False,0,car,0 days 00:01:19.019000,0 days 01:14:34.047000,4207.221666666663,7.0
2023-10-22 19:15:36.440,6319,77,2,0,False,0,car,0 days 00:01:19.179000,0 days 01:14:34.207000,4210.643888888885,7.0
2023-10-22 19:15:36.840,6371,71,2,8,False,0,car,0 days 00:01:19.579000,0 days 01:14:34.607000,4218.532777777774,7.0
2023-10-22 19:15:37.040,6558,73,2,21,False,0,car,0 days 00:01:19.779000,0 days 01:14:34.807000,4222.5883333333295,7.0
2023-10-22 19:15:37.201,6740,74,2,30,False,0,car,0 days 00:01:19.940000,0 days 01:14:34.968000,4225.897777777774,7.0
2023-10-22 19:15:37.521,7243,81,2,39,False,0,car,0 days 00:01:20.260000,0 days 01:14:35.288000,4233.097777777773,7.0
2023-10-22 19:15:37.721,7710,85,2,43,False,0,car,0 days 00:01:20.460000,0 days 01:14:35.488000,4237.819999999995,7.0
2023-10-22 19:15:38.041,8365,92,2,52,False,0,car,0 days 00:01:20.780000,0 days 01:14:35.808000,4245.997777777773,7.0
2023-10-22 19:15:38.281,9093,99,2,56,False,0,car,0 days 00:01:21.020000,0 days 01:14:36.048000,4252.5977777777725,7.0
2023-10-22 19:15:38.601,10335,109,2,64,False,0,car,0 days 00:01:21.340000,0 days 01:14:36.368000,4262.286666666661,7.0
2023-10-22 19:15:38.881,11349,121,2,77,False,0,car,0 days 00:01:21.620000,0 days 01:14:36.648000,4271.697777777773,7.0
2023-10-22 19:15:39.041,11706,121,2,84,False,0,car,0 days 00:01:21.780000,0 days 01:14:36.808000,4277.075555555551,7.0
2023-10-22 19:15:39.481,11369,145,3,100,False,0,car,0 days 00:01:22.220000,0 days 01:14:37.248000,4294.797777777772,7.0
2023-10-22 19:15:39.680,11622,155,3,100,False,0,car,0 days 00:01:22.419000,0 days 01:14:37.447000,4303.365833333328,7.0
2023-10-22 19:15:40.040,10910,171,4,100,False,0,car,0 days 00:01:22.779000,0 days 01:14:37.807000,4320.465833333328,7.0
2023-10-22 19:15:40.440,11980,186,4,100,False,0,car,0 days 00:01:23.179000,0 days 01:14:38.207000,4341.132499999995,7.0
2023-10-22 19:15:40.680,10860,189,4,100,False,0,car,0 days 00:01:23.419000,0 days 01:14:38.447000,4353.732499999995,7.0
2023-10-22 19:15:41.120,11378,206,5,100,False,0,car,0 days 00:01:23.859000,0 days 01:14:38.887000,4378.9102777777725,7.0
2023-10-22 19:15:41.520,11819,216,5,100,False,0,car,0 days 00:01:24.259000,0 days 01:14:39.287000,4402.9102777777725,7.0
2023-10-22 19:15:41.760,10707,219,5,92,False,0,car,0 days 00:01:24.499000,0 days 01:14:39.527000,4417.510277777772,7.0
2023-10-22 19:15:42.800,10321,217,6,72,False,0,car,0 days 00:01:25.539000,0 days 01:14:40.567000,4480.199166666661,7.0
2023-10-22 19:15:43.040,10355,217,6,79,False,0,car,0 days 00:01:25.779000,0 days 01:14:40.807000,4494.665833333327,7.0
2023-10-22 19:15:43.200,10547,219,6,82,False,0,car,0 days 00:01:25.939000,0 days 01:14:40.967000,4504.399166666661,7.0
2023-10-22 19:15:43.560,10718,224,6,85,False,0,car,0 days 00:01:26.299000,0 days 01:14:41.327000,4526.799166666661,7.0
2023-10-22 19:15:43.921,10968,229,6,98,False,0,car,0 days 00:01:26.660000,0 days 01:14:41.688000,4549.762777777772,7.0
2023-10-22 19:15:44.361,11241,235,6,100,False,0,car,0 days 00:01:27.100000,0 days 01:14:42.128000,4578.484999999993,7.0
2023-10-22 19:15:44.681,11391,238,6,100,False,0,car,0 days 00:01:27.420000,0 days 01:14:42.448000,4599.640555555549,7.0
2023-10-22 19:15:45.041,11670,244,6,100,False,0,car,0 days 00:01:27.780000,0 days 01:14:42.808000,4624.040555555549,7.0
2023-10-22 19:15:45.201,11811,245,6,100,False,0,car,0 days 00:01:27.940000,0 days 01:14:42.968000,4634.929444444438,7.0
2023-10-22 19:15:45.561,10490,251,7,100,False,0,car,0 days 00:01:28.300000,0 days 01:14:43.328000,4660.029444444438,7.0
2023-10-22 19:15:45.841,10539,252,7,100,False,0,car,0 days 00:01:28.580000,0 days 01:14:43.608000,4679.629444444438,7.0
2023-10-22 19:15:46.001,10612,252,7,100,False,0,car,0 days 00:01:28.740000,0 days 01:14:43.768000,4690.829444444438,7.0
2023-10-22 19:15:46.161,10681,253,7,100,False,0,car,0 days 00:01:28.900000,0 days 01:14:43.928000,4702.073888888884,7.0
2023-10-22 19:15:46.361,10619,255,7,100,False,0,car,0 days 00:01:29.100000,0 days 01:14:44.128000,4716.24055555555,7.0
2023-10-22 19:15:46.560,10662,255,7,100,False,0,car,0 days 00:01:29.299000,0 days 01:14:44.327000,4730.336388888883,7.0
2023-10-22 19:15:46.760,10764,257,7,99,False,0,car,0 days 00:01:29.499000,0 days 01:14:44.527000,4744.614166666661,7.0
2023-10-22 19:15:46.960,10732,257,7,100,False,0,car,0 days 00:01:29.699000,0 days 01:14:44.727000,4758.891944444439,7.0
2023-10-22 19:15:47.160,10718,257,7,99,False,0,car,0 days 00:01:29.899000,0 days 01:14:44.927000,4773.169722222217,7.0
2023-10-22 19:15:47.480,10763,259,7,100,False,0,car,0 days 00:01:30.219000,0 days 01:14:45.247000,4796.191944444439,7.0
2023-10-22 19:15:47.720,10807,260,7,100,False,0,car,0 days 00:01:30.459000,0 days 01:14:45.487000,4813.525277777773,7.0
2023-10-22 19:15:48.000,10853,262,7,100,False,0,car,0 days 00:01:30.739000,0 days 01:14:45.767000,4833.903055555551,7.0
2023-10-22 19:15:48.280,10658,263,7,35,False,0,car,0 days 00:01:31.019000,0 days 01:14:46.047000,4854.358611111106,7.0
2023-10-22 19:15:48.760,9428,243,7,0,True,0,car,0 days 00:01:31.499000,0 days 01:14:46.527000,4886.758611111106,7.0
2023-10-22 19:15:49.040,9827,214,7,0,True,0,car,0 days 00:01:31.779000,0 days 01:14:46.807000,4903.40305555555,7.0
2023-10-22 19:15:49.400,10259,199,6,0,True,0,car,0 days 00:01:32.139000,0 days 01:14:47.167000,4923.30305555555,7.0
2023-10-22 19:15:49.680,9836,188,5,0,True,0,car,0 days 00:01:32.419000,0 days 01:14:47.447000,4937.925277777772,7.0
2023-10-22 19:15:49.880,9436,183,5,0,True,0,car,0 days 00:01:32.619000,0 days 01:14:47.647000,4948.091944444439,7.0
2023-10-22 19:15:50.120,9239,174,5,0,True,0,car,0 days 00:01:32.859000,0 days 01:14:47.887000,4959.691944444438,7.0
2023-10-22 19:15:50.441,8928,168,5,10,False,0,car,0 days 00:01:33.180000,0 days 01:14:48.208000,4974.671944444439,7.0
2023-10-22 19:15:50.641,9106,165,5,25,False,0,car,0 days 00:01:33.380000,0 days 01:14:48.408000,4983.838611111105,7.0
2023-10-22 19:15:50.841,8973,166,5,36,False,0,car,0 days 00:01:33.580000,0 days 01:14:48.608000,4993.0608333333275,7.0
2023-10-22 19:15:51.161,9458,166,5,68,False,0,car,0 days 00:01:33.900000,0 days 01:14:48.928000,5007.816388888883,7.0
2023-10-22 19:15:51.321,9627,170,5,99,False,0,car,0 days 00:01:34.060000,0 days 01:14:49.088000,5015.371944444439,7.0
2023-10-22 19:15:51.641,10249,183,5,100,False,0,car,0 days 00:01:34.380000,0 days 01:14:49.408000,5031.638611111105,7.0
2023-10-22 19:15:51.841,10407,189,5,100,False,0,car,0 days 00:01:34.580000,0 days 01:14:49.608000,5042.138611111105,7.0
2023-10-22 19:15:52.161,11108,200,5,100,True,0,car,0 days 00:01:34.900000,0 days 01:14:49.928000,5059.916388888883,7.0
2023-10-22 19:15:52.521,11316,208,5,100,False,0,car,0 days 00:01:35.260000,0 days 01:14:50.288000,5080.716388888884,7.0
2023-10-22 19:15:52.681,11636,210,5,100,False,0,car,0 days 00:01:35.420000,0 days 01:14:50.448000,5090.049722222217,7.0
2023-10-22 19:15:52.921,11738,214,5,100,False,0,car,0 days 00:01:35.660000,0 days 01:14:50.688000,5104.316388888883,7.0
2023-10-22 19:15:53.081,10758,217,5,100,False,0,car,0 days 00:01:35.820000,0 days 01:14:50.848000,5113.960833333327,7.0
2023-10-22 19:15:53.280,10572,220,6,100,False,0,car,0 days 00:01:36.019000,0 days 01:14:51.047000,5126.121944444439,7.0
2023-10-22 19:15:53.560,10738,226,6,100,False,0,car,0 days 00:01:36.299000,0 days 01:14:51.327000,5143.699722222216,7.0
2023-10-22 19:15:53.760,10896,229,6,100,False,0,car,0 days 00:01:36.499000,0 days 01:14:51.527000,5156.421944444438,7.0
2023-10-22 19:15:54.160,10107,202,6,0,True,0,car,0 days 00:01:36.899000,0 days 01:14:51.927000,5178.866388888882,7.0
2023-10-22 19:15:54.320,10583,185,6,0,True,0,car,0 days 00:01:37.059000,0 days 01:14:52.087000,5187.088611111104,7.0
2023-10-22 19:15:54.720,10984,155,4,0,True,0,car,0 days 00:01:37.459000,0 days 01:14:52.487000,5204.310833333327,7.0
2023-10-22 19:15:55.080,9134,137,3,0,True,0,car,0 days 00:01:37.819000,0 days 01:14:52.847000,5218.010833333326,7.0
2023-10-22 19:15:55.400,8213,122,3,0,True,0,car,0 days 00:01:38.139000,0 days 01:14:53.167000,5228.85527777777,7.0
2023-10-22 19:15:55.560,7778,115,3,0,True,0,car,0 days 00:01:38.299000,0 days 01:14:53.327000,5233.966388888882,7.0
2023-10-22 19:15:55.760,7358,107,3,0,True,0,car,0 days 00:01:38.499000,0 days 01:14:53.527000,5239.910833333326,7.0
2023-10-22 19:15:56.200,6663,98,3,0,True,0,car,0 days 00:01:38.939000,0 days 01:14:53.967000,5251.888611111104,7.0
2023-10-22 19:15:56.400,6385,96,3,0,True,0,car,0 days 00:01:39.139000,0 days 01:14:54.167000,5257.221944444437,7.0
2023-10-22 19:15:56.800,6397,86,3,20,False,0,car,0 days 00:01:39.539000,0 days 01:14:54.567000,5266.777499999993,7.0
2023-10-22 19:15:57.161,6742,88,3,32,False,0,car,0 days 00:01:39.900000,0 days 01:14:54.928000,5275.601944444437,7.0
2023-10-22 19:15:57.361,7278,91,3,36,False,0,car,0 days 00:01:40.100000,0 days 01:14:55.128000,5280.657499999993,7.0
2023-10-22 19:15:57.601,7541,95,3,46,False,0,car,0 days 00:01:40.340000,0 days 01:14:55.368000,5286.990833333327,7.0
2023-10-22 19:15:57.761,7734,99,3,46,False,0,car,0 days 00:01:40.500000,0 days 01:14:55.528000,5291.390833333327,7.0
2023-10-22 19:15:58.041,8319,107,3,61,False,0,car,0 days 00:01:40.780000,0 days 01:14:55.808000,5299.713055555549,7.0
2023-10-22 19:15:58.361,9213,118,3,67,False,0,car,0 days 00:01:41.100000,0 days 01:14:56.128000,5310.201944444438,7.0
2023-10-22 19:15:58.521,9723,125,3,71,False,0,car,0 days 00:01:41.260000,0 days 01:14:56.288000,5315.757499999993,7.0
2023-10-22 19:15:58.761,10545,134,3,89,False,0,car,0 days 00:01:41.500000,0 days 01:14:56.528000,5324.690833333327,7.0
2023-10-22 19:15:59.081,11434,148,3,100,False,0,car,0 days 00:01:41.820000,0 days 01:14:56.848000,5337.846388888882,7.0
2023-10-22 19:15:59.241,11855,159,3,100,False,0,car,0 days 00:01:41.980000,0 days 01:14:57.008000,5344.913055555549,7.0
2023-10-22 19:15:59.601,11040,169,4,100,False,0,car,0 days 00:01:42.340000,0 days 01:14:57.368000,5361.813055555549,7.0
2023-10-22 19:15:59.880,11573,180,4,100,False,0,car,0 days 00:01:42.619000,0 days 01:14:57.647000,5375.763055555549,7.0
2023-10-22 19:16:00.040,11781,183,4,100,False,0,car,0 days 00:01:42.779000,0 days 01:14:57.807000,5383.896388888882,7.0
2023-10-22 19:16:00.320,10404,192,4,100,False,0,car,0 days 00:01:43.059000,0 days 01:14:58.087000,5398.829722222215,7.0
2023-10-22 19:16:00.560,11143,201,5,100,False,0,car,0 days 00:01:43.299000,0 days 01:14:58.327000,5412.229722222216,7.0
2023-10-22 19:16:00.920,11537,212,5,100,False,0,car,0 days 00:00:00.078000,0 days 01:14:58.687000,4.593333333333333,8.0
2023-10-22 19:16:01.120,10977,217,5,100,False,0,car,0 days 00:00:00.278000,0 days 01:14:58.887000,16.64888888888889,8.0
2023-10-22 19:16:01.320,10531,222,6,100,False,0,car,0 days 00:00:00.478000,0 days 01:14:59.087000,28.98222222222222,8.0
2023-10-22 19:16:01.520,10753,226,6,100,False,0,car,0 days 00:00:00.678000,0 days 01:14:59.287000,41.53777777777778,8.0
2023-10-22 19:16:01.680,10920,228,6,100,False,0,car,0 days 00:00:00.838000,0 days 01:14:59.447000,51.6711111111111,8.0
2023-10-22 19:16:02.160,11351,238,6,100,False,0,car,0 days 00:00:01.318000,0 days 01:14:59.927000,83.40444444444444,8.0
2023-10-22 19:16:02.600,11162,243,6,100,False,0,car,0 days 00:00:01.758000,0 days 01:15:00.367000,113.10444444444443,8.0
2023-10-22 19:16:02.840,10385,250,6,100,False,0,car,0 days 00:00:01.998000,0 days 01:15:00.607000,129.77111111111108,8.0
2023-10-22 19:16:03.160,10578,254,7,100,False,0,car,0 days 00:00:02.318000,0 days 01:15:00.927000,152.34888888888887,8.0
2023-10-22 19:16:03.320,10690,257,7,100,False,0,car,0 days 00:00:02.478000,0 days 01:15:01.087000,163.7711111111111,8.0
2023-10-22 19:16:03.561,10852,260,7,100,False,0,car,0 days 00:00:02.719000,0 days 01:15:01.328000,181.17666666666665,8.0
2023-10-22 19:16:03.761,10954,262,7,100,False,0,car,0 days 00:00:02.919000,0 days 01:15:01.528000,195.73222222222222,8.0
2023-10-22 19:16:04.041,11056,266,7,100,False,0,car,0 days 00:00:03.199000,0 days 01:15:01.808000,216.4211111111111,8.0
2023-10-22 19:16:04.401,11206,268,7,99,False,0,car,0 days 00:00:03.559000,0 days 01:15:02.168000,243.2211111111111,8.0
2023-10-22 19:16:04.681,11415,272,7,100,False,0,car,0 days 00:00:03.839000,0 days 01:15:02.448000,264.37666666666667,8.0
2023-10-22 19:16:04.921,11389,275,7,100,False,0,car,0 days 00:00:04.079000,0 days 01:15:02.688000,282.71,8.0
2023-10-22 19:16:05.281,11542,278,7,100,False,0,car,0 days 00:00:04.439000,0 days 01:15:03.048000,310.51,8.0
2023-10-22 19:16:05.681,10350,280,8,100,False,0,car,0 days 00:00:04.839000,0 days 01:15:03.448000,341.62111111111113,8.0
2023-10-22 19:16:05.961,10442,283,8,100,False,0,car,0 days 00:00:05.119000,0 days 01:15:03.728000,363.6322222222222,8.0
2023-10-22 19:16:06.201,10347,282,8,100,False,0,car,0 days 00:00:05.359000,0 days 01:15:03.968000,382.4322222222222,8.0
2023-10-22 19:16:06.401,10442,283,8,100,False,0,car,0 days 00:00:05.559000,0 days 01:15:04.168000,398.15444444444444,8.0
2023-10-22 19:16:06.560,10527,285,8,100,False,0,car,0 days 00:00:05.718000,0 days 01:15:04.327000,410.7419444444444,8.0
2023-10-22 19:16:06.760,10476,285,8,100,False,0,car,0 days 00:00:05.918000,0 days 01:15:04.527000,426.5752777777778,8.0
2023-10-22 19:16:07.160,10410,284,8,100,False,0,car,0 days 00:00:06.318000,0 days 01:15:04.927000,458.13083333333327,8.0
2023-10-22 19:16:07.320,10573,284,8,100,False,0,car,0 days 00:00:06.478000,0 days 01:15:05.087000,470.7530555555555,8.0
2023-10-22 19:16:07.640,10750,282,8,0,False,0,car,0 days 00:00:06.798000,0 days 01:15:05.407000,495.81972222222214,8.0
2023-10-22 19:16:07.840,9899,273,8,0,False,0,car,0 days 00:00:06.998000,0 days 01:15:05.607000,510.9863888888888,8.0
2023-10-22 19:16:08.120,9770,244,8,0,True,0,car,0 days 00:00:07.278000,0 days 01:15:05.887000,529.9641666666665,8.0
2023-10-22 19:16:08.400,9532,232,8,0,True,0,car,0 days 00:00:07.558000,0 days 01:15:06.167000,548.008611111111,8.0
2023-10-22 19:16:08.760,9074,177,6,0,True,0,car,0 days 00:00:07.918000,0 days 01:15:06.527000,565.708611111111,8.0
2023-10-22 19:16:09.000,9352,158,5,0,True,0,car,0 days 00:00:08.158000,0 days 01:15:06.767000,576.2419444444444,8.0
2023-10-22 19:16:09.200,9577,144,5,0,True,0,car,0 days 00:00:08.358000,0 days 01:15:06.967000,584.2419444444444,8.0
2023-10-22 19:16:09.600,8075,121,3,0,True,0,car,0 days 00:00:08.758000,0 days 01:15:07.367000,597.6863888888887,8.0
2023-10-22 19:16:09.760,7666,112,3,0,True,0,car,0 days 00:00:08.918000,0 days 01:15:07.527000,602.6641666666665,8.0
2023-10-22 19:16:10.081,7242,102,3,0,True,0,car,0 days 00:00:09.239000,0 days 01:15:07.848000,611.7591666666665,8.0
2023-10-22 19:16:10.401,6391,96,3,0,True,0,car,0 days 00:00:09.559000,0 days 01:15:08.168000,620.2924999999998,8.0
2023-10-22 19:16:10.601,6191,91,3,0,True,0,car,0 days 00:00:09.759000,0 days 01:15:08.368000,625.3480555555553,8.0
2023-10-22 19:16:11.081,5634,84,3,0,False,0,car,0 days 00:00:10.239000,0 days 01:15:08.848000,636.5480555555554,8.0
2023-10-22 19:16:11.441,5763,79,3,5,False,0,car,0 days 00:00:10.599000,0 days 01:15:09.208000,644.4480555555554,8.0
2023-10-22 19:16:11.641,6062,77,3,19,False,0,car,0 days 00:00:10.799000,0 days 01:15:09.408000,648.7258333333331,8.0
2023-10-22 19:16:12.121,6255,82,3,32,False,0,car,0 days 00:00:11.279000,0 days 01:15:09.888000,659.6591666666665,8.0
2023-10-22 19:16:12.361,6850,86,3,42,False,0,car,0 days 00:00:11.519000,0 days 01:15:10.128000,665.3924999999998,8.0
2023-10-22 19:16:12.681,7644,94,3,49,False,0,car,0 days 00:00:11.839000,0 days 01:15:10.448000,673.7480555555554,8.0
2023-10-22 19:16:12.961,8482,103,3,53,False,0,car,0 days 00:00:12.119000,0 days 01:15:10.728000,681.7591666666665,8.0
2023-10-22 19:16:13.201,8819,109,3,58,False,0,car,0 days 00:00:12.359000,0 days 01:15:10.968000,689.0258333333331,8.0
2023-10-22 19:16:13.520,9610,124,3,67,False,0,car,0 days 00:00:12.678000,0 days 01:15:11.287000,700.0136111111109,8.0
2023-10-22 19:16:13.680,10028,128,3,74,False,0,car,0 days 00:00:12.838000,0 days 01:15:11.447000,705.7024999999998,8.0
2023-10-22 19:16:14.000,11328,140,3,99,False,0,car,0 days 00:00:13.158000,0 days 01:15:11.767000,718.1469444444442,8.0
2023-10-22 19:16:14.280,11163,156,3,100,False,0,car,0 days 00:00:13.438000,0 days 01:15:12.047000,730.2802777777777,8.0
2023-10-22 19:16:14.440,10831,165,3,99,False,0,car,0 days 00:00:13.598000,0 days 01:15:12.207000,737.613611111111,8.0
2023-10-22 19:16:14.680,11046,173,4,99,False,0,car,0 days 00:00:13.838000,0 days 01:15:12.447000,749.1469444444443,8.0
2023-10-22 19:16:14.960,10928,185,4,99,False,0,car,0 days 00:00:14.118000,0 days 01:15:12.727000,763.5358333333332,8.0
2023-10-22 19:16:15.200,10784,194,4,99,False,0,car,0 days 00:00:14.358000,0 days 01:15:12.967000,776.4691666666666,8.0
2023-10-22 19:16:15.520,11256,203,5,100,False,0,car,0 days 00:00:14.678000,0 days 01:15:13.287000,794.5136111111111,8.0
2023-10-22 19:16:15.800,11058,211,5,99,False,0,car,0 days 00:00:14.958000,0 days 01:15:13.567000,810.9247222222222,8.0
2023-10-22 19:16:16.240,10631,224,6,99,False,0,car,0 days 00:00:15.398000,0 days 01:15:14.007000,838.3024999999999,8.0
2023-10-22 19:16:16.400,10759,226,6,100,False,0,car,0 days 00:00:15.558000,0 days 01:15:14.167000,848.3469444444444,8.0
2023-10-22 19:16:16.601,10967,228,6,100,False,0,car,0 days 00:00:15.759000,0 days 01:15:14.368000,861.0769444444444,8.0
2023-10-22 19:16:16.881,11220,234,6,99,False,0,car,0 days 00:00:16.039000,0 days 01:15:14.648000,879.2769444444444,8.0
2023-10-22 19:16:17.281,11468,240,6,100,False,0,car,0 days 00:00:16.439000,0 days 01:15:15.048000,905.9436111111111,8.0
2023-10-22 19:16:17.521,11627,245,6,100,False,0,car,0 days 00:00:16.679000,0 days 01:15:15.288000,922.2769444444443,8.0
2023-10-22 19:16:17.801,10552,246,6,100,False,0,car,0 days 00:00:16.959000,0 days 01:15:15.568000,941.4102777777778,8.0
2023-10-22 19:16:18.081,10433,250,7,100,False,0,car,0 days 00:00:17.239000,0 days 01:15:15.848000,960.8547222222223,8.0
2023-10-22 19:16:18.241,10518,253,7,100,False,0,car,0 days 00:00:17.399000,0 days 01:15:16.008000,972.0991666666667,8.0
2023-10-22 19:16:18.441,10518,254,7,100,False,0,car,0 days 00:00:17.599000,0 days 01:15:16.208000,986.2102777777778,8.0
2023-10-22 19:16:18.721,10677,258,7,100,False,0,car,0 days 00:00:17.879000,0 days 01:15:16.488000,1006.2769444444446,8.0
2023-10-22 19:16:19.001,10720,259,7,100,False,0,car,0 days 00:00:18.159000,0 days 01:15:16.768000,1026.4213888888887,8.0
2023-10-22 19:16:19.201,10766,259,7,100,False,0,car,0 days 00:00:18.359000,0 days 01:15:16.968000,1040.8102777777779,8.0
2023-10-22 19:16:19.361,10864,261,7,100,False,0,car,0 days 00:00:18.519000,0 days 01:15:17.128000,1052.4102777777775,8.0
2023-10-22 19:16:19.601,10896,263,7,100,False,0,car,0 days 00:00:18.759000,0 days 01:15:17.368000,1069.943611111111,8.0
2023-10-22 19:16:19.801,10969,263,7,100,False,0,car,0 days 00:00:18.959000,0 days 01:15:17.568000,1084.5547222222222,8.0
2023-10-22 19:16:20.040,10963,265,7,100,False,0,car,0 days 00:00:19.198000,0 days 01:15:17.807000,1102.1477777777777,8.0
2023-10-22 19:16:20.400,11092,265,7,100,False,0,car,0 days 00:00:19.558000,0 days 01:15:18.167000,1128.6477777777777,8.0
2023-10-22 19:16:20.560,11034,266,7,100,False,0,car,0 days 00:00:19.718000,0 days 01:15:18.327000,1140.47,8.0
2023-10-22 19:16:20.720,11011,265,7,76,False,0,car,0 days 00:00:19.878000,0 days 01:15:18.487000,1152.2477777777779,8.0
2023-10-22 19:16:20.920,11023,266,7,100,False,0,car,0 days 00:00:20.078000,0 days 01:15:18.687000,1167.0255555555557,8.0
2023-10-22 19:16:21.080,11007,266,7,100,False,0,car,0 days 00:00:20.238000,0 days 01:15:18.847000,1178.847777777778,8.0
2023-10-22 19:16:21.360,11105,267,7,98,False,0,car,0 days 00:00:20.518000,0 days 01:15:19.127000,1199.6144444444446,8.0
2023-10-22 19:16:21.520,10845,266,7,14,True,0,car,0 days 00:00:20.678000,0 days 01:15:19.287000,1211.436666666667,8.0
2023-10-22 19:16:21.760,10438,258,7,20,False,0,car,0 days 00:00:20.918000,0 days 01:15:19.527000,1228.6366666666668,8.0
2023-10-22 19:16:21.960,10344,252,7,35,False,0,car,0 days 00:00:21.118000,0 days 01:15:19.727000,1242.6366666666668,8.0
2023-10-22 19:16:22.160,10250,249,7,52,False,0,car,0 days 00:00:21.318000,0 days 01:15:19.927000,1256.4700000000003,8.0
2023-10-22 19:16:22.400,10306,246,7,82,False,0,car,0 days 00:00:21.558000,0 days 01:15:20.167000,1272.8700000000001,8.0
2023-10-22 19:16:22.640,9900,246,7,4,True,0,car,0 days 00:00:21.798000,0 days 01:15:20.407000,1289.27,8.0
2023-10-22 19:16:23.120,10673,227,7,2,True,0,car,0 days 00:00:22.278000,0 days 01:15:20.887000,1319.5366666666666,8.0
2023-10-22 19:16:23.321,10385,223,6,25,False,0,car,0 days 00:00:22.479000,0 days 01:15:21.088000,1331.9875,8.0
2023-10-22 19:16:23.601,10308,217,6,53,False,0,car,0 days 00:00:22.759000,0 days 01:15:21.368000,1348.8652777777777,8.0
2023-10-22 19:16:23.881,10376,217,6,67,False,0,car,0 days 00:00:23.039000,0 days 01:15:21.648000,1365.7430555555554,8.0
2023-10-22 19:16:24.241,10568,220,6,83,False,0,car,0 days 00:00:23.399000,0 days 01:15:22.008000,1387.7430555555554,8.0
2023-10-22 19:16:24.401,10133,223,6,2,False,0,car,0 days 00:00:23.559000,0 days 01:15:22.168000,1397.6541666666665,8.0
2023-10-22 19:16:24.681,9955,219,6,3,True,0,car,0 days 00:00:23.839000,0 days 01:15:22.448000,1414.6874999999995,8.0
2023-10-22 19:16:24.961,9618,210,6,4,True,0,car,0 days 00:00:24.119000,0 days 01:15:22.728000,1431.020833333333,8.0
2023-10-22 19:16:25.401,10552,199,6,3,False,0,car,0 days 00:00:24.559000,0 days 01:15:23.168000,1455.3430555555553,8.0
2023-10-22 19:16:25.601,10293,195,5,18,False,0,car,0 days 00:00:24.759000,0 days 01:15:23.368000,1466.1763888888886,8.0
2023-10-22 19:16:25.761,10301,191,5,2,False,0,car,0 days 00:00:24.919000,0 days 01:15:23.528000,1474.6652777777774,8.0
2023-10-22 19:16:26.001,10202,188,5,55,False,0,car,0 days 00:00:25.159000,0 days 01:15:23.768000,1487.1986111111107,8.0
2023-10-22 19:16:26.281,10109,190,5,61,False,0,car,0 days 00:00:25.439000,0 days 01:15:24.048000,1501.9763888888886,8.0
2023-10-22 19:16:26.561,9357,192,6,74,False,0,car,0 days 00:00:25.719000,0 days 01:15:24.328000,1516.909722222222,8.0
2023-10-22 19:16:26.960,9521,198,6,62,False,0,car,0 days 00:00:26.118000,0 days 01:15:24.727000,1538.8547222222219,8.0
2023-10-22 19:16:27.200,9600,199,6,58,False,0,car,0 days 00:00:26.358000,0 days 01:15:24.967000,1552.1213888888888,8.0
2023-10-22 19:16:28.320,9985,211,6,100,False,0,car,0 days 00:00:27.478000,0 days 01:15:26.087000,1617.7658333333334,8.0
2023-10-22 19:16:28.520,9172,209,6,2,True,0,car,0 days 00:00:27.678000,0 days 01:15:26.287000,1629.3769444444445,8.0
2023-10-22 19:16:28.800,9998,201,6,1,True,0,car,0 days 00:00:27.958000,0 days 01:15:26.567000,1645.0102777777777,8.0
2023-10-22 19:16:29.160,9734,187,5,3,True,0,car,0 days 00:00:28.318000,0 days 01:15:26.927000,1663.7102777777777,8.0
2023-10-22 19:16:29.480,9421,179,5,3,False,0,car,0 days 00:00:28.638000,0 days 01:15:27.247000,1679.6213888888888,8.0
2023-10-22 19:16:29.881,9058,171,5,20,False,0,car,0 days 00:00:29.039000,0 days 01:15:27.648000,1698.6688888888887,8.0
2023-10-22 19:16:30.081,9238,168,5,47,False,0,car,0 days 00:00:29.239000,0 days 01:15:27.848000,1708.002222222222,8.0
2023-10-22 19:16:30.321,9257,168,5,55,False,0,car,0 days 00:00:29.479000,0 days 01:15:28.088000,1719.2022222222217,8.0
2023-10-22 19:16:30.521,9495,171,5,65,False,0,car,0 days 00:00:29.679000,0 days 01:15:28.288000,1728.7022222222217,8.0
2023-10-22 19:16:30.681,9508,172,5,70,False,0,car,0 days 00:00:29.839000,0 days 01:15:28.448000,1736.3466666666661,8.0
2023-10-22 19:16:30.921,9840,179,5,74,False,0,car,0 days 00:00:30.079000,0 days 01:15:28.688000,1748.2799999999995,8.0
2023-10-22 19:16:31.241,10154,185,5,78,False,0,car,0 days 00:00:30.399000,0 days 01:15:29.008000,1764.724444444444,8.0
2023-10-22 19:16:31.401,9734,188,5,0,True,0,car,0 days 00:00:30.559000,0 days 01:15:29.168000,1773.0799999999997,8.0
2023-10-22 19:16:31.681,10224,174,5,0,True,0,car,0 days 00:00:30.839000,0 days 01:15:29.448000,1786.613333333333,8.0
2023-10-22 19:16:31.921,9813,161,4,0,True,0,car,0 days 00:00:31.079000,0 days 01:15:29.688000,1797.3466666666664,8.0
2023-10-22 19:16:32.161,9276,155,4,0,True,0,car,0 days 00:00:31.319000,0 days 01:15:29.928000,1807.6799999999996,8.0
2023-10-22 19:16:32.481,8747,147,4,3,True,0,car,0 days 00:00:31.639000,0 days 01:15:30.248000,1820.7466666666662,8.0
2023-10-22 19:16:32.761,8318,139,4,3,True,0,car,0 days 00:00:31.919000,0 days 01:15:30.528000,1831.5577777777773,8.0
2023-10-22 19:16:32.961,8033,134,4,0,True,0,car,0 days 00:00:32.119000,0 days 01:15:30.728000,1839.0022222222217,8.0
2023-10-22 19:16:33.201,7815,130,4,0,True,0,car,0 days 00:00:32.359000,0 days 01:15:30.968000,1847.6688888888884,8.0
2023-10-22 19:16:33.480,7458,124,4,0,False,0,car,0 days 00:00:32.638000,0 days 01:15:31.247000,1857.2788888888883,8.0
2023-10-22 19:16:33.640,7390,121,4,9,False,0,car,0 days 00:00:32.798000,0 days 01:15:31.407000,1862.6566666666663,8.0
2023-10-22 19:16:33.880,7654,119,4,36,False,0,car,0 days 00:00:33.038000,0 days 01:15:31.647000,1870.5899999999995,8.0
2023-10-22 19:16:34.160,7938,119,4,45,False,0,car,0 days 00:00:33.318000,0 days 01:15:31.927000,1879.8455555555552,8.0
2023-10-22 19:16:34.400,8287,124,4,60,False,0,car,0 days 00:00:33.558000,0 days 01:15:32.167000,1888.1122222222218,8.0
2023-10-22 19:16:34.680,8525,132,4,78,False,0,car,0 days 00:00:33.838000,0 days 01:15:32.447000,1898.3788888888885,8.0
2023-10-22 19:16:34.920,9260,144,4,93,False,0,car,0 days 00:00:34.078000,0 days 01:15:32.687000,1907.9788888888886,8.0
2023-10-22 19:16:35.200,9720,151,4,57,False,0,car,0 days 00:00:34.358000,0 days 01:15:32.967000,1919.723333333333,8.0
2023-10-22 19:16:35.600,9569,157,4,39,False,0,car,0 days 00:00:34.758000,0 days 01:15:33.367000,1937.1677777777777,8.0
2023-10-22 19:16:35.800,9793,155,4,39,False,0,car,0 days 00:00:34.958000,0 days 01:15:33.567000,1945.7788888888886,8.0
2023-10-22 19:16:36.200,10395,157,4,67,False,0,car,0 days 00:00:35.358000,0 days 01:15:33.967000,1963.223333333333,8.0
2023-10-22 19:16:36.681,10847,171,4,100,False,0,car,0 days 00:00:35.839000,0 days 01:15:34.448000,1986.070833333333,8.0
2023-10-22 19:16:36.881,10847,175,4,100,False,0,car,0 days 00:00:36.039000,0 days 01:15:34.648000,1995.7930555555554,8.0
2023-10-22 19:16:37.041,10847,179,4,100,False,0,car,0 days 00:00:36.199000,0 days 01:15:34.808000,2003.7486111111107,8.0
2023-10-22 19:16:37.201,10847,179,4,100,False,0,car,0 days 00:00:36.359000,0 days 01:15:34.968000,2011.7041666666664,8.0
2023-10-22 19:16:37.441,10469,182,4,100,False,0,car,0 days 00:00:36.599000,0 days 01:15:35.208000,2023.8374999999994,8.0
2023-10-22 19:16:37.721,10469,182,4,100,True,0,car,0 days 00:00:36.879000,0 days 01:15:35.488000,2037.993055555555,8.0
2023-10-22 19:16:38.041,11463,207,5,100,False,0,car,0 days 00:00:37.199000,0 days 01:15:35.808000,2056.393055555555,8.0
2023-10-22 19:16:38.201,11183,213,5,100,False,0,car,0 days 00:00:37.359000,0 days 01:15:35.968000,2065.8597222222215,8.0
2023-10-22 19:16:38.441,10641,224,6,100,False,0,car,0 days 00:00:37.599000,0 days 01:15:36.208000,2080.7930555555545,8.0
2023-10-22 19:16:38.601,10863,224,6,100,False,0,car,0 days 00:00:37.759000,0 days 01:15:36.368000,2090.74861111111,8.0
2023-10-22 19:16:38.881,11330,234,6,100,False,0,car,0 days 00:00:38.039000,0 days 01:15:36.648000,2108.9486111111105,8.0
2023-10-22 19:16:39.041,11373,235,6,99,False,0,car,0 days 00:00:38.199000,0 days 01:15:36.808000,2119.393055555555,8.0
2023-10-22 19:16:39.321,11654,241,6,100,False,0,car,0 days 00:00:38.479000,0 days 01:15:37.088000,2138.1374999999994,8.0
2023-10-22 19:16:39.521,10459,243,6,100,False,0,car,0 days 00:00:38.679000,0 days 01:15:37.288000,2151.6374999999994,8.0
2023-10-22 19:16:39.881,10541,250,7,100,False,0,car,0 days 00:00:39.039000,0 days 01:15:37.648000,2176.6374999999994,8.0
2023-10-22 19:16:40.121,10660,253,7,100,False,0,car,0 days 00:00:39.279000,0 days 01:15:37.888000,2193.504166666666,8.0
2023-10-22 19:16:40.280,10671,256,7,100,False,0,car,0 days 00:00:39.438000,0 days 01:15:38.047000,2204.8108333333325,8.0
2023-10-22 19:16:40.560,10937,261,7,99,False,0,car,0 days 00:00:39.718000,0 days 01:15:38.327000,2225.1108333333327,8.0
2023-10-22 19:16:40.720,11018,265,7,99,False,0,car,0 days 00:00:39.878000,0 days 01:15:38.487000,2236.88861111111,8.0
2023-10-22 19:16:41.000,11195,268,7,100,False,0,car,0 days 00:00:40.158000,0 days 01:15:38.767000,2257.7330555555545,8.0
2023-10-22 19:16:41.200,11305,271,7,100,False,0,car,0 days 00:00:40.358000,0 days 01:15:38.967000,2272.7886111111097,8.0
2023-10-22 19:16:41.360,11393,274,7,99,False,0,car,0 days 00:00:40.518000,0 days 01:15:39.127000,2284.9663888888876,8.0
2023-10-22 19:16:41.520,11474,276,7,99,False,0,car,0 days 00:00:40.678000,0 days 01:15:39.287000,2297.233055555554,8.0
2023-10-22 19:16:41.760,10671,279,7,100,False,0,car,0 days 00:00:40.918000,0 days 01:15:39.527000,2315.8330555555544,8.0
2023-10-22 19:16:41.920,10319,281,7,100,False,0,car,0 days 00:00:41.078000,0 days 01:15:39.687000,2328.3219444444435,8.0
2023-10-22 19:16:42.160,10209,282,8,88,False,0,car,0 days 00:00:41.318000,0 days 01:15:39.927000,2347.121944444443,8.0
2023-10-22 19:16:42.600,9786,272,8,0,False,0,car,0 days 00:00:41.758000,0 days 01:15:40.367000,2380.366388888888,8.0
2023-10-22 19:16:42.760,9526,264,8,0,True,0,car,0 days 00:00:41.918000,0 days 01:15:40.527000,2392.0997222222213,8.0
2023-10-22 19:16:43.041,9552,235,8,0,True,0,car,0 days 00:00:42.199000,0 days 01:15:40.808000,2410.442777777777,8.0
2023-10-22 19:16:43.201,9125,224,8,0,True,0,car,0 days 00:00:42.359000,0 days 01:15:40.968000,2420.3983333333326,8.0
2023-10-22 19:16:43.441,9180,198,7,0,True,0,car,0 days 00:00:42.599000,0 days 01:15:41.208000,2433.5983333333324,8.0
2023-10-22 19:16:43.601,9249,189,7,0,True,0,car,0 days 00:00:42.759000,0 days 01:15:41.368000,2441.9983333333325,8.0
2023-10-22 19:16:43.801,8915,177,6,0,True,0,car,0 days 00:00:42.959000,0 days 01:15:41.568000,2451.831666666666,8.0
2023-10-22 19:16:44.081,8837,162,5,0,True,0,car,0 days 00:00:43.239000,0 days 01:15:41.848000,2464.431666666666,8.0
2023-10-22 19:16:44.441,9095,133,5,0,True,0,car,0 days 00:00:43.599000,0 days 01:15:42.208000,2477.731666666666,8.0
2023-10-22 19:16:44.601,8199,122,3,0,True,0,car,0 days 00:00:43.759000,0 days 01:15:42.368000,2483.1538888888886,8.0
2023-10-22 19:16:44.841,7280,107,3,0,True,0,car,0 days 00:00:43.999000,0 days 01:15:42.608000,2490.2872222222218,8.0
2023-10-22 19:16:45.281,6516,94,3,0,True,0,car,0 days 00:00:44.439000,0 days 01:15:43.048000,2501.776111111111,8.0
2023-10-22 19:16:45.441,6315,90,3,0,True,0,car,0 days 00:00:44.599000,0 days 01:15:43.208000,2505.776111111111,8.0
2023-10-22 19:16:45.921,5629,82,3,0,True,0,car,0 days 00:00:45.079000,0 days 01:15:43.688000,2516.709444444444,8.0
2023-10-22 19:16:46.161,5354,78,3,0,False,0,car,0 days 00:00:45.319000,0 days 01:15:43.928000,2521.909444444444,8.0
2023-10-22 19:16:46.361,5013,76,3,0,True,0,car,0 days 00:00:45.519000,0 days 01:15:44.128000,2526.131666666666,8.0
2023-10-22 19:16:46.601,4865,72,3,0,False,0,car,0 days 00:00:45.759000,0 days 01:15:44.368000,2530.9316666666664,8.0
2023-10-22 19:16:46.920,4841,66,3,3,False,0,car,0 days 00:00:46.078000,0 days 01:15:44.687000,2536.7799999999997,8.0
2023-10-22 19:16:47.240,5320,68,3,15,False,0,car,0 days 00:00:46.398000,0 days 01:15:45.007000,2542.824444444444,8.0
2023-10-22 19:16:47.400,5326,68,3,19,False,0,car,0 days 00:00:46.558000,0 days 01:15:45.167000,2545.8466666666664,8.0
2023-10-22 19:16:47.760,5529,74,3,26,False,0,car,0 days 00:00:46.918000,0 days 01:15:45.527000,2553.2466666666664,8.0
2023-10-22 19:16:47.960,6245,77,3,39,False,0,car,0 days 00:00:47.118000,0 days 01:15:45.727000,2557.5244444444443,8.0
2023-10-22 19:16:48.240,6722,85,3,41,False,0,car,0 days 00:00:47.398000,0 days 01:15:46.007000,2564.1355555555556,8.0
2023-10-22 19:16:48.480,7404,90,3,44,False,0,car,0 days 00:00:47.638000,0 days 01:15:46.247000,2570.1355555555556,8.0
2023-10-22 19:16:48.720,7567,98,3,48,False,0,car,0 days 00:00:47.878000,0 days 01:15:46.487000,2576.668888888889,8.0
2023-10-22 19:16:48.880,7722,100,3,54,False,0,car,0 days 00:00:48.038000,0 days 01:15:46.647000,2581.1133333333332,8.0
2023-10-22 19:16:49.040,8324,109,3,60,False,0,car,0 days 00:00:48.198000,0 days 01:15:46.807000,2585.9577777777777,8.0
2023-10-22 19:16:49.320,9022,119,3,67,False,0,car,0 days 00:00:48.478000,0 days 01:15:47.087000,2595.213333333333,8.0
2023-10-22 19:16:49.761,10744,138,3,93,False,0,car,0 days 00:00:48.919000,0 days 01:15:47.528000,2612.118333333333,8.0
2023-10-22 19:16:50.081,12081,148,3,100,False,0,car,0 days 00:00:49.239000,0 days 01:15:47.848000,2625.2738888888885,8.0
2023-10-22 19:16:50.401,11025,166,4,100,False,8,car,0 days 00:00:49.559000,0 days 01:15:48.168000,2640.029444444444,8.0
2023-10-22 19:16:50.601,11321,170,4,100,False,8,car,0 days 00:00:49.759000,0 days 01:15:48.368000,2649.4738888888887,8.0
2023-10-22 19:16:50.761,11520,182,4,100,False,8,car,0 days 00:00:49.919000,0 days 01:15:48.528000,2657.5627777777772,8.0
2023-10-22 19:16:50.961,10680,186,4,100,False,8,car,0 days 00:00:50.119000,0 days 01:15:48.728000,2667.8961111111107,8.0
2023-10-22 19:16:51.201,10940,197,5,100,False,8,car,0 days 00:00:50.359000,0 days 01:15:48.968000,2681.0294444444444,8.0
2023-10-22 19:16:51.361,11222,203,5,100,False,8,car,0 days 00:00:50.519000,0 days 01:15:49.128000,2690.0516666666663,8.0
2023-10-22 19:16:51.521,11364,209,5,100,False,8,car,0 days 00:00:50.679000,0 days 01:15:49.288000,2699.3405555555555,8.0
2023-10-22 19:16:51.761,11459,215,5,100,False,8,car,0 days 00:00:50.919000,0 days 01:15:49.528000,2713.6738888888885,8.0
2023-10-22 19:16:52.081,10677,222,6,100,False,8,car,0 days 00:00:51.239000,0 days 01:15:49.848000,2733.407222222222,8.0
2023-10-22 19:16:52.241,10754,227,6,100,False,8,car,0 days 00:00:51.399000,0 days 01:15:50.008000,2743.496111111111,8.0
2023-10-22 19:16:52.401,10956,229,6,100,False,8,car,0 days 00:00:51.559000,0 days 01:15:50.168000,2753.6738888888885,8.0
2023-10-22 19:16:52.681,11246,235,6,100,False,8,car,0 days 00:00:51.839000,0 days 01:15:50.448000,2771.9516666666664,8.0
2023-10-22 19:16:52.881,11391,239,6,100,False,8,car,0 days 00:00:52.039000,0 days 01:15:50.648000,2785.229444444444,8.0
2023-10-22 19:16:53.281,10716,243,6,100,False,8,car,0 days 00:00:52.439000,0 days 01:15:51.048000,2812.229444444444,8.0
2023-10-22 19:16:53.441,10372,250,6,100,False,8,car,0 days 00:00:52.599000,0 days 01:15:51.208000,2823.340555555555,8.0
2023-10-22 19:16:53.601,10508,250,7,100,False,14,car,0 days 00:00:52.759000,0 days 01:15:51.368000,2834.4516666666664,8.0
2023-10-22 19:16:53.880,10688,257,7,100,False,14,car,0 days 00:00:53.038000,0 days 01:15:51.647000,2854.369166666666,8.0
2023-10-22 19:16:54.080,10811,260,7,100,False,12,car,0 days 00:00:53.238000,0 days 01:15:51.847000,2868.8136111111107,8.0
2023-10-22 19:16:54.320,11136,265,7,100,False,12,car,0 days 00:00:53.478000,0 days 01:15:52.087000,2886.4802777777777,8.0
2023-10-22 19:16:54.520,11256,268,7,100,False,12,car,0 days 00:00:53.678000,0 days 01:15:52.287000,2901.3691666666664,8.0
2023-10-22 19:16:54.720,11466,271,7,100,False,12,car,0 days 00:00:53.878000,0 days 01:15:52.487000,2916.424722222222,8.0
2023-10-22 19:16:54.960,11428,272,7,100,False,12,car,0 days 00:00:54.118000,0 days 01:15:52.727000,2934.5580555555557,8.0
2023-10-22 19:16:55.120,11520,277,7,100,False,12,car,0 days 00:00:54.278000,0 days 01:15:52.887000,2946.8691666666664,8.0
2023-10-22 19:16:55.280,11617,278,7,100,False,12,car,0 days 00:00:54.438000,0 days 01:15:53.047000,2959.224722222222,8.0
2023-10-22 19:16:55.480,10637,281,7,100,False,12,car,0 days 00:00:54.638000,0 days 01:15:53.247000,2974.835833333333,8.0
2023-10-22 19:16:55.720,10575,284,8,100,False,12,car,0 days 00:00:54.878000,0 days 01:15:53.487000,2993.7691666666665,8.0
2023-10-22 19:16:56.081,10687,288,8,100,False,12,car,0 days 00:00:55.239000,0 days 01:15:53.848000,3022.649166666666,8.0
2023-10-22 19:16:56.321,10771,291,8,100,False,12,car,0 days 00:00:55.479000,0 days 01:15:54.088000,3042.049166666666,8.0
2023-10-22 19:16:56.601,10845,294,8,100,False,12,car,0 days 00:00:55.759000,0 days 01:15:54.368000,3064.915833333333,8.0
2023-10-22 19:16:56.841,10888,296,8,100,False,12,car,0 days 00:00:55.999000,0 days 01:15:54.608000,3084.6491666666666,8.0
2023-10-22 19:16:57.201,11052,298,8,100,False,12,car,0 days 00:00:56.359000,0 days 01:15:54.968000,3114.4491666666663,8.0
2023-10-22 19:16:57.361,11121,300,8,100,False,12,car,0 days 00:00:56.519000,0 days 01:15:55.128000,3127.7824999999993,8.0
2023-10-22 19:16:57.641,11157,303,8,100,False,12,car,0 days 00:00:56.799000,0 days 01:15:55.408000,3151.349166666666,8.0
2023-10-22 19:16:58.001,11222,304,8,100,False,12,car,0 days 00:00:57.159000,0 days 01:15:55.768000,3181.749166666666,8.0
2023-10-22 19:16:58.241,11275,306,8,100,False,12,car,0 days 00:00:57.399000,0 days 01:15:56.008000,3202.149166666666,8.0
2023-10-22 19:16:58.681,11162,308,8,100,False,12,car,0 days 00:00:57.839000,0 days 01:15:56.448000,3239.7936111111103,8.0
2023-10-22 19:16:58.961,11409,309,8,100,False,12,car,0 days 00:00:58.119000,0 days 01:15:56.728000,3263.8269444444436,8.0
2023-10-22 19:16:59.241,11392,310,8,100,False,12,car,0 days 00:00:58.399000,0 days 01:15:57.008000,3287.938055555555,8.0
2023-10-22 19:16:59.601,11443,312,8,100,False,12,car,0 days 00:00:58.759000,0 days 01:15:57.368000,3319.1380555555547,8.0
2023-10-22 19:16:59.841,11501,313,8,100,False,12,car,0 days 00:00:58.999000,0 days 01:15:57.608000,3340.0047222222215,8.0
2023-10-22 19:17:00.041,11545,313,8,100,False,12,car,0 days 00:00:59.199000,0 days 01:15:57.808000,3357.39361111111,8.0
2023-10-22 19:17:00.321,11565,315,8,100,False,12,car,0 days 00:00:59.479000,0 days 01:15:58.088000,3381.89361111111,8.0
2023-10-22 19:17:00.600,11629,315,8,100,False,12,car,0 days 00:00:59.758000,0 days 01:15:58.367000,3406.3061111111106,8.0
2023-10-22 19:17:00.880,11779,316,8,100,False,12,car,0 days 00:01:00.038000,0 days 01:15:58.647000,3430.8838888888877,8.0
2023-10-22 19:17:01.040,11379,316,8,100,False,12,car,0 days 00:01:00.198000,0 days 01:15:58.807000,3444.9283333333324,8.0
2023-10-22 19:17:01.240,11665,316,8,100,False,12,car,0 days 00:01:00.398000,0 days 01:15:59.007000,3462.483888888888,8.0
2023-10-22 19:17:01.400,11651,317,8,100,False,12,car,0 days 00:01:00.558000,0 days 01:15:59.167000,3476.5727777777765,8.0
2023-10-22 19:17:01.600,11665,317,8,100,False,12,car,0 days 00:01:00.758000,0 days 01:15:59.367000,3494.183888888888,8.0
2023-10-22 19:17:01.960,11305,312,8,0,False,0,car,0 days 00:01:01.118000,0 days 01:15:59.727000,3525.3838888888877,8.0
2023-10-22 19:17:02.160,11308,305,8,0,False,0,car,0 days 00:01:01.318000,0 days 01:15:59.927000,3542.3283333333316,8.0
2023-10-22 19:17:02.360,10748,300,8,0,False,0,car,0 days 00:01:01.518000,0 days 01:16:00.127000,3558.9949999999985,8.0
2023-10-22 19:17:02.520,10379,287,8,0,True,0,car,0 days 00:01:01.678000,0 days 01:16:00.287000,3571.750555555554,8.0
2023-10-22 19:17:02.801,10218,263,8,0,True,0,car,0 days 00:01:01.959000,0 days 01:16:00.568000,3592.2791666666653,8.0
2023-10-22 19:17:03.041,9492,244,7,0,True,0,car,0 days 00:01:02.199000,0 days 01:16:00.808000,3608.5458333333318,8.0
2023-10-22 19:17:03.281,9745,215,6,0,True,0,car,0 days 00:01:02.439000,0 days 01:16:01.048000,3622.8791666666652,8.0
2023-10-22 19:17:03.641,9801,185,5,0,True,0,car,0 days 00:01:02.799000,0 days 01:16:01.408000,3641.3791666666652,8.0
2023-10-22 19:17:03.841,9125,173,5,0,True,0,car,0 days 00:01:02.999000,0 days 01:16:01.608000,3650.9902777777766,8.0
2023-10-22 19:17:04.081,9436,159,5,0,True,0,car,0 days 00:01:03.239000,0 days 01:16:01.848000,3661.5902777777765,8.0
2023-10-22 19:17:04.361,9664,138,5,0,True,0,car,0 days 00:01:03.519000,0 days 01:16:02.128000,3672.32361111111,8.0
2023-10-22 19:17:04.641,8718,127,3,0,True,0,car,0 days 00:01:03.799000,0 days 01:16:02.408000,3682.201388888888,8.0
2023-10-22 19:17:05.041,7540,107,3,0,True,0,car,0 days 00:01:04.199000,0 days 01:16:02.808000,3694.0902777777765,8.0
2023-10-22 19:17:05.321,6868,98,3,0,True,0,car,0 days 00:01:04.479000,0 days 01:16:03.088000,3701.7124999999987,8.0
2023-10-22 19:17:05.521,6496,93,3,0,True,0,car,0 days 00:01:04.679000,0 days 01:16:03.288000,3706.8791666666652,8.0
2023-10-22 19:17:05.921,6008,86,3,0,True,0,car,0 days 00:01:05.079000,0 days 01:16:03.688000,3716.4347222222204,8.0
2023-10-22 19:17:06.161,5668,83,3,0,False,0,car,0 days 00:01:05.319000,0 days 01:16:03.928000,3721.968055555554,8.0
2023-10-22 19:17:06.321,5618,81,3,1,False,0,car,0 days 00:01:05.479000,0 days 01:16:04.088000,3725.568055555554,8.0
2023-10-22 19:17:06.681,6010,79,3,32,False,0,car,0 days 00:01:05.839000,0 days 01:16:04.448000,3733.468055555554,8.0
2023-10-22 19:17:06.841,6405,82,3,36,False,0,car,0 days 00:01:05.999000,0 days 01:16:04.608000,3737.1124999999984,8.0
2023-10-22 19:17:07.041,6618,86,3,41,False,0,car,0 days 00:01:06.199000,0 days 01:16:04.808000,3741.890277777776,8.0
2023-10-22 19:17:07.280,7180,91,3,49,False,0,car,0 days 00:01:06.438000,0 days 01:16:05.047000,3747.931666666665,8.0
2023-10-22 19:17:07.440,7360,97,3,50,False,0,car,0 days 00:01:06.598000,0 days 01:16:05.207000,3752.242777777776,8.0
2023-10-22 19:17:07.680,8196,103,3,63,False,0,car,0 days 00:01:06.838000,0 days 01:16:05.447000,3759.1094444444425,8.0
2023-10-22 19:17:07.880,8655,111,3,73,False,0,car,0 days 00:01:07.038000,0 days 01:16:05.647000,3765.2761111111095,8.0
2023-10-22 19:17:08.200,9966,124,3,72,False,0,car,0 days 00:01:07.358000,0 days 01:16:05.967000,3776.298333333332,8.0
2023-10-22 19:17:08.400,10750,132,3,100,False,0,car,0 days 00:01:07.558000,0 days 01:16:06.167000,3783.6316666666653,8.0
2023-10-22 19:17:08.720,11510,152,3,100,False,0,car,0 days 00:01:07.878000,0 days 01:16:06.487000,3797.1427777777762,8.0
2023-10-22 19:17:09.000,10460,160,4,100,False,0,car,0 days 00:01:08.158000,0 days 01:16:06.767000,3809.5872222222206,8.0
2023-10-22 19:17:09.441,11307,179,4,100,False,0,car,0 days 00:01:08.599000,0 days 01:16:07.208000,3831.514722222221,8.0
2023-10-22 19:17:09.801,10312,187,4,100,False,0,car,0 days 00:01:08.959000,0 days 01:16:07.568000,3850.2147222222206,8.0
2023-10-22 19:17:10.241,10229,172,5,0,True,0,car,0 days 00:01:09.399000,0 days 01:16:08.008000,3871.2369444444425,8.0
2023-10-22 19:17:10.561,10252,148,5,0,True,0,car,0 days 00:01:09.719000,0 days 01:16:08.328000,3884.3924999999977,8.0
2023-10-22 19:17:10.881,9466,131,3,0,True,0,car,0 days 00:01:10.039000,0 days 01:16:08.648000,3896.0369444444423,8.0
2023-10-22 19:17:11.281,7867,124,3,0,True,0,car,0 days 00:01:10.439000,0 days 01:16:09.048000,3909.8147222222196,8.0
2023-10-22 19:17:11.681,7209,106,3,0,True,0,car,0 days 00:01:10.839000,0 days 01:16:09.448000,3921.5924999999975,8.0
2023-10-22 19:17:12.081,6932,98,3,1,True,0,car,0 days 00:01:11.239000,0 days 01:16:09.848000,3932.4813888888866,8.0
2023-10-22 19:17:12.321,6740,95,3,1,False,0,car,0 days 00:01:11.479000,0 days 01:16:10.088000,3938.8147222222196,8.0
2023-10-22 19:17:12.681,6286,92,3,0,False,0,car,0 days 00:01:11.839000,0 days 01:16:10.448000,3948.0147222222195,8.0
2023-10-22 19:17:13.121,6626,87,3,26,False,0,car,0 days 00:01:12.279000,0 days 01:16:10.888000,3958.6480555555527,8.0
2023-10-22 19:17:13.321,6846,88,3,30,False,0,car,0 days 00:01:12.479000,0 days 01:16:11.088000,3963.536944444442,8.0
2023-10-22 19:17:13.481,7011,90,3,37,False,0,car,0 days 00:01:12.639000,0 days 01:16:11.248000,3967.536944444442,8.0
2023-10-22 19:17:13.641,7135,93,3,37,False,0,car,0 days 00:01:12.799000,0 days 01:16:11.408000,3971.6702777777755,8.0
2023-10-22 19:17:13.920,7582,94,3,42,False,0,car,0 days 00:01:13.078000,0 days 01:16:11.687000,3978.9552777777753,8.0
2023-10-22 19:17:14.160,8016,102,3,44,False,0,car,0 days 00:01:13.318000,0 days 01:16:11.927000,3985.755277777775,8.0
2023-10-22 19:17:14.560,8599,111,3,54,False,0,car,0 days 00:01:13.718000,0 days 01:16:12.327000,3998.0886111111085,8.0
2023-10-22 19:17:14.720,9127,114,3,60,False,0,car,0 days 00:01:13.878000,0 days 01:16:12.487000,4003.155277777775,8.0
2023-10-22 19:17:15.000,9896,121,3,62,False,0,car,0 days 00:01:14.158000,0 days 01:16:12.767000,4012.566388888886,8.0
2023-10-22 19:17:15.240,10324,133,3,69,False,0,car,0 days 00:01:14.398000,0 days 01:16:13.007000,4021.4330555555525,8.0
2023-10-22 19:17:15.640,10984,143,3,77,False,0,car,0 days 00:01:14.798000,0 days 01:16:13.407000,4037.3219444444417,8.0
2023-10-22 19:17:15.961,10735,155,3,100,False,0,car,0 days 00:01:15.119000,0 days 01:16:13.728000,4051.142777777775,8.0
2023-10-22 19:17:16.121,10615,165,4,100,False,0,car,0 days 00:01:15.279000,0 days 01:16:13.888000,4058.476111111108,8.0
2023-10-22 19:17:16.441,11125,174,4,100,False,0,car,0 days 00:01:15.599000,0 days 01:16:14.208000,4073.942777777775,8.0
2023-10-22 19:17:16.601,10850,177,4,99,False,0,car,0 days 00:01:15.759000,0 days 01:16:14.368000,4081.8094444444414,8.0
2023-10-22 19:17:16.921,10325,187,5,100,False,0,car,0 days 00:01:16.079000,0 days 01:16:14.688000,4098.431666666664,8.0
2023-10-22 19:17:17.121,9313,187,5,0,True,0,car,0 days 00:01:16.279000,0 days 01:16:14.888000,4108.820555555552,8.0
2023-10-22 19:17:17.481,9835,175,5,0,True,0,car,0 days 00:01:16.639000,0 days 01:16:15.248000,4126.320555555552,8.0
2023-10-22 19:17:17.681,9870,157,4,0,True,0,car,0 days 00:01:16.839000,0 days 01:16:15.448000,4135.042777777775,8.0
2023-10-22 19:17:17.961,9824,143,4,0,True,0,car,0 days 00:01:17.119000,0 days 01:16:15.728000,4146.164999999997,8.0
2023-10-22 19:17:18.201,9404,135,3,0,True,0,car,0 days 00:01:17.359000,0 days 01:16:15.968000,4155.164999999997,8.0
2023-10-22 19:17:18.401,8678,127,3,0,True,0,car,0 days 00:01:17.559000,0 days 01:16:16.168000,4162.220555555553,8.0
2023-10-22 19:17:18.761,7936,114,3,0,True,0,car,0 days 00:01:17.919000,0 days 01:16:16.528000,4173.6205555555525,8.0
2023-10-22 19:17:19.041,7393,106,3,0,True,0,car,0 days 00:01:18.199000,0 days 01:16:16.808000,4181.864999999997,8.0
2023-10-22 19:17:19.361,6964,100,3,0,True,0,car,0 days 00:01:18.519000,0 days 01:16:17.128000,4190.753888888886,8.0
2023-10-22 19:17:19.601,6571,96,3,0,False,0,car,0 days 00:01:18.759000,0 days 01:16:17.368000,4197.153888888885,8.0
2023-10-22 19:17:20.001,6021,89,3,0,True,0,car,0 days 00:01:19.159000,0 days 01:16:17.768000,4207.042777777774,8.0
2023-10-22 19:17:20.321,5725,82,3,0,True,0,car,0 days 00:01:19.479000,0 days 01:16:18.088000,4214.331666666662,8.0
2023-10-22 19:17:20.600,5475,80,3,0,False,0,car,0 days 00:01:19.758000,0 days 01:16:18.367000,4220.531666666662,8.0
2023-10-22 19:17:20.800,5285,79,3,2,False,0,car,0 days 00:01:19.958000,0 days 01:16:18.567000,4224.920555555551,8.0
2023-10-22 19:17:20.960,5633,77,3,16,False,0,car,0 days 00:01:20.118000,0 days 01:16:18.727000,4228.342777777773,8.0
2023-10-22 19:17:21.200,5933,76,3,32,False,0,car,0 days 00:01:20.358000,0 days 01:16:18.967000,4233.40944444444,8.0
2023-10-22 19:17:21.520,6538,83,3,41,False,0,car,0 days 00:01:20.678000,0 days 01:16:19.287000,4240.787222222218,8.0
2023-10-22 19:17:21.880,7213,91,3,52,False,0,car,0 days 00:01:21.038000,0 days 01:16:19.647000,4249.887222222218,8.0
2023-10-22 19:17:22.120,7985,100,3,55,False,0,car,0 days 00:01:21.278000,0 days 01:16:19.887000,4256.553888888885,8.0
2023-10-22 19:17:22.320,8172,106,3,57,False,0,car,0 days 00:01:21.478000,0 days 01:16:20.087000,4262.442777777774,8.0
2023-10-22 19:17:22.601,8838,113,3,76,False,0,car,0 days 00:01:21.759000,0 days 01:16:20.368000,4271.263055555552,8.0
2023-10-22 19:17:22.841,9918,127,3,82,False,0,car,0 days 00:01:21.999000,0 days 01:16:20.608000,4279.729722222218,8.0
2023-10-22 19:17:23.001,10448,131,3,83,False,0,car,0 days 00:01:22.159000,0 days 01:16:20.768000,4285.551944444441,8.0
2023-10-22 19:17:23.281,11301,146,3,100,False,0,car,0 days 00:01:22.439000,0 days 01:16:21.048000,4296.907499999996,8.0
2023-10-22 19:17:23.721,10468,164,3,100,False,0,car,0 days 00:01:22.879000,0 days 01:16:21.488000,4316.95194444444,8.0
2023-10-22 19:17:23.921,11098,176,4,99,False,0,car,0 days 00:01:23.079000,0 days 01:16:21.688000,4326.729722222218,8.0
2023-10-22 19:17:24.241,11477,187,4,100,False,0,car,0 days 00:01:23.399000,0 days 01:16:22.008000,4343.35194444444,8.0
2023-10-22 19:17:24.401,10655,187,4,100,False,0,car,0 days 00:01:23.559000,0 days 01:16:22.168000,4351.663055555551,8.0
2023-10-22 19:17:24.601,10898,197,5,100,False,0,car,0 days 00:01:23.759000,0 days 01:16:22.368000,4362.6074999999955,8.0
2023-10-22 19:17:24.921,11445,207,5,100,False,0,car,0 days 00:01:24.079000,0 days 01:16:22.688000,4381.007499999995,8.0
2023-10-22 19:17:25.241,11626,211,5,100,False,0,car,0 days 00:01:24.399000,0 days 01:16:23.008000,4399.763055555552,8.0
2023-10-22 19:17:25.521,10520,220,6,92,False,0,car,0 days 00:01:24.679000,0 days 01:16:23.288000,4416.874166666663,8.0
2023-10-22 19:17:25.761,10424,222,6,67,False,0,car,0 days 00:01:24.919000,0 days 01:16:23.528000,4431.674166666662,8.0
2023-10-22 19:17:26.121,10460,222,6,61,False,0,car,0 days 00:01:25.279000,0 days 01:16:23.888000,4453.874166666662,8.0
2023-10-22 19:17:26.401,10640,223,6,75,False,0,car,0 days 00:01:25.559000,0 days 01:16:24.168000,4471.218611111107,8.0
2023-10-22 19:17:26.801,10928,227,6,87,False,0,car,0 days 00:01:25.959000,0 days 01:16:24.568000,4496.4408333333295,8.0
2023-10-22 19:17:27.041,10906,230,6,72,False,0,car,0 days 00:01:26.199000,0 days 01:16:24.808000,4511.7741666666625,8.0
2023-10-22 19:17:27.241,10856,229,6,68,False,0,car,0 days 00:01:26.399000,0 days 01:16:25.008000,4524.496388888885,8.0
2023-10-22 19:17:27.600,10993,231,6,78,False,0,car,0 days 00:01:26.758000,0 days 01:16:25.367000,4547.5322222222185,8.0
2023-10-22 19:17:27.880,11272,232,6,86,False,0,car,0 days 00:01:27.038000,0 days 01:16:25.647000,4565.576666666663,8.0
2023-10-22 19:17:28.120,11258,235,6,93,False,0,car,0 days 00:01:27.278000,0 days 01:16:25.887000,4581.24333333333,8.0
2023-10-22 19:17:28.400,11573,238,6,100,False,0,car,0 days 00:01:27.558000,0 days 01:16:26.167000,4599.754444444441,8.0
2023-10-22 19:17:28.640,11664,243,6,100,False,0,car,0 days 00:01:27.798000,0 days 01:16:26.407000,4615.954444444441,8.0
2023-10-22 19:17:28.880,11664,245,6,100,False,0,car,0 days 00:01:28.038000,0 days 01:16:26.647000,4632.287777777774,8.0
2023-10-22 19:17:29.081,10532,248,7,100,False,0,car,0 days 00:01:28.239000,0 days 01:16:26.848000,4646.134444444441,8.0
2023-10-22 19:17:29.481,10516,251,7,100,False,0,car,0 days 00:01:28.639000,0 days 01:16:27.248000,4674.02333333333,8.0
2023-10-22 19:17:29.681,10573,253,7,100,False,0,car,0 days 00:01:28.839000,0 days 01:16:27.448000,4688.078888888886,8.0
2023-10-22 19:17:29.841,10573,253,7,100,False,0,car,0 days 00:01:28.999000,0 days 01:16:27.608000,4699.32333333333,8.0
2023-10-22 19:17:30.121,10658,255,7,100,False,0,car,0 days 00:01:29.279000,0 days 01:16:27.888000,4719.156666666663,8.0
2023-10-22 19:17:30.361,10722,256,7,100,False,0,car,0 days 00:01:29.519000,0 days 01:16:28.128000,4736.223333333331,8.0
2023-10-22 19:17:30.641,10745,258,7,100,False,0,car,0 days 00:01:29.799000,0 days 01:16:28.408000,4756.289999999997,8.0
2023-10-22 19:17:30.961,10819,259,7,99,False,0,car,0 days 00:01:30.119000,0 days 01:16:28.728000,4779.312222222219,8.0
2023-10-22 19:17:31.321,10856,261,7,100,False,0,car,0 days 00:01:30.479000,0 days 01:16:29.088000,4805.4122222222195,8.0
2023-10-22 19:17:31.721,10941,264,7,100,False,0,car,0 days 00:01:30.879000,0 days 01:16:29.488000,4834.745555555553,8.0
2023-10-22 19:17:32.041,11010,266,7,99,False,0,car,0 days 00:01:31.199000,0 days 01:16:29.808000,4858.389999999998,8.0
2023-10-22 19:17:32.281,11052,253,7,0,True,0,car,0 days 00:01:31.439000,0 days 01:16:30.048000,4875.2566666666635,8.0
2023-10-22 19:17:32.481,10212,236,7,0,True,0,car,0 days 00:01:31.639000,0 days 01:16:30.248000,4888.367777777775,8.0
2023-10-22 19:17:32.761,9831,212,6,0,True,0,car,0 days 00:01:31.919000,0 days 01:16:30.528000,4904.856666666664,8.0
2023-10-22 19:17:32.921,10391,202,6,0,True,0,car,0 days 00:01:32.079000,0 days 01:16:30.688000,4913.834444444441,8.0
2023-10-22 19:17:33.081,10078,196,5,0,True,0,car,0 days 00:01:32.239000,0 days 01:16:30.848000,4922.545555555553,8.0
2023-10-22 19:17:33.361,9667,185,5,0,True,0,car,0 days 00:01:32.519000,0 days 01:16:31.128000,4936.934444444441,8.0
2023-10-22 19:17:33.601,9390,180,5,0,True,0,car,0 days 00:01:32.759000,0 days 01:16:31.368000,4948.934444444441,8.0
2023-10-22 19:17:33.801,9189,175,5,1,False,0,car,0 days 00:01:32.959000,0 days 01:16:31.568000,4958.656666666664,8.0
2023-10-22 19:17:34.240,9258,169,5,40,False,0,car,0 days 00:01:33.398000,0 days 01:16:32.007000,4979.265277777775,8.0
2023-10-22 19:17:34.680,9614,172,5,70,False,0,car,0 days 00:01:33.838000,0 days 01:16:32.447000,5000.287499999997,8.0
2023-10-22 19:17:34.880,10032,177,5,99,False,0,car,0 days 00:01:34.038000,0 days 01:16:32.647000,5010.12083333333,8.0
2023-10-22 19:17:35.080,10347,183,5,100,False,0,car,0 days 00:01:34.238000,0 days 01:16:32.847000,5020.287499999997,8.0
2023-10-22 19:17:35.521,10965,199,5,100,False,0,car,0 days 00:01:34.679000,0 days 01:16:33.288000,5044.664999999997,8.0
2023-10-22 19:17:36.441,10447,222,6,100,False,0,car,0 days 00:01:35.599000,0 days 01:16:34.208000,5101.398333333331,8.0
2023-10-22 19:17:36.801,10806,227,6,100,False,0,car,0 days 00:01:35.959000,0 days 01:16:34.568000,5124.098333333331,8.0
2023-10-22 19:17:37.001,10888,230,6,100,False,0,car,0 days 00:01:36.159000,0 days 01:16:34.768000,5136.876111111109,8.0
2023-10-22 19:17:37.241,11049,234,6,100,False,0,car,0 days 00:01:36.399000,0 days 01:16:35.008000,5152.476111111108,8.0
2023-10-22 19:17:37.401,10880,235,6,0,True,0,car,0 days 00:01:36.559000,0 days 01:16:35.168000,5162.920555555553,8.0
2023-10-22 19:17:37.641,10241,210,6,0,True,0,car,0 days 00:01:36.799000,0 days 01:16:35.408000,5176.920555555554,8.0
2023-10-22 19:17:38.041,10590,174,5,0,True,0,car,0 days 00:01:37.199000,0 days 01:16:35.808000,5196.253888888887,8.0
2023-10-22 19:17:38.441,10126,144,4,0,True,8,car,0 days 00:01:37.599000,0 days 01:16:36.208000,5212.253888888887,8.0
2023-10-22 19:17:38.801,8709,128,3,0,True,8,car,0 days 00:01:37.959000,0 days 01:16:36.568000,5225.053888888887,8.0
2023-10-22 19:17:39.001,8201,120,3,0,True,8,car,0 days 00:01:38.159000,0 days 01:16:36.768000,5231.720555555554,8.0
2023-10-22 19:17:39.281,7580,110,3,0,True,8,car,0 days 00:01:38.439000,0 days 01:16:37.048000,5240.276111111109,8.0
2023-10-22 19:17:39.601,7014,103,3,0,True,8,car,0 days 00:01:38.759000,0 days 01:16:37.368000,5249.431666666665,8.0
2023-10-22 19:17:39.801,6688,99,3,0,True,8,car,0 days 00:01:38.959000,0 days 01:16:37.568000,5254.931666666665,8.0
2023-10-22 19:17:40.041,6547,91,3,0,True,8,car,0 days 00:01:39.199000,0 days 01:16:37.808000,5260.998333333331,8.0
2023-10-22 19:17:40.361,6425,86,3,8,False,8,car,0 days 00:01:39.519000,0 days 01:16:38.128000,5268.642777777776,8.0
2023-10-22 19:17:40.760,6804,87,3,29,False,8,car,0 days 00:01:39.918000,0 days 01:16:38.527000,5278.285277777776,8.0
2023-10-22 19:17:41.080,7053,91,3,38,False,8,car,0 days 00:01:40.238000,0 days 01:16:38.847000,5286.374166666665,8.0
2023-10-22 19:17:41.400,7561,97,3,47,False,8,car,0 days 00:01:40.558000,0 days 01:16:39.167000,5294.996388888887,8.0
2023-10-22 19:17:41.560,7790,101,3,49,False,8,car,0 days 00:01:40.718000,0 days 01:16:39.327000,5299.485277777776,8.0
2023-10-22 19:17:41.720,8244,107,3,57,False,8,car,0 days 00:01:40.878000,0 days 01:16:39.487000,5304.2408333333315,8.0
2023-10-22 19:17:42.000,9000,113,3,64,False,8,car,0 days 00:01:41.158000,0 days 01:16:39.767000,5313.029722222221,8.0
2023-10-22 19:17:42.161,9345,117,3,69,False,8,car,0 days 00:01:41.319000,0 days 01:16:39.928000,5318.262222222221,8.0
2023-10-22 19:17:42.401,9765,129,3,80,False,8,car,0 days 00:01:41.559000,0 days 01:16:40.168000,5326.86222222222,8.0
2023-10-22 19:17:42.561,10661,137,3,83,False,8,car,0 days 00:01:41.719000,0 days 01:16:40.328000,5332.951111111109,8.0
2023-10-22 19:17:42.921,11172,158,3,100,False,8,car,0 days 00:01:42.079000,0 days 01:16:40.688000,5348.751111111109,8.0
2023-10-22 19:17:43.161,10639,164,3,100,False,8,car,0 days 00:01:42.319000,0 days 01:16:40.928000,5359.684444444442,8.0
2023-10-22 19:17:43.401,11204,172,4,100,False,8,car,0 days 00:01:42.559000,0 days 01:16:41.168000,5371.151111111109,8.0
2023-10-22 19:17:43.681,11744,183,4,100,False,14,car,0 days 00:01:42.839000,0 days 01:16:41.448000,5385.384444444442,8.0
2023-10-22 19:17:44.001,11066,194,5,100,False,12,car,0 days 00:01:43.159000,0 days 01:16:41.768000,5402.628888888887,8.0
2023-10-22 19:17:44.481,11470,210,5,100,False,12,car,0 days 00:01:43.639000,0 days 01:16:42.248000,5430.628888888886,8.0
2023-10-22 19:17:44.841,10446,222,6,100,False,12,car,0 days 00:00:00.320000,0 days 01:16:42.608000,19.733333333333334,9.0
2023-10-22 19:17:45.241,11174,232,6,100,False,12,car,0 days 00:00:00.720000,0 days 01:16:43.008000,45.511111111111106,9.0
2023-10-22 19:17:45.481,11333,234,6,100,False,12,car,0 days 00:00:00.960000,0 days 01:16:43.248000,61.11111111111111,9.0
2023-10-22 19:17:45.721,11529,241,6,100,False,12,car,0 days 00:00:01.200000,0 days 01:16:43.488000,77.17777777777778,9.0
2023-10-22 19:17:45.921,11109,247,6,100,False,12,car,0 days 00:00:01.400000,0 days 01:16:43.688000,90.89999999999999,9.0
2023-10-22 19:17:46.241,10527,253,7,100,False,12,car,0 days 00:00:01.720000,0 days 01:16:44.008000,113.38888888888889,9.0
2023-10-22 19:17:46.561,10799,258,7,100,False,12,car,0 days 00:00:02.040000,0 days 01:16:44.328000,136.32222222222222,9.0
2023-10-22 19:17:46.761,10825,260,7,100,False,12,car,0 days 00:00:02.240000,0 days 01:16:44.528000,150.76666666666668,9.0
2023-10-22 19:17:47.041,11085,267,7,100,False,12,car,0 days 00:00:02.520000,0 days 01:16:44.808000,171.53333333333333,9.0
2023-10-22 19:17:47.361,11335,272,7,100,False,12,car,0 days 00:00:02.840000,0 days 01:16:45.128000,195.7111111111111,9.0
2023-10-22 19:17:47.600,11416,274,7,100,False,12,car,0 days 00:00:03.079000,0 days 01:16:45.367000,213.9016666666667,9.0
2023-10-22 19:17:47.840,11581,278,7,100,False,12,car,0 days 00:00:03.319000,0 days 01:16:45.607000,232.435,9.0
2023-10-22 19:17:48.120,10425,281,7,100,False,12,car,0 days 00:00:03.599000,0 days 01:16:45.887000,254.29055555555558,9.0
2023-10-22 19:17:48.360,10606,284,8,100,False,12,car,0 days 00:00:03.839000,0 days 01:16:46.127000,273.2238888888889,9.0
2023-10-22 19:17:48.640,10511,288,8,100,False,12,car,0 days 00:00:04.119000,0 days 01:16:46.407000,295.62388888888887,9.0
2023-10-22 19:17:48.801,10727,289,8,100,False,12,car,0 days 00:00:04.280000,0 days 01:16:46.568000,308.54861111111114,9.0
2023-10-22 19:17:49.001,10785,291,8,100,False,12,car,0 days 00:00:04.480000,0 days 01:16:46.768000,324.7152777777778,9.0
2023-10-22 19:17:49.361,10953,295,8,100,False,12,car,0 days 00:00:04.840000,0 days 01:16:47.128000,354.21527777777777,9.0
2023-10-22 19:17:49.561,10920,297,8,100,False,12,car,0 days 00:00:05.040000,0 days 01:16:47.328000,370.71527777777777,9.0
2023-10-22 19:17:49.801,10920,297,8,100,False,12,car,0 days 00:00:05.280000,0 days 01:16:47.568000,390.5152777777778,9.0
2023-10-22 19:17:50.041,11077,301,8,100,False,12,car,0 days 00:00:05.520000,0 days 01:16:47.808000,410.5819444444444,9.0
2023-10-22 19:17:50.361,11095,303,8,100,False,12,car,0 days 00:00:05.840000,0 days 01:16:48.128000,437.5152777777777,9.0
2023-10-22 19:17:50.601,11159,304,8,100,False,12,car,0 days 00:00:06.080000,0 days 01:16:48.368000,457.78194444444443,9.0
2023-10-22 19:17:50.841,11084,298,8,0,False,0,car,0 days 00:00:06.320000,0 days 01:16:48.608000,477.6486111111111,9.0
2023-10-22 19:17:51.121,10664,288,8,0,False,0,car,0 days 00:00:06.600000,0 days 01:16:48.888000,500.0486111111111,9.0
2023-10-22 19:17:51.321,9722,267,8,0,True,0,car,0 days 00:00:06.800000,0 days 01:16:49.088000,514.8819444444445,9.0
2023-10-22 19:17:51.681,10449,242,7,0,True,0,car,0 days 00:00:07.160000,0 days 01:16:49.448000,539.0819444444445,9.0
2023-10-22 19:17:51.961,9775,198,7,0,True,0,car,0 days 00:00:07.440000,0 days 01:16:49.728000,554.4819444444445,9.0
2023-10-22 19:17:52.161,9657,178,6,0,True,0,car,0 days 00:00:07.640000,0 days 01:16:49.928000,564.3708333333333,9.0
2023-10-22 19:17:52.321,9739,170,5,0,True,0,car,0 days 00:00:07.800000,0 days 01:16:50.088000,571.9263888888888,9.0
2023-10-22 19:17:52.561,9912,146,5,0,True,0,car,0 days 00:00:08.040000,0 days 01:16:50.328000,581.6597222222222,9.0
2023-10-22 19:17:52.801,9123,132,3,0,True,0,car,0 days 00:00:08.280000,0 days 01:16:50.568000,590.4597222222221,9.0
2023-10-22 19:17:53.041,8206,118,3,0,True,0,car,0 days 00:00:08.520000,0 days 01:16:50.808000,598.3263888888888,9.0
2023-10-22 19:17:53.401,6964,104,3,0,True,0,car,0 days 00:00:08.880000,0 days 01:16:51.168000,608.7263888888889,9.0
2023-10-22 19:17:53.841,6205,88,3,0,True,0,car,0 days 00:00:09.320000,0 days 01:16:51.608000,619.4819444444445,9.0
2023-10-22 19:17:54.041,5646,83,3,0,True,0,car,0 days 00:00:09.520000,0 days 01:16:51.808000,624.0930555555556,9.0
2023-10-22 19:17:54.440,5241,76,3,0,False,0,car,0 days 00:00:09.919000,0 days 01:16:52.207000,632.516388888889,9.0
2023-10-22 19:17:54.600,5062,75,3,0,False,0,car,0 days 00:00:10.079000,0 days 01:16:52.367000,635.8497222222223,9.0
2023-10-22 19:17:55.080,5223,72,3,19,False,0,car,0 days 00:00:10.559000,0 days 01:16:52.847000,645.4497222222224,9.0
2023-10-22 19:17:55.240,5923,75,3,28,False,0,car,0 days 00:00:10.719000,0 days 01:16:53.007000,648.7830555555557,9.0
2023-10-22 19:17:55.481,5937,77,3,32,False,0,car,0 days 00:00:10.960000,0 days 01:16:53.248000,653.937777777778,9.0
2023-10-22 19:17:55.841,6592,85,3,37,False,0,car,0 days 00:00:11.320000,0 days 01:16:53.608000,662.437777777778,9.0
2023-10-22 19:17:56.201,7153,91,3,45,False,0,car,0 days 00:00:11.680000,0 days 01:16:53.968000,671.537777777778,9.0
2023-10-22 19:17:56.441,7713,100,3,48,False,0,car,0 days 00:00:11.920000,0 days 01:16:54.208000,678.2044444444447,9.0
2023-10-22 19:17:56.801,8713,109,3,60,False,0,car,0 days 00:00:12.280000,0 days 01:16:54.568000,689.1044444444447,9.0
2023-10-22 19:17:57.081,9701,116,3,67,False,0,car,0 days 00:00:12.560000,0 days 01:16:54.848000,698.1266666666669,9.0
2023-10-22 19:17:57.401,10576,132,3,76,False,0,car,0 days 00:00:12.880000,0 days 01:16:55.168000,709.8600000000002,9.0
2023-10-22 19:17:57.601,11318,141,3,99,False,0,car,0 days 00:00:13.080000,0 days 01:16:55.368000,717.6933333333335,9.0
2023-10-22 19:17:57.801,10758,150,3,100,False,0,car,0 days 00:00:13.280000,0 days 01:16:55.568000,726.0266666666668,9.0
2023-10-22 19:17:58.001,10569,158,4,100,False,0,car,0 days 00:00:13.480000,0 days 01:16:55.768000,734.8044444444446,9.0
2023-10-22 19:17:58.281,11340,172,4,99,False,0,car,0 days 00:00:13.760000,0 days 01:16:56.048000,748.1822222222223,9.0
2023-10-22 19:17:58.561,11439,184,4,100,False,0,car,0 days 00:00:14.040000,0 days 01:16:56.328000,762.4933333333335,9.0
2023-10-22 19:17:58.881,10703,196,5,100,False,0,car,0 days 00:00:14.360000,0 days 01:16:56.648000,779.9155555555557,9.0
2023-10-22 19:17:59.041,10948,199,5,99,False,0,car,0 days 00:00:14.520000,0 days 01:16:56.808000,788.7600000000001,9.0
2023-10-22 19:17:59.241,11350,208,5,99,False,0,car,0 days 00:00:14.720000,0 days 01:16:57.008000,800.3155555555558,9.0
2023-10-22 19:17:59.561,10412,216,5,100,False,0,car,0 days 00:00:15.040000,0 days 01:16:57.328000,819.5155555555557,9.0
2023-10-22 19:17:59.801,10503,217,6,99,False,0,car,0 days 00:00:15.280000,0 days 01:16:57.568000,833.9822222222224,9.0
2023-10-22 19:18:00.041,10903,225,6,100,False,0,car,0 days 00:00:15.520000,0 days 01:16:57.808000,848.9822222222224,9.0
2023-10-22 19:18:00.241,11112,231,6,100,False,0,car,0 days 00:00:15.720000,0 days 01:16:58.008000,861.8155555555558,9.0
2023-10-22 19:18:00.601,11375,237,6,99,False,0,car,0 days 00:00:16.080000,0 days 01:16:58.368000,885.5155555555556,9.0
2023-10-22 19:18:01.000,11584,243,6,100,False,0,car,0 days 00:00:16.479000,0 days 01:16:58.767000,912.4480555555556,9.0
2023-10-22 19:18:01.160,11685,245,6,100,False,0,car,0 days 00:00:16.639000,0 days 01:16:58.927000,923.3369444444445,9.0
2023-10-22 19:18:01.440,11800,247,6,100,False,0,car,0 days 00:00:16.919000,0 days 01:16:59.207000,942.5480555555557,9.0
2023-10-22 19:18:01.760,10611,252,7,100,False,0,car,0 days 00:00:17.239000,0 days 01:16:59.527000,964.9480555555557,9.0
2023-10-22 19:18:02.121,10678,257,7,100,False,0,car,0 days 00:00:17.600000,0 days 01:16:59.888000,990.7194444444447,9.0
2023-10-22 19:18:02.841,10868,262,7,100,False,0,car,0 days 00:00:18.320000,0 days 01:17:00.608000,1043.1194444444445,9.0
2023-10-22 19:18:03.001,10868,263,7,100,False,0,car,0 days 00:00:18.480000,0 days 01:17:00.768000,1054.8083333333334,9.0
2023-10-22 19:18:03.361,11022,265,7,100,False,0,car,0 days 00:00:18.840000,0 days 01:17:01.128000,1081.3083333333334,9.0
2023-10-22 19:18:03.641,11086,267,7,100,False,0,car,0 days 00:00:19.120000,0 days 01:17:01.408000,1102.075,9.0
2023-10-22 19:18:03.801,11144,267,7,100,False,0,car,0 days 00:00:19.280000,0 days 01:17:01.568000,1113.9416666666668,9.0
2023-10-22 19:18:04.001,11169,268,7,99,False,0,car,0 days 00:00:19.480000,0 days 01:17:01.768000,1128.8305555555557,9.0
2023-10-22 19:18:04.321,10808,268,7,43,False,0,car,0 days 00:00:19.800000,0 days 01:17:02.088000,1152.652777777778,9.0
2023-10-22 19:18:04.481,11238,268,7,91,False,0,car,0 days 00:00:19.960000,0 days 01:17:02.248000,1164.563888888889,9.0
2023-10-22 19:18:04.801,10974,265,7,100,False,0,car,0 days 00:00:20.280000,0 days 01:17:02.568000,1188.1194444444448,9.0
2023-10-22 19:18:05.201,10531,267,7,6,True,0,car,0 days 00:00:20.680000,0 days 01:17:02.968000,1217.7861111111113,9.0
2023-10-22 19:18:05.361,10338,253,7,13,True,0,car,0 days 00:00:20.840000,0 days 01:17:03.128000,1229.0305555555558,9.0
2023-10-22 19:18:05.561,10169,247,7,25,False,0,car,0 days 00:00:21.040000,0 days 01:17:03.328000,1242.752777777778,9.0
2023-10-22 19:18:06.001,10187,242,7,87,False,0,car,0 days 00:00:21.480000,0 days 01:17:03.768000,1272.3305555555557,9.0
2023-10-22 19:18:06.441,10849,236,7,1,True,0,car,0 days 00:00:21.920000,0 days 01:17:04.208000,1301.1750000000002,9.0
2023-10-22 19:18:06.641,10490,226,6,0,True,0,car,0 days 00:00:22.120000,0 days 01:17:04.408000,1313.7305555555556,9.0
2023-10-22 19:18:07.001,9978,221,6,20,False,0,car,0 days 00:00:22.480000,0 days 01:17:04.768000,1335.8305555555555,9.0
2023-10-22 19:18:07.241,10063,211,6,46,False,0,car,0 days 00:00:22.720000,0 days 01:17:05.008000,1349.8972222222221,9.0
2023-10-22 19:18:07.441,10023,212,6,56,False,0,car,0 days 00:00:22.920000,0 days 01:17:05.208000,1361.6750000000002,9.0
2023-10-22 19:18:07.640,10047,212,6,67,False,0,car,0 days 00:00:23.119000,0 days 01:17:05.407000,1373.393888888889,9.0
2023-10-22 19:18:07.880,10187,213,6,80,False,0,car,0 days 00:00:23.359000,0 days 01:17:05.647000,1387.593888888889,9.0
2023-10-22 19:18:08.080,10299,218,6,77,False,0,car,0 days 00:00:23.559000,0 days 01:17:05.847000,1399.7050000000002,9.0
2023-10-22 19:18:08.360,9759,217,6,0,True,0,car,0 days 00:00:23.839000,0 days 01:17:06.127000,1416.582777777778,9.0
2023-10-22 19:18:08.561,9755,209,6,0,False,0,car,0 days 00:00:24.040000,0 days 01:17:06.328000,1428.2519444444447,9.0
2023-10-22 19:18:08.881,9345,202,6,3,False,0,car,0 days 00:00:24.360000,0 days 01:17:06.648000,1446.2075000000002,9.0
2023-10-22 19:18:09.201,9352,196,6,39,False,0,car,0 days 00:00:24.680000,0 days 01:17:06.968000,1463.6297222222224,9.0
2023-10-22 19:18:09.521,9505,197,6,65,False,0,car,0 days 00:00:25,0 days 01:17:07.288000,1481.1408333333336,9.0
2023-10-22 19:18:09.721,9577,200,6,71,False,0,car,0 days 00:00:25.200000,0 days 01:17:07.488000,1492.2519444444447,9.0
2023-10-22 19:18:09.961,9612,201,6,46,False,0,car,0 days 00:00:25.440000,0 days 01:17:07.728000,1505.6519444444448,9.0
2023-10-22 19:18:10.241,9562,200,6,50,False,0,car,0 days 00:00:25.720000,0 days 01:17:08.008000,1521.2075000000002,9.0
2023-10-22 19:18:10.521,9511,200,6,56,False,0,car,0 days 00:00:26,0 days 01:17:08.288000,1536.7630555555559,9.0
2023-10-22 19:18:10.681,9424,200,6,51,False,0,car,0 days 00:00:26.160000,0 days 01:17:08.448000,1545.6519444444448,9.0
2023-10-22 19:18:10.841,9360,200,6,51,False,0,car,0 days 00:00:26.320000,0 days 01:17:08.608000,1554.5408333333337,9.0
2023-10-22 19:18:11.121,9707,199,6,57,False,0,car,0 days 00:00:26.600000,0 days 01:17:08.888000,1570.0186111111116,9.0
2023-10-22 19:18:11.361,9757,202,6,77,False,0,car,0 days 00:00:26.840000,0 days 01:17:09.128000,1583.485277777778,9.0
2023-10-22 19:18:11.521,9848,204,6,97,False,0,car,0 days 00:00:27,0 days 01:17:09.288000,1592.5519444444446,9.0
2023-10-22 19:18:11.681,9903,204,6,100,False,0,car,0 days 00:00:27.160000,0 days 01:17:09.448000,1601.6186111111112,9.0
2023-10-22 19:18:11.881,9881,207,6,98,False,0,car,0 days 00:00:27.360000,0 days 01:17:09.648000,1613.1186111111112,9.0
2023-10-22 19:18:12.201,9872,203,6,2,True,0,car,0 days 00:00:27.680000,0 days 01:17:09.968000,1631.1630555555557,9.0
2023-10-22 19:18:12.361,10284,197,6,1,True,0,car,0 days 00:00:27.840000,0 days 01:17:10.128000,1639.9186111111112,9.0
2023-10-22 19:18:12.641,9884,187,5,7,False,0,car,0 days 00:00:28.120000,0 days 01:17:10.408000,1654.4630555555557,9.0
2023-10-22 19:18:12.961,9504,181,5,0,True,0,car,0 days 00:00:28.440000,0 days 01:17:10.728000,1670.5519444444446,9.0
2023-10-22 19:18:13.201,9029,177,5,1,False,0,car,0 days 00:00:28.680000,0 days 01:17:10.968000,1682.3519444444446,9.0
2023-10-22 19:18:13.441,9057,167,5,9,False,0,car,0 days 00:00:28.920000,0 days 01:17:11.208000,1693.485277777778,9.0
2023-10-22 19:18:13.761,9054,166,5,38,False,0,car,0 days 00:00:29.240000,0 days 01:17:11.528000,1708.2408333333335,9.0
2023-10-22 19:18:14.121,9445,168,5,62,False,0,car,0 days 00:00:29.600000,0 days 01:17:11.888000,1725.0408333333337,9.0
2023-10-22 19:18:14.400,9621,171,5,71,False,0,car,0 days 00:00:29.879000,0 days 01:17:12.167000,1738.2933333333337,9.0
2023-10-22 19:18:14.600,9756,175,5,73,False,0,car,0 days 00:00:30.079000,0 days 01:17:12.367000,1748.015555555556,9.0
2023-10-22 19:18:14.840,10001,181,5,74,False,0,car,0 days 00:00:30.319000,0 days 01:17:12.607000,1760.0822222222225,9.0
2023-10-22 19:18:15.081,9807,184,5,0,False,0,car,0 days 00:00:30.560000,0 days 01:17:12.848000,1772.4000000000003,9.0
2023-10-22 19:18:15.361,10330,171,5,0,True,0,car,0 days 00:00:30.840000,0 days 01:17:13.128000,1785.7000000000003,9.0
2023-10-22 19:18:15.881,9129,152,4,0,True,0,car,0 days 00:00:31.360000,0 days 01:17:13.648000,1807.6555555555558,9.0
2023-10-22 19:18:16.161,8876,146,4,0,False,0,car,0 days 00:00:31.640000,0 days 01:17:13.928000,1819.0111111111114,9.0
2023-10-22 19:18:16.481,8334,139,4,0,True,0,car,0 days 00:00:31.960000,0 days 01:17:14.248000,1831.366666666667,9.0
2023-10-22 19:18:16.681,8197,134,4,0,True,0,car,0 days 00:00:32.160000,0 days 01:17:14.448000,1838.8111111111114,9.0
2023-10-22 19:18:16.961,7849,127,4,0,True,0,car,0 days 00:00:32.440000,0 days 01:17:14.728000,1848.688888888889,9.0
2023-10-22 19:18:17.121,7470,123,4,0,False,0,car,0 days 00:00:32.600000,0 days 01:17:14.888000,1854.1555555555558,9.0
2023-10-22 19:18:17.281,7462,121,4,15,False,0,car,0 days 00:00:32.760000,0 days 01:17:15.048000,1859.5333333333335,9.0
2023-10-22 19:18:17.481,7798,118,4,44,False,0,car,0 days 00:00:32.960000,0 days 01:17:15.248000,1866.0888888888892,9.0
2023-10-22 19:18:17.801,7891,122,4,48,False,0,car,0 days 00:00:33.280000,0 days 01:17:15.568000,1876.9333333333336,9.0
2023-10-22 19:18:18.241,8534,131,4,63,False,0,car,0 days 00:00:33.720000,0 days 01:17:16.008000,1892.9444444444446,9.0
2023-10-22 19:18:18.481,8804,136,4,83,False,0,car,0 days 00:00:33.960000,0 days 01:17:16.248000,1902.0111111111114,9.0
2023-10-22 19:18:18.801,9752,148,4,87,False,0,car,0 days 00:00:34.280000,0 days 01:17:16.568000,1915.166666666667,9.0
2023-10-22 19:18:19.121,9929,158,4,52,False,0,car,0 days 00:00:34.600000,0 days 01:17:16.888000,1929.2111111111114,9.0
2023-10-22 19:18:19.361,9914,157,4,35,False,0,car,0 days 00:00:34.840000,0 days 01:17:17.128000,1939.6777777777781,9.0
2023-10-22 19:18:19.521,9791,156,4,40,False,0,car,0 days 00:00:35,0 days 01:17:17.288000,1946.6111111111113,9.0
2023-10-22 19:18:19.841,10142,157,4,56,False,0,car,0 days 00:00:35.320000,0 days 01:17:17.608000,1960.5666666666668,9.0
2023-10-22 19:18:20.041,10564,162,4,75,False,0,car,0 days 00:00:35.520000,0 days 01:17:17.808000,1969.566666666667,9.0
2023-10-22 19:18:20.321,11208,171,4,80,False,0,car,0 days 00:00:35.800000,0 days 01:17:18.088000,1982.8666666666668,9.0
2023-10-22 19:18:20.681,11452,182,4,100,False,0,car,0 days 00:00:36.160000,0 days 01:17:18.448000,2001.0666666666668,9.0
2023-10-22 19:18:21.120,10482,184,5,100,False,0,car,0 days 00:00:36.599000,0 days 01:17:18.887000,2023.5044444444445,9.0
2023-10-22 19:18:21.320,11073,201,5,100,False,0,car,0 days 00:00:36.799000,0 days 01:17:19.087000,2034.6711111111113,9.0
2023-10-22 19:18:21.520,11640,206,5,100,False,0,car,0 days 00:00:36.999000,0 days 01:17:19.287000,2046.1155555555558,9.0
2023-10-22 19:18:21.961,11127,219,5,100,False,0,car,0 days 00:00:37.440000,0 days 01:17:19.728000,2072.9430555555555,9.0
2023-10-22 19:18:22.321,10975,229,6,100,False,0,car,0 days 00:00:37.800000,0 days 01:17:20.088000,2095.8430555555556,9.0
2023-10-22 19:18:22.601,11408,235,6,100,False,0,car,0 days 00:00:38.080000,0 days 01:17:20.368000,2114.1208333333334,9.0
2023-10-22 19:18:22.841,11389,236,6,100,False,0,car,0 days 00:00:38.320000,0 days 01:17:20.608000,2129.854166666667,9.0
2023-10-22 19:18:23.041,11537,243,6,100,False,0,car,0 days 00:00:38.520000,0 days 01:17:20.808000,2143.354166666667,9.0
2023-10-22 19:18:23.241,10972,247,6,100,False,0,car,0 days 00:00:38.720000,0 days 01:17:21.008000,2157.0763888888887,9.0
2023-10-22 19:18:23.601,10550,253,7,100,False,0,car,0 days 00:00:39.080000,0 days 01:17:21.368000,2182.376388888889,9.0
2023-10-22 19:18:23.961,10825,259,7,100,False,0,car,0 days 00:00:39.440000,0 days 01:17:21.728000,2208.276388888889,9.0
2023-10-22 19:18:24.161,10921,262,7,100,False,0,car,0 days 00:00:39.640000,0 days 01:17:21.928000,2222.8319444444446,9.0
2023-10-22 19:18:24.361,11004,265,7,99,False,0,car,0 days 00:00:39.840000,0 days 01:17:22.128000,2237.5541666666672,9.0
2023-10-22 19:18:24.561,11181,269,7,100,False,0,car,0 days 00:00:40.040000,0 days 01:17:22.328000,2252.4986111111116,9.0
2023-10-22 19:18:25.001,11482,274,7,100,False,0,car,0 days 00:00:40.480000,0 days 01:17:22.768000,2285.9875,9.0
2023-10-22 19:18:25.281,11572,278,7,100,False,0,car,0 days 00:00:40.760000,0 days 01:17:23.048000,2307.6097222222224,9.0
2023-10-22 19:18:25.601,11629,282,7,100,False,0,car,0 days 00:00:41.080000,0 days 01:17:23.368000,2332.676388888889,9.0
2023-10-22 19:18:25.761,11762,284,7,100,False,0,car,0 days 00:00:41.240000,0 days 01:17:23.528000,2345.2986111111118,9.0
2023-10-22 19:18:26.041,11699,286,7,100,False,0,car,0 days 00:00:41.520000,0 days 01:17:23.808000,2367.5430555555563,9.0
2023-10-22 19:18:26.201,11913,287,7,100,False,0,car,0 days 00:00:41.680000,0 days 01:17:23.968000,2380.2986111111118,9.0
2023-10-22 19:18:26.401,12159,284,7,0,True,0,car,0 days 00:00:41.880000,0 days 01:17:24.168000,2396.0763888888896,9.0
2023-10-22 19:18:26.761,10792,236,7,0,True,0,car,0 days 00:00:42.240000,0 days 01:17:24.528000,2419.6763888888895,9.0
2023-10-22 19:18:27.081,10672,205,6,0,True,0,car,0 days 00:00:42.560000,0 days 01:17:24.848000,2437.8986111111117,9.0
2023-10-22 19:18:27.481,10137,173,4,0,True,0,car,0 days 00:00:42.960000,0 days 01:17:25.248000,2457.120833333334,9.0
2023-10-22 19:18:27.880,10534,144,3,0,True,0,car,0 days 00:00:43.359000,0 days 01:17:25.647000,2473.080833333334,9.0
2023-10-22 19:18:28.080,9481,130,3,0,True,0,car,0 days 00:00:43.559000,0 days 01:17:25.847000,2480.303055555556,9.0
2023-10-22 19:18:28.521,8391,102,2,0,True,0,car,0 days 00:00:44,0 days 01:17:26.288000,2492.798055555556,9.0
2023-10-22 19:18:28.841,7913,91,2,0,True,0,car,0 days 00:00:44.320000,0 days 01:17:26.608000,2500.886944444445,9.0
2023-10-22 19:18:29.041,6980,85,2,0,True,0,car,0 days 00:00:44.520000,0 days 01:17:26.808000,2505.609166666667,9.0
2023-10-22 19:18:29.361,6554,79,2,0,True,0,car,0 days 00:00:44.840000,0 days 01:17:27.128000,2512.6313888888894,9.0
2023-10-22 19:18:29.761,5907,72,2,0,False,0,car,0 days 00:00:45.240000,0 days 01:17:27.528000,2520.6313888888894,9.0
2023-10-22 19:18:30.121,5610,69,2,1,False,0,car,0 days 00:00:45.600000,0 days 01:17:27.888000,2527.5313888888895,9.0
2023-10-22 19:18:30.321,5760,66,2,13,False,0,car,0 days 00:00:45.800000,0 days 01:17:28.088000,2531.198055555556,9.0
2023-10-22 19:18:30.561,6057,68,2,23,False,0,car,0 days 00:00:46.040000,0 days 01:17:28.328000,2535.7313888888893,9.0
2023-10-22 19:18:30.801,6676,71,2,30,False,0,car,0 days 00:00:46.280000,0 days 01:17:28.568000,2540.464722222223,9.0
2023-10-22 19:18:31.001,6955,74,2,35,False,0,car,0 days 00:00:46.480000,0 days 01:17:28.768000,2544.575833333334,9.0
2023-10-22 19:18:31.321,7603,79,2,39,False,0,car,0 days 00:00:46.800000,0 days 01:17:29.088000,2551.598055555556,9.0
2023-10-22 19:18:31.561,8030,85,2,39,False,0,car,0 days 00:00:47.040000,0 days 01:17:29.328000,2557.2647222222226,9.0
2023-10-22 19:18:31.761,8366,90,2,47,False,0,car,0 days 00:00:47.240000,0 days 01:17:29.528000,2562.2647222222226,9.0
2023-10-22 19:18:32.081,8612,98,2,43,False,0,car,0 days 00:00:47.560000,0 days 01:17:29.848000,2570.975833333334,9.0
2023-10-22 19:18:32.441,8113,106,3,57,False,0,car,0 days 00:00:47.920000,0 days 01:17:30.208000,2581.575833333334,9.0
2023-10-22 19:18:32.801,9420,118,3,70,False,0,car,0 days 00:00:48.280000,0 days 01:17:30.568000,2593.375833333334,9.0
2023-10-22 19:18:33.041,9856,129,3,69,False,0,car,0 days 00:00:48.520000,0 days 01:17:30.808000,2601.975833333334,9.0
2023-10-22 19:18:33.201,10336,132,3,78,False,0,car,0 days 00:00:48.680000,0 days 01:17:30.968000,2607.8425,9.0
2023-10-22 19:18:33.481,11544,148,3,100,False,0,car,0 days 00:00:48.960000,0 days 01:17:31.248000,2619.353611111111,9.0
2023-10-22 19:18:33.641,10936,157,3,100,False,0,car,0 days 00:00:49.120000,0 days 01:17:31.408000,2626.331388888889,9.0
2023-10-22 19:18:33.881,10531,166,4,100,False,0,car,0 days 00:00:49.360000,0 days 01:17:31.648000,2637.3980555555554,9.0
2023-10-22 19:18:34.081,11256,174,4,100,False,8,car,0 days 00:00:49.560000,0 days 01:17:31.848000,2647.0647222222224,9.0
2023-10-22 19:18:34.281,11383,182,4,100,False,8,car,0 days 00:00:49.760000,0 days 01:17:32.048000,2657.1758333333332,9.0
2023-10-22 19:18:34.441,10823,189,4,100,False,8,car,0 days 00:00:49.920000,0 days 01:17:32.208000,2665.5758333333333,9.0
2023-10-22 19:18:34.680,10825,193,5,100,False,8,car,0 days 00:00:50.159000,0 days 01:17:32.447000,2678.3888888888887,9.0
2023-10-22 19:18:35.081,11153,209,5,100,False,8,car,0 days 00:00:50.560000,0 days 01:17:32.848000,2701.6691666666666,9.0
2023-10-22 19:18:35.321,11203,218,5,100,False,8,car,0 days 00:00:50.800000,0 days 01:17:33.088000,2716.2024999999994,9.0
2023-10-22 19:18:35.481,10445,220,5,100,False,8,car,0 days 00:00:50.960000,0 days 01:17:33.248000,2725.9802777777772,9.0
2023-10-22 19:18:35.961,11006,232,6,100,False,8,car,0 days 00:00:51.440000,0 days 01:17:33.728000,2756.91361111111,9.0
2023-10-22 19:18:36.161,11213,237,6,100,False,8,car,0 days 00:00:51.640000,0 days 01:17:33.928000,2770.080277777777,9.0
2023-10-22 19:18:36.561,11511,245,6,100,False,8,car,0 days 00:00:52.040000,0 days 01:17:34.328000,2797.3024999999993,9.0
2023-10-22 19:18:36.961,10425,252,7,100,False,8,car,0 days 00:00:52.440000,0 days 01:17:34.728000,2825.3024999999993,9.0
2023-10-22 19:18:37.281,10775,257,7,100,False,14,car,0 days 00:00:52.760000,0 days 01:17:35.048000,2848.1469444444438,9.0
2023-10-22 19:18:37.601,10943,258,7,100,False,12,car,0 days 00:00:53.080000,0 days 01:17:35.368000,2871.080277777777,9.0
2023-10-22 19:18:37.761,11009,266,7,100,False,12,car,0 days 00:00:53.240000,0 days 01:17:35.528000,2882.9024999999997,9.0
2023-10-22 19:18:37.921,11163,269,7,100,False,12,car,0 days 00:00:53.400000,0 days 01:17:35.688000,2894.858055555555,9.0
2023-10-22 19:18:38.401,11524,275,7,100,False,12,car,0 days 00:00:53.880000,0 days 01:17:36.168000,2931.524722222222,9.0
2023-10-22 19:18:38.721,11173,280,7,100,False,12,car,0 days 00:00:54.200000,0 days 01:17:36.488000,2956.4136111111106,9.0
2023-10-22 19:18:39.001,10295,283,8,100,False,12,car,0 days 00:00:54.480000,0 days 01:17:36.768000,2978.424722222221,9.0
2023-10-22 19:18:39.441,11242,289,8,100,False,12,car,0 days 00:00:54.920000,0 days 01:17:37.208000,3013.7469444444437,9.0
2023-10-22 19:18:39.801,10831,293,8,100,False,12,car,0 days 00:00:55.280000,0 days 01:17:37.568000,3043.0469444444434,9.0
2023-10-22 19:18:40.201,10996,298,8,100,False,12,car,0 days 00:00:55.680000,0 days 01:17:37.968000,3076.1580555555543,9.0
2023-10-22 19:18:40.441,11110,301,8,100,False,12,car,0 days 00:00:55.920000,0 days 01:17:38.208000,3096.2247222222213,9.0
2023-10-22 19:18:40.761,11115,303,8,100,False,12,car,0 days 00:00:56.240000,0 days 01:17:38.528000,3123.1580555555547,9.0
2023-10-22 19:18:40.921,11194,306,8,100,False,12,car,0 days 00:00:56.400000,0 days 01:17:38.688000,3136.7580555555546,9.0
2023-10-22 19:18:41.280,11352,309,8,100,False,12,car,0 days 00:00:56.759000,0 days 01:17:39.047000,3167.5722222222216,9.0
2023-10-22 19:18:41.481,11460,311,8,100,False,12,car,0 days 00:00:56.960000,0 days 01:17:39.248000,3184.9363888888884,9.0
2023-10-22 19:18:41.721,11492,313,8,100,False,12,car,0 days 00:00:57.200000,0 days 01:17:39.488000,3205.803055555555,9.0
2023-10-22 19:18:42.001,11644,315,8,100,False,12,car,0 days 00:00:57.480000,0 days 01:17:39.768000,3230.3030555555547,9.0
2023-10-22 19:18:42.321,11683,318,8,100,False,12,car,0 days 00:00:57.800000,0 days 01:17:40.088000,3258.5697222222216,9.0
2023-10-22 19:18:43.321,11962,325,8,100,False,12,car,0 days 00:00:58.800000,0 days 01:17:41.088000,3348.8474999999994,9.0
2023-10-22 19:18:43.641,12008,327,8,100,False,12,car,0 days 00:00:59.120000,0 days 01:17:41.408000,3377.914166666666,9.0
2023-10-22 19:18:43.961,12045,329,8,100,False,12,car,0 days 00:00:59.440000,0 days 01:17:41.728000,3407.1586111111105,9.0
2023-10-22 19:18:44.161,12201,330,8,100,False,12,car,0 days 00:00:59.640000,0 days 01:17:41.928000,3425.491944444444,9.0
2023-10-22 19:18:44.441,12155,332,8,100,False,12,car,0 days 00:00:59.920000,0 days 01:17:42.208000,3451.3141666666666,9.0
2023-10-22 19:18:44.641,12195,333,8,100,False,12,car,0 days 00:01:00.120000,0 days 01:17:42.408000,3469.814166666666,9.0
2023-10-22 19:18:44.801,12262,333,8,100,False,12,car,0 days 00:01:00.280000,0 days 01:17:42.568000,3484.6141666666663,9.0
2023-10-22 19:18:45.001,12266,333,8,100,False,12,car,0 days 00:01:00.480000,0 days 01:17:42.768000,3503.114166666666,9.0
2023-10-22 19:18:45.281,12157,332,8,100,False,12,car,0 days 00:01:00.760000,0 days 01:17:43.048000,3528.9363888888884,9.0
2023-10-22 19:18:45.481,12215,332,8,100,False,12,car,0 days 00:01:00.960000,0 days 01:17:43.248000,3547.380833333333,9.0
2023-10-22 19:18:45.721,11679,310,8,0,True,0,car,0 days 00:01:01.200000,0 days 01:17:43.488000,3568.0475,9.0
2023-10-22 19:18:46.041,10924,269,8,0,True,0,car,0 days 00:01:01.520000,0 days 01:17:43.808000,3591.958611111111,9.0
2023-10-22 19:18:46.321,10855,230,8,0,True,0,car,0 days 00:01:01.800000,0 days 01:17:44.088000,3609.8475,9.0
2023-10-22 19:18:46.561,10855,211,7,0,True,0,car,0 days 00:01:02.040000,0 days 01:17:44.328000,3623.9141666666665,9.0
2023-10-22 19:18:46.961,10608,174,6,0,True,0,car,0 days 00:01:02.440000,0 days 01:17:44.728000,3643.2475,9.0
2023-10-22 19:18:47.401,10122,146,3,0,True,0,car,0 days 00:01:02.880000,0 days 01:17:45.168000,3661.0919444444444,9.0
2023-10-22 19:18:47.601,9929,134,3,0,True,0,car,0 days 00:01:03.080000,0 days 01:17:45.368000,3668.5363888888887,9.0
2023-10-22 19:18:48.041,9775,110,2,0,True,0,car,0 days 00:01:03.520000,0 days 01:17:45.808000,3681.9808333333335,9.0
2023-10-22 19:18:48.241,8675,104,2,0,True,0,car,0 days 00:01:03.720000,0 days 01:17:46.008000,3687.7586111111113,9.0
2023-10-22 19:18:48.641,7809,93,2,0,True,0,car,0 days 00:01:04.120000,0 days 01:17:46.408000,3698.091944444445,9.0
2023-10-22 19:18:48.921,7474,86,2,0,True,0,car,0 days 00:01:04.400000,0 days 01:17:46.688000,3704.7808333333337,9.0
2023-10-22 19:18:49.201,6939,84,2,0,False,0,car,0 days 00:01:04.680000,0 days 01:17:46.968000,3711.314166666667,9.0
2023-10-22 19:18:49.481,6698,81,2,0,False,0,car,0 days 00:01:04.960000,0 days 01:17:47.248000,3717.6141666666667,9.0
2023-10-22 19:18:49.761,6483,78,2,0,False,0,car,0 days 00:01:05.240000,0 days 01:17:47.528000,3723.6808333333333,9.0
2023-10-22 19:18:50.041,6888,78,2,31,False,0,car,0 days 00:01:05.520000,0 days 01:17:47.808000,3729.7475,9.0
2023-10-22 19:18:50.281,7595,81,2,43,False,0,car,0 days 00:01:05.760000,0 days 01:17:48.048000,3735.1475,9.0
2023-10-22 19:18:50.481,7595,85,2,43,False,0,car,0 days 00:01:05.960000,0 days 01:17:48.248000,3739.869722222222,9.0
2023-10-22 19:18:50.721,8319,90,2,52,False,0,car,0 days 00:01:06.200000,0 days 01:17:48.488000,3745.8697222222227,9.0
2023-10-22 19:18:51.041,9414,103,2,58,False,0,car,0 days 00:01:06.520000,0 days 01:17:48.808000,3755.0252777777782,9.0
2023-10-22 19:18:51.241,9641,110,2,61,False,0,car,0 days 00:01:06.720000,0 days 01:17:49.008000,3761.1363888888895,9.0
2023-10-22 19:18:51.401,10506,115,2,75,False,0,car,0 days 00:01:06.880000,0 days 01:17:49.168000,3766.2475000000004,9.0
2023-10-22 19:18:51.681,12026,129,2,100,False,0,car,0 days 00:01:07.160000,0 days 01:17:49.448000,3776.2808333333337,9.0
2023-10-22 19:18:51.921,11186,139,2,100,False,0,car,0 days 00:01:07.400000,0 days 01:17:49.688000,3785.5475000000006,9.0
2023-10-22 19:18:52.161,11606,150,3,100,False,0,car,0 days 00:01:07.640000,0 days 01:17:49.928000,3795.5475000000006,9.0
2023-10-22 19:18:52.401,11615,157,3,100,False,0,car,0 days 00:01:07.880000,0 days 01:17:50.168000,3806.014166666667,9.0
2023-10-22 19:18:52.761,10764,173,4,100,False,0,car,0 days 00:01:08.240000,0 days 01:17:50.528000,3823.314166666667,9.0
2023-10-22 19:18:52.961,11218,179,4,100,False,0,car,0 days 00:01:08.440000,0 days 01:17:50.728000,3833.258611111112,9.0
2023-10-22 19:18:53.161,11530,184,4,100,False,0,car,0 days 00:01:08.640000,0 days 01:17:50.928000,3843.480833333334,9.0
2023-10-22 19:18:53.361,11836,189,4,100,False,0,car,0 days 00:01:08.840000,0 days 01:17:51.128000,3853.980833333334,9.0
2023-10-22 19:18:53.561,10848,187,4,0,True,0,car,0 days 00:01:09.040000,0 days 01:17:51.328000,3864.369722222223,9.0
2023-10-22 19:18:53.721,11369,165,4,0,True,0,car,0 days 00:01:09.200000,0 days 01:17:51.488000,3871.703055555556,9.0
2023-10-22 19:18:54.041,10241,152,3,0,True,0,car,0 days 00:01:09.520000,0 days 01:17:51.808000,3885.214166666667,9.0
2023-10-22 19:18:54.201,9631,140,3,0,True,0,car,0 days 00:01:09.680000,0 days 01:17:51.968000,3891.4363888888897,9.0
2023-10-22 19:18:54.441,8846,124,3,0,True,0,car,0 days 00:01:09.920000,0 days 01:17:52.208000,3899.703055555556,9.0
2023-10-22 19:18:54.841,7593,112,3,0,True,0,car,0 days 00:01:10.320000,0 days 01:17:52.608000,3912.1475000000005,9.0
2023-10-22 19:18:55.001,7286,106,3,0,True,0,car,0 days 00:01:10.480000,0 days 01:17:52.768000,3916.8586111111117,9.0
2023-10-22 19:18:55.361,6894,99,3,0,True,0,car,0 days 00:01:10.840000,0 days 01:17:53.128000,3926.758611111112,9.0
2023-10-22 19:18:55.641,6566,94,3,0,False,0,car,0 days 00:01:11.120000,0 days 01:17:53.408000,3934.069722222223,9.0
2023-10-22 19:18:56.041,6185,89,3,0,False,0,car,0 days 00:01:11.520000,0 days 01:17:53.808000,3943.9586111111116,9.0
2023-10-22 19:18:56.281,6341,84,3,12,False,0,car,0 days 00:01:11.760000,0 days 01:17:54.048000,3949.558611111112,9.0
2023-10-22 19:18:56.641,6410,86,3,25,False,0,car,0 days 00:01:12.120000,0 days 01:17:54.408000,3958.158611111112,9.0
2023-10-22 19:18:56.841,6601,88,3,29,False,0,car,0 days 00:01:12.320000,0 days 01:17:54.608000,3963.0475000000006,9.0
2023-10-22 19:18:57.121,6845,91,3,32,False,0,car,0 days 00:01:12.600000,0 days 01:17:54.888000,3970.1252777777786,9.0
2023-10-22 19:18:57.321,7108,94,3,39,False,0,car,0 days 00:01:12.800000,0 days 01:17:55.088000,3975.3475000000008,9.0
2023-10-22 19:18:57.601,7708,99,3,47,False,0,car,0 days 00:01:13.080000,0 days 01:17:55.368000,3983.0475000000006,9.0
2023-10-22 19:18:57.881,7945,105,3,52,False,0,car,0 days 00:01:13.360000,0 days 01:17:55.648000,3991.214166666667,9.0
2023-10-22 19:18:58.081,8714,111,3,60,False,0,car,0 days 00:01:13.560000,0 days 01:17:55.848000,3997.380833333334,9.0
2023-10-22 19:18:58.321,9358,121,3,62,False,0,car,0 days 00:01:13.800000,0 days 01:17:56.088000,4005.4475000000007,9.0
2023-10-22 19:18:58.521,9747,127,3,68,False,0,car,0 days 00:01:14,0 days 01:17:56.288000,4012.5030555555563,9.0
2023-10-22 19:18:58.841,10554,138,3,85,False,0,car,0 days 00:01:14.320000,0 days 01:17:56.608000,4024.7697222222228,9.0
2023-10-22 19:18:59.041,11115,147,3,100,False,0,car,0 days 00:01:14.520000,0 days 01:17:56.808000,4032.9363888888897,9.0
2023-10-22 19:18:59.361,11898,158,3,100,False,0,car,0 days 00:01:14.840000,0 days 01:17:57.128000,4046.9808333333344,9.0
2023-10-22 19:18:59.561,10498,164,3,100,False,0,car,0 days 00:01:15.040000,0 days 01:17:57.328000,4056.0919444444457,9.0
2023-10-22 19:18:59.721,10819,170,4,100,False,0,car,0 days 00:01:15.200000,0 days 01:17:57.488000,4063.647500000001,9.0
2023-10-22 19:18:59.921,11250,175,4,100,False,0,car,0 days 00:01:15.400000,0 days 01:17:57.688000,4073.369722222223,9.0
2023-10-22 19:19:00.081,11340,175,4,100,False,0,car,0 days 00:01:15.560000,0 days 01:17:57.848000,4081.147500000001,9.0
2023-10-22 19:19:00.361,10173,187,4,99,False,0,car,0 days 00:01:15.840000,0 days 01:17:58.128000,4095.6919444444457,9.0
2023-10-22 19:19:00.561,10851,192,5,95,False,0,car,0 days 00:01:16.040000,0 days 01:17:58.328000,4106.358611111113,9.0
2023-10-22 19:19:00.721,10562,181,5,0,True,0,car,0 days 00:01:16.200000,0 days 01:17:58.488000,4114.403055555557,9.0
2023-10-22 19:19:00.921,9636,172,5,0,True,0,car,0 days 00:01:16.400000,0 days 01:17:58.688000,4123.958611111113,9.0
2023-10-22 19:19:01.082,9829,166,5,0,True,0,car,0 days 00:01:16.561000,0 days 01:17:58.849000,4131.3825000000015,9.0
2023-10-22 19:19:01.322,9836,156,4,0,True,0,car,0 days 00:01:16.801000,0 days 01:17:59.089000,4141.782500000001,9.0
2023-10-22 19:19:01.601,9602,140,3,0,True,0,car,0 days 00:01:17.080000,0 days 01:17:59.368000,4152.632500000001,9.0
2023-10-22 19:19:01.921,10014,121,3,0,True,0,car,0 days 00:01:17.400000,0 days 01:17:59.688000,4163.388055555556,9.0
2023-10-22 19:19:02.121,9613,113,2,0,True,0,car,0 days 00:01:17.600000,0 days 01:17:59.888000,4169.6658333333335,9.0
2023-10-22 19:19:02.281,8856,110,2,0,True,0,car,0 days 00:01:17.760000,0 days 01:18:00.048000,4174.554722222223,9.0
2023-10-22 19:19:02.601,8060,101,2,0,True,0,car,0 days 00:01:18.080000,0 days 01:18:00.368000,4183.5325,9.0
2023-10-22 19:19:02.921,7440,90,2,0,True,0,car,0 days 00:01:18.400000,0 days 01:18:00.688000,4191.5325,9.0
2023-10-22 19:19:03.241,6995,85,2,0,False,0,car,0 days 00:01:18.720000,0 days 01:18:01.008000,4199.088055555556,9.0
2023-10-22 19:19:03.441,6780,84,2,0,False,0,car,0 days 00:01:18.920000,0 days 01:18:01.208000,4203.754722222223,9.0
2023-10-22 19:19:03.841,6468,79,2,0,False,0,car,0 days 00:01:19.320000,0 days 01:18:01.608000,4212.5325,9.0
2023-10-22 19:19:04.201,6719,75,2,16,False,0,car,0 days 00:01:19.680000,0 days 01:18:01.968000,4220.0325,9.0
2023-10-22 19:19:04.361,6887,76,2,21,False,0,car,0 days 00:01:19.840000,0 days 01:18:02.128000,4223.410277777778,9.0
2023-10-22 19:19:04.601,7126,78,2,30,False,0,car,0 days 00:01:20.080000,0 days 01:18:02.368000,4228.610277777778,9.0
2023-10-22 19:19:04.761,7126,81,2,30,False,0,car,0 days 00:01:20.240000,0 days 01:18:02.528000,4232.210277777778,9.0
2023-10-22 19:19:05.041,7538,85,2,37,False,0,car,0 days 00:01:20.520000,0 days 01:18:02.808000,4238.8213888888895,9.0
2023-10-22 19:19:05.201,8094,87,2,46,False,0,car,0 days 00:01:20.680000,0 days 01:18:02.968000,4242.688055555556,9.0
2023-10-22 19:19:05.441,8687,95,2,51,False,0,car,0 days 00:01:20.920000,0 days 01:18:03.208000,4249.021388888889,9.0
2023-10-22 19:19:05.681,8814,101,2,59,False,0,car,0 days 00:01:21.160000,0 days 01:18:03.448000,4255.754722222223,9.0
2023-10-22 19:19:06.041,10722,116,2,72,False,0,car,0 days 00:01:21.520000,0 days 01:18:03.808000,4267.354722222223,9.0
2023-10-22 19:19:06.201,9742,120,2,72,False,0,car,0 days 00:01:21.680000,0 days 01:18:03.968000,4272.688055555557,9.0
2023-10-22 19:19:06.401,10243,127,3,82,False,0,car,0 days 00:01:21.880000,0 days 01:18:04.168000,4279.743611111112,9.0
2023-10-22 19:19:06.641,10243,136,3,82,False,0,car,0 days 00:01:22.120000,0 days 01:18:04.408000,4288.8102777777785,9.0
2023-10-22 19:19:06.881,11643,151,3,100,False,0,car,0 days 00:01:22.360000,0 days 01:18:04.648000,4298.876944444445,9.0
2023-10-22 19:19:07.161,10554,163,3,100,False,0,car,0 days 00:01:22.640000,0 days 01:18:04.928000,4311.554722222223,9.0
2023-10-22 19:19:07.561,11122,175,4,100,False,0,car,0 days 00:01:23.040000,0 days 01:18:05.328000,4330.999166666667,9.0
2023-10-22 19:19:07.882,10485,189,4,100,False,0,car,0 days 00:01:23.361000,0 days 01:18:05.649000,4347.851666666667,9.0
2023-10-22 19:19:08.162,10895,199,5,100,False,0,car,0 days 00:01:23.641000,0 days 01:18:05.929000,4363.3294444444455,9.0
2023-10-22 19:19:08.321,11161,202,5,100,False,0,car,0 days 00:01:23.800000,0 days 01:18:06.088000,4372.251111111112,9.0
2023-10-22 19:19:08.601,11134,206,5,99,False,0,car,0 days 00:01:24.080000,0 days 01:18:06.368000,4388.2733333333335,9.0
2023-10-22 19:19:08.921,10391,217,6,100,False,0,car,0 days 00:01:24.400000,0 days 01:18:06.688000,4407.562222222223,9.0
2023-10-22 19:19:09.121,10527,221,6,77,False,0,car,0 days 00:01:24.600000,0 days 01:18:06.888000,4419.84,9.0
2023-10-22 19:19:09.361,10589,222,6,74,False,0,car,0 days 00:01:24.840000,0 days 01:18:07.128000,4434.64,9.0
2023-10-22 19:19:09.561,10673,224,6,75,False,0,car,0 days 00:01:25.040000,0 days 01:18:07.328000,4447.084444444445,9.0
2023-10-22 19:19:09.761,10415,224,6,0,False,0,car,0 days 00:01:25.240000,0 days 01:18:07.528000,4459.528888888888,9.0
2023-10-22 19:19:10.041,10443,216,6,44,False,0,car,0 days 00:01:25.520000,0 days 01:18:07.808000,4476.328888888888,9.0
2023-10-22 19:19:10.201,10437,218,6,65,False,0,car,0 days 00:01:25.680000,0 days 01:18:07.968000,4486.017777777778,9.0
2023-10-22 19:19:10.481,10365,219,6,62,False,0,car,0 days 00:01:25.960000,0 days 01:18:08.248000,4503.051111111111,9.0
2023-10-22 19:19:10.641,10418,219,6,56,False,0,car,0 days 00:01:26.120000,0 days 01:18:08.408000,4512.7844444444445,9.0
2023-10-22 19:19:10.801,10426,219,6,55,False,0,car,0 days 00:01:26.280000,0 days 01:18:08.568000,4522.517777777778,9.0
2023-10-22 19:19:11.001,10339,219,6,60,False,0,car,0 days 00:01:26.480000,0 days 01:18:08.768000,4534.684444444445,9.0
2023-10-22 19:19:11.281,10435,219,6,63,False,0,car,0 days 00:01:26.760000,0 days 01:18:09.048000,4551.717777777779,9.0
2023-10-22 19:19:11.601,10595,220,6,76,False,0,car,0 days 00:01:27.080000,0 days 01:18:09.368000,4571.2733333333335,9.0
2023-10-22 19:19:11.881,10704,224,6,80,False,0,car,0 days 00:01:27.360000,0 days 01:18:09.648000,4588.695555555556,9.0
2023-10-22 19:19:12.081,10813,226,6,82,False,0,car,0 days 00:01:27.560000,0 days 01:18:09.848000,4601.251111111112,9.0
2023-10-22 19:19:12.521,11209,235,6,100,False,0,car,0 days 00:01:28,0 days 01:18:10.288000,4629.973333333333,9.0
2023-10-22 19:19:12.761,11343,238,6,100,False,0,car,0 days 00:01:28.240000,0 days 01:18:10.528000,4645.839999999999,9.0
2023-10-22 19:19:13.121,11548,243,6,100,False,0,car,0 days 00:01:28.600000,0 days 01:18:10.888000,4670.139999999999,9.0
2023-10-22 19:19:13.441,10994,246,6,100,False,0,car,0 days 00:01:28.920000,0 days 01:18:11.208000,4692.006666666666,9.0
2023-10-22 19:19:13.681,11045,245,7,100,False,0,car,0 days 00:01:29.160000,0 days 01:18:11.448000,4708.339999999999,9.0
2023-10-22 19:19:14.882,10667,255,7,99,False,0,car,0 days 00:01:30.361000,0 days 01:18:12.649000,4793.410833333333,9.0
2023-10-22 19:19:15.041,10670,255,7,100,False,0,car,0 days 00:01:30.520000,0 days 01:18:12.808000,4804.673333333333,9.0
2023-10-22 19:19:15.201,10745,258,7,100,False,0,car,0 days 00:01:30.680000,0 days 01:18:12.968000,4816.14,9.0
2023-10-22 19:19:15.561,10806,261,7,99,False,0,car,0 days 00:01:31.040000,0 days 01:18:13.328000,4842.240000000001,9.0
2023-10-22 19:19:16.001,10491,254,7,1,True,0,car,0 days 00:01:31.480000,0 days 01:18:13.768000,4873.284444444445,9.0
2023-10-22 19:19:16.241,10776,239,7,1,True,0,car,0 days 00:01:31.720000,0 days 01:18:14.008000,4889.217777777779,9.0
2023-10-22 19:19:16.521,9914,218,6,1,True,0,car,0 days 00:01:32,0 days 01:18:14.288000,4906.173333333334,9.0
2023-10-22 19:19:16.961,10039,191,5,0,True,0,car,0 days 00:01:32.440000,0 days 01:18:14.728000,4929.517777777778,9.0
2023-10-22 19:19:17.241,9429,181,5,0,False,0,car,0 days 00:01:32.720000,0 days 01:18:15.008000,4943.595555555556,9.0
2023-10-22 19:19:17.561,9486,175,5,25,True,0,car,0 days 00:01:33.040000,0 days 01:18:15.328000,4959.151111111111,9.0
2023-10-22 19:19:17.721,9286,172,5,30,False,0,car,0 days 00:01:33.200000,0 days 01:18:15.488000,4966.795555555555,9.0
2023-10-22 19:19:18.041,9310,170,5,41,False,0,car,0 days 00:01:33.520000,0 days 01:18:15.808000,4981.906666666666,9.0
2023-10-22 19:19:18.401,9689,174,5,65,False,0,car,0 days 00:01:33.880000,0 days 01:18:16.168000,4999.3066666666655,9.0
2023-10-22 19:19:18.561,9728,174,5,72,False,0,car,0 days 00:01:34.040000,0 days 01:18:16.328000,5007.039999999999,9.0
2023-10-22 19:19:18.881,10658,184,5,100,False,0,car,0 days 00:01:34.360000,0 days 01:18:16.648000,5023.395555555554,9.0
2023-10-22 19:19:19.041,10463,191,5,100,False,0,car,0 days 00:01:34.520000,0 days 01:18:16.808000,5031.884444444443,9.0
2023-10-22 19:19:19.481,11418,202,5,100,False,0,car,0 days 00:01:34.960000,0 days 01:18:17.248000,5056.573333333332,9.0
2023-10-22 19:19:19.681,11735,207,5,99,False,0,car,0 days 00:01:35.160000,0 days 01:18:17.448000,5068.073333333332,9.0
2023-10-22 19:19:19.921,10302,216,5,100,False,0,car,0 days 00:01:35.400000,0 days 01:18:17.688000,5082.473333333332,9.0
2023-10-22 19:19:20.281,10611,222,6,100,False,0,car,0 days 00:01:35.760000,0 days 01:18:18.048000,5104.673333333332,9.0
2023-10-22 19:19:20.441,10708,226,6,100,False,0,car,0 days 00:01:35.920000,0 days 01:18:18.208000,5114.717777777776,9.0
2023-10-22 19:19:20.641,10854,227,6,100,False,0,car,0 days 00:01:36.120000,0 days 01:18:18.408000,5127.328888888887,9.0
2023-10-22 19:19:20.882,11003,232,6,100,False,0,car,0 days 00:01:36.361000,0 days 01:18:18.649000,5142.859999999999,9.0
2023-10-22 19:19:21.282,10624,222,6,0,True,0,car,0 days 00:01:36.761000,0 days 01:18:19.049000,5167.526666666665,9.0
2023-10-22 19:19:21.562,10330,195,6,0,True,0,car,0 days 00:01:37.041000,0 days 01:18:19.329000,5182.693333333332,9.0
2023-10-22 19:19:21.801,10492,177,5,0,True,0,car,0 days 00:01:37.280000,0 days 01:18:19.568000,5194.444166666665,9.0
2023-10-22 19:19:22.081,11476,151,4,0,True,8,car,0 days 00:01:37.560000,0 days 01:18:19.848000,5206.18861111111,9.0
2023-10-22 19:19:22.241,10916,139,3,0,True,8,car,0 days 00:01:37.720000,0 days 01:18:20.008000,5212.366388888888,9.0
2023-10-22 19:19:22.601,8396,122,3,0,True,8,car,0 days 00:01:38.080000,0 days 01:18:20.368000,5224.566388888888,9.0
2023-10-22 19:19:22.921,7604,108,3,0,True,8,car,0 days 00:01:38.400000,0 days 01:18:20.688000,5234.166388888888,9.0
2023-10-22 19:19:23.281,7043,101,3,0,True,8,car,0 days 00:01:38.760000,0 days 01:18:21.048000,5244.266388888888,9.0
2023-10-22 19:19:23.601,6571,95,3,0,True,8,car,0 days 00:01:39.080000,0 days 01:18:21.368000,5252.710833333333,9.0
2023-10-22 19:19:24.001,6234,87,3,5,False,8,car,0 days 00:01:39.480000,0 days 01:18:21.768000,5262.3775,9.0
2023-10-22 19:19:24.161,6214,83,3,5,False,8,car,0 days 00:01:39.640000,0 days 01:18:21.928000,5266.0663888888885,9.0
2023-10-22 19:19:24.481,6494,85,3,34,False,8,car,0 days 00:01:39.960000,0 days 01:18:22.248000,5273.621944444444,9.0
2023-10-22 19:19:24.681,6842,88,3,37,False,8,car,0 days 00:01:40.160000,0 days 01:18:22.448000,5278.510833333333,9.0
2023-10-22 19:19:25.001,7548,94,3,46,False,8,car,0 days 00:01:40.480000,0 days 01:18:22.768000,5286.866388888889,9.0
2023-10-22 19:19:25.161,7502,98,3,46,False,8,car,0 days 00:01:40.640000,0 days 01:18:22.928000,5291.2219444444445,9.0
2023-10-22 19:19:25.481,8269,106,3,57,False,8,car,0 days 00:01:40.960000,0 days 01:18:23.248000,5300.644166666667,9.0
2023-10-22 19:19:25.801,9249,117,3,62,False,8,car,0 days 00:01:41.280000,0 days 01:18:23.568000,5311.0441666666675,9.0
2023-10-22 19:19:26.001,10392,122,3,67,False,8,car,0 days 00:01:41.480000,0 days 01:18:23.768000,5317.821944444446,9.0
2023-10-22 19:19:26.161,10036,130,3,74,False,8,car,0 days 00:01:41.640000,0 days 01:18:23.928000,5323.599722222223,9.0
2023-10-22 19:19:26.521,11223,148,3,94,False,8,car,0 days 00:01:42,0 days 01:18:24.288000,5338.399722222223,9.0
2023-10-22 19:19:26.921,10748,168,3,100,False,8,car,0 days 00:01:42.400000,0 days 01:18:24.688000,5357.06638888889,9.0
2023-10-22 19:19:27.121,11121,173,4,100,False,8,car,0 days 00:01:42.600000,0 days 01:18:24.888000,5366.677500000001,9.0
2023-10-22 19:19:27.442,11596,184,4,100,False,14,car,0 days 00:01:42.921000,0 days 01:18:25.209000,5383.084166666668,9.0
2023-10-22 19:19:27.602,11839,188,4,100,False,12,car,0 days 00:01:43.081000,0 days 01:18:25.369000,5391.439722222223,9.0
2023-10-22 19:19:27.802,10857,194,5,100,False,12,car,0 days 00:01:43.281000,0 days 01:18:25.569000,5402.217500000002,9.0
2023-10-22 19:19:28.162,11263,208,5,100,False,12,car,0 days 00:01:43.641000,0 days 01:18:25.929000,5423.017500000002,9.0
2023-10-22 19:19:28.801,10760,223,6,100,False,12,car,0 days 00:00:00.505000,0 days 01:18:26.568000,31.281944444444445,10.0
2023-10-22 19:19:29.081,11073,231,6,100,False,12,car,0 days 00:00:00.785000,0 days 01:18:26.848000,49.24861111111112,10.0
2023-10-22 19:19:29.441,11435,238,6,100,False,12,car,0 days 00:00:01.145000,0 days 01:18:27.208000,73.04861111111111,10.0
2023-10-22 19:19:29.601,11611,242,6,100,False,12,car,0 days 00:00:01.305000,0 days 01:18:27.368000,83.80416666666666,10.0
2023-10-22 19:19:29.961,11102,250,6,100,False,12,car,0 days 00:00:01.665000,0 days 01:18:27.728000,108.80416666666667,10.0
2023-10-22 19:19:30.401,10819,256,7,100,False,12,car,0 days 00:00:02.105000,0 days 01:18:28.168000,140.09305555555557,10.0
2023-10-22 19:19:30.601,10983,262,7,100,False,12,car,0 days 00:00:02.305000,0 days 01:18:28.368000,154.64861111111114,10.0
2023-10-22 19:19:30.841,11066,266,7,100,False,12,car,0 days 00:00:02.545000,0 days 01:18:28.608000,172.38194444444446,10.0
2023-10-22 19:19:31.081,11312,270,7,100,False,12,car,0 days 00:00:02.785000,0 days 01:18:28.848000,190.38194444444446,10.0
2023-10-22 19:19:31.241,11361,273,7,100,False,12,car,0 days 00:00:02.945000,0 days 01:18:29.008000,202.51527777777775,10.0
2023-10-22 19:19:31.641,11574,279,7,100,False,12,car,0 days 00:00:03.345000,0 days 01:18:29.408000,233.51527777777778,10.0
2023-10-22 19:19:31.881,11537,281,7,100,False,12,car,0 days 00:00:03.585000,0 days 01:18:29.648000,252.2486111111111,10.0
2023-10-22 19:19:32.241,10699,286,8,100,False,12,car,0 days 00:00:03.945000,0 days 01:18:30.008000,280.8486111111111,10.0
2023-10-22 19:19:32.561,10698,289,8,100,False,12,car,0 days 00:00:04.265000,0 days 01:18:30.328000,306.53749999999997,10.0
2023-10-22 19:19:32.841,10770,293,8,100,False,12,car,0 days 00:00:04.545000,0 days 01:18:30.608000,329.32638888888886,10.0
2023-10-22 19:19:33.201,11215,295,8,100,False,12,car,0 days 00:00:04.905000,0 days 01:18:30.968000,358.82638888888886,10.0
2023-10-22 19:19:33.481,10916,298,8,100,False,12,car,0 days 00:00:05.185000,0 days 01:18:31.248000,382.0041666666666,10.0
2023-10-22 19:19:33.721,11027,300,8,100,False,12,car,0 days 00:00:05.425000,0 days 01:18:31.488000,402.0041666666666,10.0
2023-10-22 19:19:33.962,11108,301,8,100,False,12,car,0 days 00:00:05.666000,0 days 01:18:31.729000,422.15444444444444,10.0
2023-10-22 19:19:34.162,11101,302,8,100,False,12,car,0 days 00:00:05.866000,0 days 01:18:31.929000,438.93222222222215,10.0
2023-10-22 19:19:34.442,11102,302,8,100,False,12,car,0 days 00:00:06.146000,0 days 01:18:32.209000,462.42111111111103,10.0
2023-10-22 19:19:34.722,10757,301,8,100,False,12,car,0 days 00:00:06.426000,0 days 01:18:32.489000,485.8322222222222,10.0
2023-10-22 19:19:34.922,10464,289,8,0,True,0,car,0 days 00:00:06.626000,0 days 01:18:32.689000,501.8877777777777,10.0
2023-10-22 19:19:35.241,10176,256,8,0,True,0,car,0 days 00:00:06.945000,0 days 01:18:33.008000,524.5722222222222,10.0
2023-10-22 19:19:35.401,10176,256,8,0,True,0,car,0 days 00:00:07.105000,0 days 01:18:33.168000,535.9499999999999,10.0
2023-10-22 19:19:35.641,9766,210,8,0,True,0,car,0 days 00:00:07.345000,0 days 01:18:33.408000,549.9499999999999,10.0
2023-10-22 19:19:35.921,10203,177,8,0,True,0,car,0 days 00:00:07.625000,0 days 01:18:33.688000,563.7166666666666,10.0
2023-10-22 19:19:36.121,10149,157,7,0,True,0,car,0 days 00:00:07.825000,0 days 01:18:33.888000,572.4388888888889,10.0
2023-10-22 19:19:36.481,10024,134,3,0,True,0,car,0 days 00:00:08.185000,0 days 01:18:34.248000,585.8388888888888,10.0
2023-10-22 19:19:36.761,9839,118,3,0,True,0,car,0 days 00:00:08.465000,0 days 01:18:34.528000,595.0166666666667,10.0
2023-10-22 19:19:37.121,8420,101,2,0,True,0,car,0 days 00:00:08.825000,0 days 01:18:34.888000,605.1166666666667,10.0
2023-10-22 19:19:37.481,7553,93,2,0,True,0,car,0 days 00:00:09.185000,0 days 01:18:35.248000,614.4166666666667,10.0
2023-10-22 19:19:37.681,7156,90,2,0,True,0,car,0 days 00:00:09.385000,0 days 01:18:35.448000,619.4166666666667,10.0
2023-10-22 19:19:37.881,6950,84,2,0,False,0,car,0 days 00:00:09.585000,0 days 01:18:35.648000,624.0833333333335,10.0
2023-10-22 19:19:38.041,6696,81,2,0,False,0,car,0 days 00:00:09.745000,0 days 01:18:35.808000,627.6833333333334,10.0
2023-10-22 19:19:38.241,6541,79,2,0,False,0,car,0 days 00:00:09.945000,0 days 01:18:36.008000,632.0722222222223,10.0
2023-10-22 19:19:38.601,6303,74,2,0,False,0,car,0 days 00:00:10.305000,0 days 01:18:36.368000,639.4722222222223,10.0
2023-10-22 19:19:38.961,6336,73,2,20,False,0,car,0 days 00:00:10.665000,0 days 01:18:36.728000,646.7722222222222,10.0
2023-10-22 19:19:39.361,7300,81,2,34,False,0,car,0 days 00:00:11.065000,0 days 01:18:37.128000,655.7722222222222,10.0
2023-10-22 19:19:39.521,7794,85,2,39,False,0,car,0 days 00:00:11.225000,0 days 01:18:37.288000,659.5500000000001,10.0
2023-10-22 19:19:39.841,8181,92,2,42,False,0,car,0 days 00:00:11.545000,0 days 01:18:37.608000,667.7277777777779,10.0
2023-10-22 19:19:40.161,8934,100,2,48,False,0,car,0 days 00:00:11.865000,0 days 01:18:37.928000,676.6166666666668,10.0
2023-10-22 19:19:40.401,8637,106,2,51,False,0,car,0 days 00:00:12.105000,0 days 01:18:38.168000,683.6833333333335,10.0
2023-10-22 19:19:40.602,8757,112,3,57,False,0,car,0 days 00:00:12.306000,0 days 01:18:38.369000,689.9366666666668,10.0
2023-10-22 19:19:40.882,9634,122,3,64,False,0,car,0 days 00:00:12.586000,0 days 01:18:38.649000,699.4255555555558,10.0
2023-10-22 19:19:41.242,10434,138,3,69,False,0,car,0 days 00:00:12.946000,0 days 01:18:39.009000,713.2255555555557,10.0
2023-10-22 19:19:41.442,10933,146,3,76,False,0,car,0 days 00:00:13.146000,0 days 01:18:39.209000,721.3366666666669,10.0
2023-10-22 19:19:41.642,10775,154,3,85,False,0,car,0 days 00:00:13.346000,0 days 01:18:39.409000,729.8922222222225,10.0
2023-10-22 19:19:41.881,10406,163,3,99,False,0,car,0 days 00:00:13.585000,0 days 01:18:39.648000,740.7136111111114,10.0
2023-10-22 19:19:42.281,11485,176,4,99,False,0,car,0 days 00:00:13.985000,0 days 01:18:40.048000,760.2691666666669,10.0
2023-10-22 19:19:42.721,10686,192,4,99,False,0,car,0 days 00:00:14.425000,0 days 01:18:40.488000,783.7358333333336,10.0
2023-10-22 19:19:42.921,10985,202,5,100,False,0,car,0 days 00:00:14.625000,0 days 01:18:40.688000,794.9580555555558,10.0
2023-10-22 19:19:43.121,11440,210,5,99,False,0,car,0 days 00:00:14.825000,0 days 01:18:40.888000,806.6247222222224,10.0
2023-10-22 19:19:43.521,10339,216,6,100,False,0,car,0 days 00:00:15.225000,0 days 01:18:41.288000,830.6247222222224,10.0
2023-10-22 19:19:43.721,10725,223,6,99,False,0,car,0 days 00:00:15.425000,0 days 01:18:41.488000,843.0136111111113,10.0
2023-10-22 19:19:44.041,10967,226,6,100,False,0,car,0 days 00:00:15.745000,0 days 01:18:41.808000,863.1025000000002,10.0
2023-10-22 19:19:44.241,10995,234,6,100,False,0,car,0 days 00:00:15.945000,0 days 01:18:42.008000,876.1025000000003,10.0
2023-10-22 19:19:44.561,11297,238,6,100,False,0,car,0 days 00:00:16.265000,0 days 01:18:42.328000,897.2580555555559,10.0
2023-10-22 19:19:44.801,11512,241,6,100,False,0,car,0 days 00:00:16.505000,0 days 01:18:42.568000,913.3247222222225,10.0
2023-10-22 19:19:45.001,11610,244,6,100,False,0,car,0 days 00:00:16.705000,0 days 01:18:42.768000,926.880277777778,10.0
2023-10-22 19:19:45.361,10322,249,6,100,False,0,car,0 days 00:00:17.065000,0 days 01:18:43.128000,951.7802777777782,10.0
2023-10-22 19:19:45.601,10480,252,7,100,False,0,car,0 days 00:00:17.305000,0 days 01:18:43.368000,968.5802777777781,10.0
2023-10-22 19:19:45.921,10665,255,7,100,False,0,car,0 days 00:00:17.625000,0 days 01:18:43.688000,991.2469444444448,10.0
2023-10-22 19:19:46.201,10811,259,7,100,False,0,car,0 days 00:00:17.905000,0 days 01:18:43.968000,1011.3913888888893,10.0
2023-10-22 19:19:46.361,10799,260,7,100,False,0,car,0 days 00:00:18.065000,0 days 01:18:44.128000,1022.9469444444449,10.0
2023-10-22 19:19:46.561,10897,261,7,100,False,0,car,0 days 00:00:18.265000,0 days 01:18:44.328000,1037.4469444444449,10.0
2023-10-22 19:19:46.961,10912,264,7,100,False,0,car,0 days 00:00:18.665000,0 days 01:18:44.728000,1066.780277777778,10.0
2023-10-22 19:19:47.122,11000,265,7,100,False,0,car,0 days 00:00:18.826000,0 days 01:18:44.889000,1078.6316666666671,10.0
2023-10-22 19:19:47.402,11072,266,7,100,False,0,car,0 days 00:00:19.106000,0 days 01:18:45.169000,1099.320555555556,10.0
2023-10-22 19:19:47.842,11169,266,7,100,False,0,car,0 days 00:00:19.546000,0 days 01:18:45.609000,1131.831666666667,10.0
2023-10-22 19:19:48.202,11268,264,7,50,False,0,car,0 days 00:00:19.906000,0 days 01:18:45.969000,1158.2316666666668,10.0
2023-10-22 19:19:48.402,11268,265,7,61,False,0,car,0 days 00:00:20.106000,0 days 01:18:46.169000,1172.9538888888892,10.0
2023-10-22 19:19:48.641,11023,265,7,100,False,0,car,0 days 00:00:20.345000,0 days 01:18:46.408000,1190.5469444444445,10.0
2023-10-22 19:19:48.801,11028,266,7,100,False,0,car,0 days 00:00:20.505000,0 days 01:18:46.568000,1202.3691666666668,10.0
2023-10-22 19:19:49.001,10925,267,7,46,False,0,car,0 days 00:00:20.705000,0 days 01:18:46.768000,1217.2025,10.0
2023-10-22 19:19:49.161,10902,262,7,34,False,0,car,0 days 00:00:20.865000,0 days 01:18:46.928000,1228.8469444444445,10.0
2023-10-22 19:19:49.321,10455,260,7,34,False,0,car,0 days 00:00:21.025000,0 days 01:18:47.088000,1240.4025000000001,10.0
2023-10-22 19:19:49.601,10316,251,7,40,False,0,car,0 days 00:00:21.305000,0 days 01:18:47.368000,1259.9247222222225,10.0
2023-10-22 19:19:49.801,10326,248,7,59,False,0,car,0 days 00:00:21.505000,0 days 01:18:47.568000,1273.7025000000003,10.0
2023-10-22 19:19:50.081,10481,242,7,0,True,0,car,0 days 00:00:21.785000,0 days 01:18:47.848000,1292.5247222222226,10.0
2023-10-22 19:19:50.321,10480,228,6,0,True,0,car,0 days 00:00:22.025000,0 days 01:18:48.088000,1307.7247222222225,10.0
2023-10-22 19:19:50.521,10359,219,6,1,True,0,car,0 days 00:00:22.225000,0 days 01:18:48.288000,1319.8913888888892,10.0
2023-10-22 19:19:50.761,9992,213,6,24,False,0,car,0 days 00:00:22.465000,0 days 01:18:48.528000,1334.091388888889,10.0
2023-10-22 19:19:50.961,9938,211,6,27,False,0,car,0 days 00:00:22.665000,0 days 01:18:48.728000,1345.8136111111112,10.0
2023-10-22 19:19:51.241,9944,209,6,67,False,0,car,0 days 00:00:22.945000,0 days 01:18:49.008000,1362.069166666667,10.0
2023-10-22 19:19:51.481,10232,210,6,80,False,0,car,0 days 00:00:23.185000,0 days 01:18:49.248000,1376.069166666667,10.0
2023-10-22 19:19:51.721,10370,216,6,89,False,0,car,0 days 00:00:23.425000,0 days 01:18:49.488000,1390.469166666667,10.0
2023-10-22 19:19:52.161,10384,219,6,28,False,0,car,0 days 00:00:23.865000,0 days 01:18:49.928000,1417.2358333333334,10.0
2023-10-22 19:19:52.481,9826,216,6,9,True,0,car,0 days 00:00:24.185000,0 days 01:18:50.248000,1436.4358333333334,10.0
2023-10-22 19:19:52.641,9672,208,6,0,False,0,car,0 days 00:00:24.345000,0 days 01:18:50.408000,1445.680277777778,10.0
2023-10-22 19:19:52.961,10855,207,5,28,False,0,car,0 days 00:00:24.665000,0 days 01:18:50.728000,1464.080277777778,10.0
2023-10-22 19:19:53.321,11077,203,5,55,False,0,car,0 days 00:00:25.025000,0 days 01:18:51.088000,1484.380277777778,10.0
2023-10-22 19:19:53.601,10331,199,5,0,True,0,car,0 days 00:00:25.305000,0 days 01:18:51.368000,1499.858055555556,10.0
2023-10-22 19:19:53.842,10068,191,5,0,True,0,car,0 days 00:00:25.546000,0 days 01:18:51.609000,1512.6444444444448,10.0
2023-10-22 19:19:54.082,10317,189,5,57,False,0,car,0 days 00:00:25.786000,0 days 01:18:51.849000,1525.244444444445,10.0
2023-10-22 19:19:54.322,10218,190,5,48,False,0,car,0 days 00:00:26.026000,0 days 01:18:52.089000,1537.9111111111115,10.0
2023-10-22 19:19:54.602,10386,189,5,54,False,0,car,0 days 00:00:26.306000,0 days 01:18:52.369000,1552.6111111111115,10.0
2023-10-22 19:19:55.002,10661,191,5,58,False,0,car,0 days 00:00:26.706000,0 days 01:18:52.769000,1573.8333333333337,10.0
2023-10-22 19:19:55.242,10557,195,5,84,False,0,car,0 days 00:00:26.946000,0 days 01:18:53.009000,1586.8333333333337,10.0
2023-10-22 19:19:55.681,11133,202,5,100,False,0,car,0 days 00:00:27.385000,0 days 01:18:53.448000,1611.4661111111116,10.0
2023-10-22 19:19:56.041,9976,198,5,3,True,0,car,0 days 00:00:27.745000,0 days 01:18:53.808000,1631.2661111111115,10.0
2023-10-22 19:19:56.441,11249,183,5,1,True,0,car,0 days 00:00:28.145000,0 days 01:18:54.208000,1651.5994444444448,10.0
2023-10-22 19:19:56.601,10954,181,4,2,True,0,car,0 days 00:00:28.305000,0 days 01:18:54.368000,1659.6438888888893,10.0
2023-10-22 19:19:56.841,10536,174,4,2,True,0,car,0 days 00:00:28.545000,0 days 01:18:54.608000,1671.2438888888894,10.0
2023-10-22 19:19:57.041,10385,169,4,2,False,0,car,0 days 00:00:28.745000,0 days 01:18:54.808000,1680.6327777777783,10.0
2023-10-22 19:19:57.241,10257,165,4,15,False,0,car,0 days 00:00:28.945000,0 days 01:18:55.008000,1689.799444444445,10.0
2023-10-22 19:19:57.441,10233,162,4,30,False,0,car,0 days 00:00:29.145000,0 days 01:18:55.208000,1698.799444444445,10.0
2023-10-22 19:19:57.601,10491,162,4,48,False,0,car,0 days 00:00:29.305000,0 days 01:18:55.368000,1705.999444444445,10.0
2023-10-22 19:19:57.921,10786,168,4,60,False,0,car,0 days 00:00:29.625000,0 days 01:18:55.688000,1720.9327777777785,10.0
2023-10-22 19:19:58.161,9671,174,4,73,False,0,car,0 days 00:00:29.865000,0 days 01:18:55.928000,1732.5327777777784,10.0
2023-10-22 19:19:58.401,9945,179,5,81,False,0,car,0 days 00:00:30.105000,0 days 01:18:56.168000,1744.4661111111118,10.0
2023-10-22 19:19:58.681,10412,186,5,82,False,0,car,0 days 00:00:30.385000,0 days 01:18:56.448000,1758.9327777777785,10.0
2023-10-22 19:19:58.841,10024,190,5,78,False,0,car,0 days 00:00:30.545000,0 days 01:18:56.608000,1767.3772222222228,10.0
2023-10-22 19:19:59.081,9800,180,5,0,True,0,car,0 days 00:00:30.785000,0 days 01:18:56.848000,1779.3772222222228,10.0
2023-10-22 19:19:59.281,10049,168,4,0,True,0,car,0 days 00:00:30.985000,0 days 01:18:57.048000,1788.710555555556,10.0
2023-10-22 19:19:59.521,9344,154,4,0,True,0,car,0 days 00:00:31.225000,0 days 01:18:57.288000,1798.9772222222227,10.0
2023-10-22 19:19:59.681,9100,150,4,0,True,0,car,0 days 00:00:31.385000,0 days 01:18:57.448000,1805.6438888888895,10.0
2023-10-22 19:19:59.841,8929,148,4,3,False,0,car,0 days 00:00:31.545000,0 days 01:18:57.608000,1812.2216666666673,10.0
2023-10-22 19:20:00.161,8851,142,4,0,False,0,car,0 days 00:00:31.865000,0 days 01:18:57.928000,1824.8438888888893,10.0
2023-10-22 19:20:00.482,8349,137,4,0,False,0,car,0 days 00:00:32.186000,0 days 01:18:58.249000,1837.0597222222227,10.0
2023-10-22 19:20:00.722,8349,132,4,0,False,0,car,0 days 00:00:32.426000,0 days 01:18:58.489000,1845.859722222223,10.0
2023-10-22 19:20:00.962,8229,129,4,8,False,0,car,0 days 00:00:32.666000,0 days 01:18:58.729000,1854.4597222222228,10.0
2023-10-22 19:20:01.122,8175,129,4,32,False,0,car,0 days 00:00:32.826000,0 days 01:18:58.889000,1860.1930555555564,10.0
2023-10-22 19:20:01.282,8090,129,4,23,False,0,car,0 days 00:00:32.986000,0 days 01:18:59.049000,1865.9263888888895,10.0
2023-10-22 19:20:01.562,8011,130,4,46,False,0,car,0 days 00:00:33.266000,0 days 01:18:59.329000,1876.0375000000006,10.0
2023-10-22 19:20:01.802,8316,130,4,35,False,0,car,0 days 00:00:33.506000,0 days 01:18:59.569000,1884.7041666666673,10.0
2023-10-22 19:20:02.081,8537,131,4,50,False,0,car,0 days 00:00:33.785000,0 days 01:18:59.848000,1894.8566666666673,10.0
2023-10-22 19:20:02.361,8997,136,4,63,False,0,car,0 days 00:00:34.065000,0 days 01:19:00.128000,1905.434444444445,10.0
2023-10-22 19:20:02.641,9483,148,4,72,False,0,car,0 days 00:00:34.345000,0 days 01:19:00.408000,1916.9455555555562,10.0
2023-10-22 19:20:02.961,9545,152,4,41,False,0,car,0 days 00:00:34.665000,0 days 01:19:00.728000,1930.4566666666674,10.0
2023-10-22 19:20:03.281,9766,150,4,36,False,0,car,0 days 00:00:34.985000,0 days 01:19:01.048000,1943.7900000000006,10.0
2023-10-22 19:20:03.441,9723,151,4,41,False,0,car,0 days 00:00:35.145000,0 days 01:19:01.208000,1950.5011111111119,10.0
2023-10-22 19:20:03.761,9976,154,4,56,False,0,car,0 days 00:00:35.465000,0 days 01:19:01.528000,1964.1900000000007,10.0
2023-10-22 19:20:04.081,10443,161,4,74,False,0,car,0 days 00:00:35.785000,0 days 01:19:01.848000,1978.5011111111116,10.0
2023-10-22 19:20:04.241,10730,163,4,78,False,0,car,0 days 00:00:35.945000,0 days 01:19:02.008000,1985.7455555555562,10.0
2023-10-22 19:20:04.441,11264,170,4,100,False,0,car,0 days 00:00:36.145000,0 days 01:19:02.208000,1995.1900000000007,10.0
2023-10-22 19:20:04.721,11363,170,4,100,False,0,car,0 days 00:00:36.425000,0 days 01:19:02.488000,2008.4122222222227,10.0
2023-10-22 19:20:04.921,11049,185,4,100,False,0,car,0 days 00:00:36.625000,0 days 01:19:02.688000,2018.6900000000005,10.0
2023-10-22 19:20:05.121,12204,189,5,100,False,0,car,0 days 00:00:36.825000,0 days 01:19:02.888000,2029.1900000000007,10.0
2023-10-22 19:20:05.401,10988,196,5,100,False,0,car,0 days 00:00:37.105000,0 days 01:19:03.168000,2044.4344444444448,10.0
2023-10-22 19:20:05.601,11361,204,5,100,False,0,car,0 days 00:00:37.305000,0 days 01:19:03.368000,2055.7677777777785,10.0
2023-10-22 19:20:05.881,11638,212,5,100,False,0,car,0 days 00:00:37.585000,0 days 01:19:03.648000,2072.2566666666676,10.0
2023-10-22 19:20:06.121,10682,220,5,100,False,0,car,0 days 00:00:37.825000,0 days 01:19:03.888000,2086.9233333333345,10.0
2023-10-22 19:20:06.481,10906,228,6,100,False,0,car,0 days 00:00:38.185000,0 days 01:19:04.248000,2109.7233333333347,10.0
2023-10-22 19:20:06.761,11045,232,6,100,False,0,car,0 days 00:00:38.465000,0 days 01:19:04.528000,2127.7677777777794,10.0
2023-10-22 19:20:06.962,11745,237,6,100,False,0,car,0 days 00:00:38.666000,0 days 01:19:04.729000,2141.000277777779,10.0
2023-10-22 19:20:07.282,11342,243,6,100,False,0,car,0 days 00:00:38.986000,0 days 01:19:05.049000,2162.600277777779,10.0
2023-10-22 19:20:07.562,11706,247,6,100,False,0,car,0 days 00:00:39.266000,0 days 01:19:05.329000,2181.81138888889,10.0
2023-10-22 19:20:07.842,10440,252,7,100,False,0,car,0 days 00:00:39.546000,0 days 01:19:05.609000,2201.41138888889,10.0
2023-10-22 19:20:08.202,10772,257,7,100,False,0,car,0 days 00:00:39.906000,0 days 01:19:05.969000,2227.11138888889,10.0
2023-10-22 19:20:08.522,10965,264,7,99,False,0,car,0 days 00:00:40.226000,0 days 01:19:06.289000,2250.5780555555566,10.0
2023-10-22 19:20:08.801,11105,267,7,100,False,0,car,0 days 00:00:40.505000,0 days 01:19:06.568000,2271.2705555555567,10.0
2023-10-22 19:20:09.041,11214,271,7,100,False,0,car,0 days 00:00:40.745000,0 days 01:19:06.808000,2289.337222222223,10.0
2023-10-22 19:20:09.441,11461,276,7,100,False,0,car,0 days 00:00:41.145000,0 days 01:19:07.208000,2320.00388888889,10.0
2023-10-22 19:20:09.761,11467,279,7,100,False,0,car,0 days 00:00:41.465000,0 days 01:19:07.528000,2344.80388888889,10.0
2023-10-22 19:20:09.961,11541,280,7,99,False,0,car,0 days 00:00:41.665000,0 days 01:19:07.728000,2360.359444444445,10.0
2023-10-22 19:20:10.161,11575,281,7,100,False,0,car,0 days 00:00:41.865000,0 days 01:19:07.928000,2375.9705555555565,10.0
2023-10-22 19:20:10.441,10849,274,7,78,True,0,car,0 days 00:00:42.145000,0 days 01:19:08.208000,2397.2816666666677,10.0
2023-10-22 19:20:10.601,10508,262,7,0,True,0,car,0 days 00:00:42.305000,0 days 01:19:08.368000,2408.926111111112,10.0
2023-10-22 19:20:10.881,10567,236,6,0,True,0,car,0 days 00:00:42.585000,0 days 01:19:08.648000,2427.2816666666677,10.0
2023-10-22 19:20:11.161,10458,195,6,0,True,0,car,0 days 00:00:42.865000,0 days 01:19:08.928000,2442.448333333334,10.0
2023-10-22 19:20:11.361,11018,178,6,0,True,0,car,0 days 00:00:43.065000,0 days 01:19:09.128000,2452.337222222223,10.0
2023-10-22 19:20:11.641,9588,151,4,0,True,0,car,0 days 00:00:43.345000,0 days 01:19:09.408000,2464.0816666666674,10.0
2023-10-22 19:20:11.961,10765,131,4,0,True,0,car,0 days 00:00:43.665000,0 days 01:19:09.728000,2475.726111111112,10.0
2023-10-22 19:20:12.121,10030,117,3,0,True,0,car,0 days 00:00:43.825000,0 days 01:19:09.888000,2480.9261111111123,10.0
2023-10-22 19:20:12.441,8264,102,2,0,True,0,car,0 days 00:00:44.145000,0 days 01:19:10.208000,2489.992777777779,10.0
2023-10-22 19:20:12.721,7493,91,2,0,True,0,car,0 days 00:00:44.425000,0 days 01:19:10.488000,2497.0705555555564,10.0
2023-10-22 19:20:13.001,7191,88,2,0,False,0,car,0 days 00:00:44.705000,0 days 01:19:10.768000,2503.915000000001,10.0
2023-10-22 19:20:13.281,6842,84,2,0,True,0,car,0 days 00:00:44.985000,0 days 01:19:11.048000,2510.448333333334,10.0
2023-10-22 19:20:13.442,6716,80,2,0,True,0,car,0 days 00:00:45.146000,0 days 01:19:11.209000,2514.026111111112,10.0
2023-10-22 19:20:13.762,6261,75,2,0,True,0,car,0 days 00:00:45.466000,0 days 01:19:11.529000,2520.6927777777787,10.0
2023-10-22 19:20:14.002,5812,71,2,0,True,0,car,0 days 00:00:45.706000,0 days 01:19:11.769000,2525.4261111111123,10.0
2023-10-22 19:20:14.322,5669,67,2,0,False,0,car,0 days 00:00:46.026000,0 days 01:19:12.089000,2531.381666666668,10.0
2023-10-22 19:20:14.482,5541,66,2,0,False,0,car,0 days 00:00:46.186000,0 days 01:19:12.249000,2534.3150000000014,10.0
2023-10-22 19:20:14.842,6172,68,2,20,False,0,car,0 days 00:00:46.546000,0 days 01:19:12.609000,2541.1150000000016,10.0
2023-10-22 19:20:15.002,6419,69,2,24,False,0,car,0 days 00:00:46.706000,0 days 01:19:12.769000,2544.181666666668,10.0
2023-10-22 19:20:15.162,6556,71,2,24,False,0,car,0 days 00:00:46.866000,0 days 01:19:12.929000,2547.3372222222238,10.0
2023-10-22 19:20:15.362,6604,73,2,29,False,0,car,0 days 00:00:47.066000,0 days 01:19:13.129000,2551.3927777777794,10.0
2023-10-22 19:20:15.561,7374,78,2,36,False,0,car,0 days 00:00:47.265000,0 days 01:19:13.328000,2555.704444444446,10.0
2023-10-22 19:20:15.881,7825,84,2,39,False,0,car,0 days 00:00:47.585000,0 days 01:19:13.648000,2563.1711111111126,10.0
2023-10-22 19:20:16.241,7731,93,3,45,False,0,car,0 days 00:00:47.945000,0 days 01:19:14.008000,2572.471111111113,10.0
2023-10-22 19:20:16.721,8215,108,3,59,False,0,car,0 days 00:00:48.425000,0 days 01:19:14.488000,2586.871111111113,10.0
2023-10-22 19:20:16.881,8889,108,3,67,False,0,car,0 days 00:00:48.585000,0 days 01:19:14.648000,2591.671111111113,10.0
2023-10-22 19:20:17.281,10124,128,3,74,False,0,car,0 days 00:00:48.985000,0 days 01:19:15.048000,2605.8933333333352,10.0
2023-10-22 19:20:17.481,10551,137,3,100,False,0,car,0 days 00:00:49.185000,0 days 01:19:15.248000,2613.5044444444466,10.0
2023-10-22 19:20:17.641,11212,148,3,100,False,0,car,0 days 00:00:49.345000,0 days 01:19:15.408000,2620.082222222224,10.0
2023-10-22 19:20:17.801,11772,153,3,100,False,0,car,0 days 00:00:49.505000,0 days 01:19:15.568000,2626.8822222222243,10.0
2023-10-22 19:20:18.001,11282,157,4,100,False,8,car,0 days 00:00:49.705000,0 days 01:19:15.768000,2635.6044444444465,10.0
2023-10-22 19:20:18.281,10994,174,4,100,False,8,car,0 days 00:00:49.985000,0 days 01:19:16.048000,2649.13777777778,10.0
2023-10-22 19:20:18.521,11430,185,4,100,False,8,car,0 days 00:00:50.225000,0 days 01:19:16.288000,2661.4711111111133,10.0
2023-10-22 19:20:18.761,10579,193,4,100,False,8,car,0 days 00:00:50.465000,0 days 01:19:16.528000,2674.33777777778,10.0
2023-10-22 19:20:18.921,10944,196,5,100,False,8,car,0 days 00:00:50.625000,0 days 01:19:16.688000,2683.048888888891,10.0
2023-10-22 19:20:19.161,11165,207,5,100,False,8,car,0 days 00:00:50.865000,0 days 01:19:16.928000,2696.848888888891,10.0
2023-10-22 19:20:19.401,11482,212,5,100,False,8,car,0 days 00:00:51.105000,0 days 01:19:17.168000,2710.982222222224,10.0
2023-10-22 19:20:19.601,10439,217,5,100,False,8,car,0 days 00:00:51.305000,0 days 01:19:17.368000,2723.03777777778,10.0
2023-10-22 19:20:19.801,10772,224,6,100,False,8,car,0 days 00:00:51.505000,0 days 01:19:17.568000,2735.4822222222247,10.0
2023-10-22 19:20:20.042,10940,231,6,100,False,8,car,0 days 00:00:51.746000,0 days 01:19:17.809000,2750.9463888888913,10.0
2023-10-22 19:20:20.402,11319,238,6,100,False,8,car,0 days 00:00:52.106000,0 days 01:19:18.169000,2774.7463888888915,10.0
2023-10-22 19:20:20.642,11451,244,6,100,False,8,car,0 days 00:00:52.346000,0 days 01:19:18.409000,2791.013055555558,10.0
2023-10-22 19:20:20.842,10331,247,6,100,False,8,car,0 days 00:00:52.546000,0 days 01:19:18.609000,2804.7352777777805,10.0
2023-10-22 19:20:21.162,10465,252,7,100,False,14,car,0 days 00:00:52.866000,0 days 01:19:18.929000,2827.1352777777806,10.0
2023-10-22 19:20:21.442,10754,257,7,100,False,14,car,0 days 00:00:53.146000,0 days 01:19:19.209000,2847.1241666666697,10.0
2023-10-22 19:20:21.602,10742,258,7,100,False,14,car,0 days 00:00:53.306000,0 days 01:19:19.369000,2858.590833333336,10.0
2023-10-22 19:20:22.082,11186,266,7,100,False,12,car,0 days 00:00:53.786000,0 days 01:19:19.849000,2894.057500000003,10.0
2023-10-22 19:20:22.281,11099,270,7,100,False,12,car,0 days 00:00:53.985000,0 days 01:19:20.048000,2908.982500000003,10.0
2023-10-22 19:20:22.641,11476,275,7,100,False,12,car,0 days 00:00:54.345000,0 days 01:19:20.408000,2936.482500000003,10.0
2023-10-22 19:20:22.801,11578,277,7,100,False,12,car,0 days 00:00:54.505000,0 days 01:19:20.568000,2948.7936111111144,10.0
2023-10-22 19:20:23.041,10458,281,7,100,False,12,car,0 days 00:00:54.745000,0 days 01:19:20.808000,2967.5269444444475,10.0
2023-10-22 19:20:23.201,10569,281,8,100,False,12,car,0 days 00:00:54.905000,0 days 01:19:20.968000,2980.0158333333366,10.0
2023-10-22 19:20:23.521,10499,286,8,100,False,12,car,0 days 00:00:55.225000,0 days 01:19:21.288000,3005.438055555559,10.0
2023-10-22 19:20:23.721,10568,288,8,100,False,12,car,0 days 00:00:55.425000,0 days 01:19:21.488000,3021.4380555555585,10.0
2023-10-22 19:20:23.881,10636,290,8,100,False,12,car,0 days 00:00:55.585000,0 days 01:19:21.648000,3034.3269444444477,10.0
2023-10-22 19:20:24.041,10726,292,8,100,False,12,car,0 days 00:00:55.745000,0 days 01:19:21.808000,3047.3047222222253,10.0
2023-10-22 19:20:24.281,10834,294,8,100,False,12,car,0 days 00:00:55.985000,0 days 01:19:22.048000,3066.9047222222257,10.0
2023-10-22 19:20:24.441,10952,295,8,100,False,12,car,0 days 00:00:56.145000,0 days 01:19:22.208000,3080.015833333337,10.0
2023-10-22 19:20:24.721,10986,299,8,100,False,12,car,0 days 00:00:56.425000,0 days 01:19:22.488000,3103.271388888892,10.0
2023-10-22 19:20:24.881,11056,300,8,100,False,12,car,0 days 00:00:56.585000,0 days 01:19:22.648000,3116.6047222222255,10.0
2023-10-22 19:20:25.121,11131,303,8,100,False,12,car,0 days 00:00:56.825000,0 days 01:19:22.888000,3136.804722222226,10.0
2023-10-22 19:20:25.361,11220,305,8,100,False,12,car,0 days 00:00:57.065000,0 days 01:19:23.128000,3157.138055555559,10.0
2023-10-22 19:20:25.521,11279,306,8,100,False,12,car,0 days 00:00:57.225000,0 days 01:19:23.288000,3170.738055555559,10.0
2023-10-22 19:20:25.681,11333,307,8,100,False,12,car,0 days 00:00:57.385000,0 days 01:19:23.448000,3184.3825000000033,10.0
2023-10-22 19:20:25.881,11411,309,8,100,False,12,car,0 days 00:00:57.585000,0 days 01:19:23.648000,3201.5491666666703,10.0
2023-10-22 19:20:26.121,11441,311,8,100,False,12,car,0 days 00:00:57.825000,0 days 01:19:23.888000,3222.282500000004,10.0
2023-10-22 19:20:26.281,11590,311,8,100,False,12,car,0 days 00:00:57.985000,0 days 01:19:24.048000,3236.104722222226,10.0
2023-10-22 19:20:26.481,11680,313,8,100,False,12,car,0 days 00:00:58.185000,0 days 01:19:24.248000,3253.493611111115,10.0
2023-10-22 19:20:26.842,11597,316,8,100,False,12,car,0 days 00:00:58.546000,0 days 01:19:24.609000,3285.181388888893,10.0
2023-10-22 19:20:27.082,11621,317,8,100,False,12,car,0 days 00:00:58.786000,0 days 01:19:24.849000,3306.3147222222265,10.0
2023-10-22 19:20:27.362,11635,317,8,100,False,12,car,0 days 00:00:59.066000,0 days 01:19:25.129000,3330.970277777782,10.0
2023-10-22 19:20:27.562,11683,318,8,100,False,12,car,0 days 00:00:59.266000,0 days 01:19:25.329000,3348.636944444448,10.0
2023-10-22 19:20:27.802,11705,319,8,100,False,12,car,0 days 00:00:59.506000,0 days 01:19:25.569000,3369.903611111115,10.0
2023-10-22 19:20:28.042,11730,319,8,100,False,12,car,0 days 00:00:59.746000,0 days 01:19:25.809000,3391.170277777782,10.0
2023-10-22 19:20:28.242,11699,319,8,100,False,12,car,0 days 00:00:59.946000,0 days 01:19:26.009000,3408.8925000000036,10.0
2023-10-22 19:20:28.402,11779,319,8,100,False,12,car,0 days 00:01:00.106000,0 days 01:19:26.169000,3423.0702777777815,10.0
2023-10-22 19:20:28.642,11731,319,8,100,False,12,car,0 days 00:01:00.346000,0 days 01:19:26.409000,3444.336944444448,10.0
2023-10-22 19:20:29.001,11761,321,8,100,False,12,car,0 days 00:01:00.705000,0 days 01:19:26.768000,3476.3477777777816,10.0
2023-10-22 19:20:29.201,11805,321,8,100,False,12,car,0 days 00:01:00.905000,0 days 01:19:26.968000,3494.181111111115,10.0
2023-10-22 19:20:29.521,11763,321,8,100,False,12,car,0 days 00:01:01.225000,0 days 01:19:27.288000,3522.7144444444484,10.0
2023-10-22 19:20:29.721,11790,321,8,100,False,12,car,0 days 00:01:01.425000,0 days 01:19:27.488000,3540.5477777777814,10.0
2023-10-22 19:20:30.001,11361,321,8,96,True,0,car,0 days 00:01:01.705000,0 days 01:19:27.768000,3565.514444444448,10.0
2023-10-22 19:20:30.201,10887,313,8,0,True,0,car,0 days 00:01:01.905000,0 days 01:19:27.968000,3582.9033333333373,10.0
2023-10-22 19:20:30.401,10941,276,8,0,True,0,car,0 days 00:01:02.105000,0 days 01:19:28.168000,3598.2366666666703,10.0
2023-10-22 19:20:30.721,10742,240,7,0,True,0,car,0 days 00:01:02.425000,0 days 01:19:28.488000,3619.570000000004,10.0
2023-10-22 19:20:30.881,10042,230,6,0,True,0,car,0 days 00:01:02.585000,0 days 01:19:28.648000,3629.7922222222264,10.0
2023-10-22 19:20:31.041,10375,207,6,0,True,0,car,0 days 00:01:02.745000,0 days 01:19:28.808000,3638.9922222222262,10.0
2023-10-22 19:20:31.401,10682,180,6,0,True,0,car,0 days 00:01:03.105000,0 days 01:19:29.168000,3656.9922222222262,10.0
2023-10-22 19:20:31.801,10004,163,4,0,True,0,car,0 days 00:01:03.505000,0 days 01:19:29.568000,3675.1033333333376,10.0
2023-10-22 19:20:31.961,10333,148,4,0,True,0,car,0 days 00:01:03.665000,0 days 01:19:29.728000,3681.681111111115,10.0
2023-10-22 19:20:32.401,10076,123,2,0,True,0,car,0 days 00:01:04.105000,0 days 01:19:30.168000,3696.7144444444484,10.0
2023-10-22 19:20:32.601,9461,116,2,0,True,0,car,0 days 00:01:04.305000,0 days 01:19:30.368000,3703.1588888888928,10.0
2023-10-22 19:20:32.801,9128,111,2,0,True,0,car,0 days 00:01:04.505000,0 days 01:19:30.568000,3709.3255555555593,10.0
2023-10-22 19:20:33.001,8496,104,2,0,True,0,car,0 days 00:01:04.705000,0 days 01:19:30.768000,3715.103333333337,10.0
2023-10-22 19:20:33.402,7574,95,2,0,True,0,car,0 days 00:01:05.106000,0 days 01:19:31.169000,3725.6852777777813,10.0
2023-10-22 19:20:33.562,6969,88,2,0,True,0,car,0 days 00:01:05.266000,0 days 01:19:31.329000,3729.5963888888928,10.0
2023-10-22 19:20:33.722,6702,81,2,0,True,0,car,0 days 00:01:05.426000,0 days 01:19:31.489000,3733.1963888888927,10.0
2023-10-22 19:20:34.042,5775,71,2,0,True,0,car,0 days 00:01:05.746000,0 days 01:19:31.809000,3739.507500000004,10.0
2023-10-22 19:20:34.282,5568,67,2,0,False,0,car,0 days 00:01:05.986000,0 days 01:19:32.049000,3743.9741666666705,10.0
2023-10-22 19:20:34.642,5948,65,2,16,False,0,car,0 days 00:01:06.346000,0 days 01:19:32.409000,3750.4741666666705,10.0
2023-10-22 19:20:35.042,7196,77,2,48,False,0,car,0 days 00:01:06.746000,0 days 01:19:32.809000,3759.0297222222257,10.0
2023-10-22 19:20:35.202,7762,81,2,50,False,0,car,0 days 00:01:06.906000,0 days 01:19:32.969000,3762.629722222226,10.0
2023-10-22 19:20:35.482,8154,89,2,57,False,0,car,0 days 00:01:07.186000,0 days 01:19:33.249000,3769.5519444444485,10.0
2023-10-22 19:20:35.721,9767,101,2,67,False,0,car,0 days 00:01:07.425000,0 days 01:19:33.488000,3776.257222222226,10.0
2023-10-22 19:20:36.001,10825,113,2,70,False,0,car,0 days 00:01:07.705000,0 days 01:19:33.768000,3785.046111111115,10.0
2023-10-22 19:20:36.281,9695,126,2,88,False,0,car,0 days 00:01:07.985000,0 days 01:19:34.048000,3794.846111111115,10.0
2023-10-22 19:20:36.441,10326,136,3,100,False,0,car,0 days 00:01:08.145000,0 days 01:19:34.208000,3800.8905555555593,10.0
2023-10-22 19:20:36.681,10978,146,3,100,False,0,car,0 days 00:01:08.385000,0 days 01:19:34.448000,3810.623888888893,10.0
2023-10-22 19:20:36.841,11603,155,3,100,False,0,car,0 days 00:01:08.545000,0 days 01:19:34.608000,3817.5127777777816,10.0
2023-10-22 19:20:37.121,10907,167,3,100,False,0,car,0 days 00:01:08.825000,0 days 01:19:34.888000,3830.5016666666706,10.0
2023-10-22 19:20:37.441,11065,176,4,100,False,0,car,0 days 00:01:09.145000,0 days 01:19:35.208000,3846.146111111115,10.0
2023-10-22 19:20:37.681,11222,178,4,100,False,0,car,0 days 00:01:09.385000,0 days 01:19:35.448000,3858.012777777782,10.0
2023-10-22 19:20:37.841,10400,182,4,99,True,0,car,0 days 00:01:09.545000,0 days 01:19:35.608000,3866.1016666666706,10.0
2023-10-22 19:20:38.001,9669,177,5,0,True,0,car,0 days 00:01:09.705000,0 days 01:19:35.768000,3873.968333333337,10.0
2023-10-22 19:20:38.361,9875,151,5,0,True,0,car,0 days 00:01:10.065000,0 days 01:19:36.128000,3889.068333333337,10.0
2023-10-22 19:20:38.801,8790,128,3,0,True,0,car,0 days 00:01:10.505000,0 days 01:19:36.568000,3904.712777777781,10.0
2023-10-22 19:20:39.081,7694,112,3,0,True,0,car,0 days 00:01:10.785000,0 days 01:19:36.848000,3913.423888888892,10.0
2023-10-22 19:20:39.241,7396,107,3,1,True,0,car,0 days 00:01:10.945000,0 days 01:19:37.008000,3918.1794444444477,10.0
2023-10-22 19:20:39.641,6612,94,3,0,True,0,car,0 days 00:01:11.345000,0 days 01:19:37.408000,3928.6238888888925,10.0
2023-10-22 19:20:40.042,6170,87,3,0,False,0,car,0 days 00:01:11.746000,0 days 01:19:37.809000,3938.3147222222256,10.0
2023-10-22 19:20:40.202,5983,86,3,0,False,0,car,0 days 00:01:11.906000,0 days 01:19:37.969000,3942.136944444448,10.0
2023-10-22 19:20:40.642,6217,82,3,13,False,0,car,0 days 00:01:12.346000,0 days 01:19:38.409000,3952.1591666666704,10.0
2023-10-22 19:20:40.802,6286,83,3,22,False,0,car,0 days 00:01:12.506000,0 days 01:19:38.569000,3955.8480555555593,10.0
2023-10-22 19:20:41.002,6596,86,3,31,False,0,car,0 days 00:01:12.706000,0 days 01:19:38.769000,3960.625833333337,10.0
2023-10-22 19:20:41.242,6817,91,3,41,False,0,car,0 days 00:01:12.946000,0 days 01:19:39.009000,3966.6925000000037,10.0
2023-10-22 19:20:41.482,7697,98,3,53,False,0,car,0 days 00:01:13.186000,0 days 01:19:39.249000,3973.2258333333375,10.0
2023-10-22 19:20:41.802,8061,104,3,46,False,0,car,0 days 00:01:13.506000,0 days 01:19:39.569000,3982.4702777777816,10.0
2023-10-22 19:20:42.082,8327,112,3,44,False,0,car,0 days 00:01:13.786000,0 days 01:19:39.849000,3991.181388888893,10.0
2023-10-22 19:20:42.441,9076,121,3,51,False,0,car,0 days 00:01:14.145000,0 days 01:19:40.208000,4003.2477777777817,10.0
2023-10-22 19:20:42.681,9511,127,3,60,False,0,car,0 days 00:01:14.385000,0 days 01:19:40.448000,4011.714444444449,10.0
2023-10-22 19:20:42.841,9962,132,3,55,False,0,car,0 days 00:01:14.545000,0 days 01:19:40.608000,4017.581111111115,10.0
2023-10-22 19:20:43.001,10246,135,3,62,False,0,car,0 days 00:01:14.705000,0 days 01:19:40.768000,4023.581111111115,10.0
2023-10-22 19:20:43.321,9147,143,4,56,False,0,car,0 days 00:01:15.025000,0 days 01:19:41.088000,4036.2922222222264,10.0
2023-10-22 19:20:43.561,9390,148,4,54,False,0,car,0 days 00:01:15.265000,0 days 01:19:41.328000,4046.1588888888928,10.0
2023-10-22 19:20:44.361,10938,171,4,99,False,0,car,0 days 00:01:16.065000,0 days 01:19:42.128000,4084.1588888888928,10.0
2023-10-22 19:20:44.601,11270,177,4,99,False,0,car,0 days 00:01:16.305000,0 days 01:19:42.368000,4095.9588888888934,10.0
2023-10-22 19:20:44.881,9991,186,5,99,False,0,car,0 days 00:01:16.585000,0 days 01:19:42.648000,4110.425555555559,10.0
2023-10-22 19:20:45.081,10378,191,5,99,True,0,car,0 days 00:01:16.785000,0 days 01:19:42.848000,4121.0366666666705,10.0
2023-10-22 19:20:45.441,10300,172,5,0,True,0,car,0 days 00:01:17.145000,0 days 01:19:43.208000,4138.23666666667,10.0
2023-10-22 19:20:45.641,10159,159,4,0,True,0,car,0 days 00:01:17.345000,0 days 01:19:43.408000,4147.070000000003,10.0
2023-10-22 19:20:45.921,10130,140,3,0,True,0,car,0 days 00:01:17.625000,0 days 01:19:43.688000,4157.958888888892,10.0
2023-10-22 19:20:46.362,10477,126,3,0,True,0,car,0 days 00:01:18.066000,0 days 01:19:44.129000,4173.393888888892,10.0
2023-10-22 19:20:46.682,8839,107,2,0,True,0,car,0 days 00:01:18.386000,0 days 01:19:44.449000,4182.905000000003,10.0
2023-10-22 19:20:46.882,8434,99,2,0,True,0,car,0 days 00:01:18.586000,0 days 01:19:44.649000,4188.405000000003,10.0
2023-10-22 19:20:47.122,7389,92,2,0,True,0,car,0 days 00:01:18.826000,0 days 01:19:44.889000,4194.538333333337,10.0
2023-10-22 19:20:47.402,6638,83,2,0,True,0,car,0 days 00:01:19.106000,0 days 01:19:45.169000,4200.993888888892,10.0
2023-10-22 19:20:47.642,6231,75,2,0,True,0,car,0 days 00:01:19.346000,0 days 01:19:45.409000,4205.993888888892,10.0
2023-10-22 19:20:47.842,5953,74,2,0,True,0,car,0 days 00:01:19.546000,0 days 01:19:45.609000,4210.105000000003,10.0
2023-10-22 19:20:48.202,5564,71,2,0,False,0,car,0 days 00:01:19.906000,0 days 01:19:45.969000,4217.205000000004,10.0
2023-10-22 19:20:48.602,6047,67,2,11,False,0,car,0 days 00:01:20.306000,0 days 01:19:46.369000,4224.649444444448,10.0
2023-10-22 19:20:49.042,6971,78,2,37,False,0,car,0 days 00:01:20.746000,0 days 01:19:46.809000,4234.182777777781,10.0
2023-10-22 19:20:49.441,7804,86,2,41,False,0,car,0 days 00:01:21.145000,0 days 01:19:47.208000,4243.7144444444475,10.0
2023-10-22 19:20:49.721,8374,88,2,44,False,0,car,0 days 00:01:21.425000,0 days 01:19:47.488000,4250.558888888892,10.0
2023-10-22 19:20:49.921,8874,99,2,51,False,0,car,0 days 00:01:21.625000,0 days 01:19:47.688000,4256.058888888892,10.0
2023-10-22 19:20:50.121,9394,105,2,54,False,0,car,0 days 00:01:21.825000,0 days 01:19:47.888000,4261.892222222225,10.0
2023-10-22 19:20:50.361,9972,112,2,62,False,0,car,0 days 00:01:22.065000,0 days 01:19:48.128000,4269.358888888892,10.0
2023-10-22 19:20:50.561,9824,120,2,65,False,0,car,0 days 00:01:22.265000,0 days 01:19:48.328000,4276.025555555559,10.0
2023-10-22 19:20:50.801,9642,127,3,75,False,0,car,0 days 00:01:22.505000,0 days 01:19:48.568000,4284.492222222225,10.0
2023-10-22 19:20:51.201,11032,141,3,100,False,0,car,0 days 00:01:22.905000,0 days 01:19:48.968000,4300.158888888892,10.0
2023-10-22 19:20:51.641,10202,164,3,100,False,0,car,0 days 00:01:23.345000,0 days 01:19:49.408000,4320.203333333337,10.0
2023-10-22 19:20:52.081,11530,184,4,100,False,0,car,0 days 00:01:23.785000,0 days 01:19:49.848000,4342.692222222226,10.0
2023-10-22 19:20:52.521,10882,200,5,85,False,0,car,0 days 00:01:24.225000,0 days 01:19:50.288000,4367.13666666667,10.0
2023-10-22 19:20:52.801,11011,202,5,71,False,0,car,0 days 00:01:24.505000,0 days 01:19:50.568000,4382.847777777781,10.0
2023-10-22 19:20:53.002,9992,204,5,13,False,0,car,0 days 00:01:24.706000,0 days 01:19:50.769000,4394.237777777781,10.0
2023-10-22 19:20:53.322,9417,200,6,0,False,0,car,0 days 00:01:25.026000,0 days 01:19:51.089000,4412.015555555558,10.0
2023-10-22 19:20:53.762,9238,196,6,29,False,0,car,0 days 00:01:25.466000,0 days 01:19:51.529000,4435.971111111114,10.0
2023-10-22 19:20:53.962,9462,198,6,60,False,0,car,0 days 00:01:25.666000,0 days 01:19:51.729000,4446.971111111114,10.0
2023-10-22 19:20:54.202,9529,199,6,67,False,0,car,0 days 00:01:25.906000,0 days 01:19:51.969000,4460.237777777781,10.0
2023-10-22 19:20:54.562,9724,201,6,68,False,0,car,0 days 00:01:26.266000,0 days 01:19:52.329000,4480.337777777781,10.0
2023-10-22 19:20:54.722,9972,208,6,88,False,0,car,0 days 00:01:26.426000,0 days 01:19:52.489000,4489.582222222226,10.0
2023-10-22 19:20:54.922,9860,210,6,65,False,0,car,0 days 00:01:26.626000,0 days 01:19:52.689000,4501.248888888893,10.0
2023-10-22 19:20:55.122,9946,210,6,57,False,0,car,0 days 00:01:26.826000,0 days 01:19:52.889000,4512.915555555559,10.0
2023-10-22 19:20:55.402,10011,212,6,61,False,0,car,0 days 00:01:27.106000,0 days 01:19:53.169000,4529.404444444448,10.0
2023-10-22 19:20:55.642,10062,212,6,61,False,0,car,0 days 00:01:27.346000,0 days 01:19:53.409000,4543.537777777782,10.0
2023-10-22 19:20:55.961,10308,215,6,72,False,0,car,0 days 00:01:27.665000,0 days 01:19:53.728000,4562.589166666671,10.0
2023-10-22 19:20:56.201,10423,217,6,78,False,0,car,0 days 00:01:27.905000,0 days 01:19:53.968000,4577.055833333337,10.0
2023-10-22 19:20:56.401,10533,219,6,80,False,0,car,0 days 00:01:28.105000,0 days 01:19:54.168000,4589.222500000004,10.0
2023-10-22 19:20:56.801,10761,224,6,87,False,0,car,0 days 00:01:28.505000,0 days 01:19:54.568000,4614.111388888893,10.0
2023-10-22 19:20:57.121,10912,229,6,100,False,0,car,0 days 00:01:28.825000,0 days 01:19:54.888000,4634.466944444449,10.0
2023-10-22 19:20:57.441,11190,234,6,100,False,0,car,0 days 00:01:29.145000,0 days 01:19:55.208000,4655.266944444448,10.0
2023-10-22 19:20:57.601,11415,239,6,100,False,0,car,0 days 00:01:29.305000,0 days 01:19:55.368000,4665.889166666671,10.0
2023-10-22 19:20:57.881,11569,242,6,100,False,0,car,0 days 00:01:29.585000,0 days 01:19:55.648000,4684.7113888888925,10.0
2023-10-22 19:20:58.201,11621,247,6,100,False,0,car,0 days 00:01:29.905000,0 days 01:19:55.968000,4706.666944444449,10.0
2023-10-22 19:20:58.561,10598,254,7,99,False,0,car,0 days 00:01:30.265000,0 days 01:19:56.328000,4732.066944444448,10.0
2023-10-22 19:20:58.881,10692,256,7,100,False,0,car,0 days 00:01:30.585000,0 days 01:19:56.648000,4754.822500000004,10.0
2023-10-22 19:20:59.081,10691,258,7,100,False,0,car,0 days 00:01:30.785000,0 days 01:19:56.848000,4769.155833333338,10.0
2023-10-22 19:20:59.522,10806,260,7,100,False,0,car,0 days 00:01:31.226000,0 days 01:19:57.289000,4801.005833333338,10.0
2023-10-22 19:20:59.882,10871,261,7,100,False,0,car,0 days 00:01:31.586000,0 days 01:19:57.649000,4827.1058333333385,10.0
2023-10-22 19:21:00.122,10960,264,7,99,False,0,car,0 days 00:01:31.826000,0 days 01:19:57.889000,4844.705833333338,10.0
2023-10-22 19:21:00.482,10461,260,7,0,True,0,car,0 days 00:01:32.186000,0 days 01:19:58.249000,4870.705833333339,10.0
2023-10-22 19:21:00.642,10350,251,7,0,True,0,car,0 days 00:01:32.346000,0 days 01:19:58.409000,4881.861388888894,10.0
2023-10-22 19:21:00.922,10399,228,7,0,True,0,car,0 days 00:01:32.626000,0 days 01:19:58.689000,4899.594722222228,10.0
2023-10-22 19:21:01.162,9912,215,6,0,True,0,car,0 days 00:01:32.866000,0 days 01:19:58.929000,4913.928055555561,10.0
2023-10-22 19:21:01.322,10700,204,6,0,True,0,car,0 days 00:01:33.026000,0 days 01:19:59.089000,4922.994722222227,10.0
2023-10-22 19:21:01.482,10478,198,5,0,True,0,car,0 days 00:01:33.186000,0 days 01:19:59.249000,4931.794722222227,10.0
2023-10-22 19:21:01.762,9809,185,5,0,True,0,car,0 days 00:01:33.466000,0 days 01:19:59.529000,4946.183611111115,10.0
2023-10-22 19:21:01.962,9397,177,5,0,True,0,car,0 days 00:01:33.666000,0 days 01:19:59.729000,4956.016944444448,10.0
2023-10-22 19:21:02.322,8976,170,5,0,False,0,car,0 days 00:01:34.026000,0 days 01:20:00.089000,4973.016944444448,10.0
2023-10-22 19:21:02.561,9247,167,5,27,False,0,car,0 days 00:01:34.265000,0 days 01:20:00.328000,4984.1038888888925,10.0
2023-10-22 19:21:02.801,9234,166,5,48,False,0,car,0 days 00:01:34.505000,0 days 01:20:00.568000,4995.170555555559,10.0
2023-10-22 19:21:03.081,9500,171,5,69,False,0,car,0 days 00:01:34.785000,0 days 01:20:00.848000,5008.470555555559,10.0
2023-10-22 19:21:03.401,9819,179,5,87,False,0,car,0 days 00:01:35.105000,0 days 01:20:01.168000,5024.381666666671,10.0
2023-10-22 19:21:03.561,10274,183,5,87,False,0,car,0 days 00:01:35.265000,0 days 01:20:01.328000,5032.515000000004,10.0
2023-10-22 19:21:03.801,10669,194,5,100,False,0,car,0 days 00:01:35.505000,0 days 01:20:01.568000,5045.448333333337,10.0
2023-10-22 19:21:04.161,11194,205,5,100,False,0,car,0 days 00:01:35.865000,0 days 01:20:01.928000,5065.948333333337,10.0
2023-10-22 19:21:04.401,11456,211,5,100,False,0,car,0 days 00:01:36.105000,0 days 01:20:02.168000,5080.015000000005,10.0
2023-10-22 19:21:04.601,11556,215,5,100,False,0,car,0 days 00:01:36.305000,0 days 01:20:02.368000,5091.959444444449,10.0
2023-10-22 19:21:04.801,10438,220,5,100,False,0,car,0 days 00:01:36.505000,0 days 01:20:02.568000,5104.181666666671,10.0
2023-10-22 19:21:05.041,10678,226,6,100,False,0,car,0 days 00:01:36.745000,0 days 01:20:02.808000,5119.248333333338,10.0
2023-10-22 19:21:05.241,10776,228,6,100,False,0,car,0 days 00:01:36.945000,0 days 01:20:03.008000,5131.9150000000045,10.0
2023-10-22 19:21:05.441,10992,231,6,100,False,0,car,0 days 00:01:37.145000,0 days 01:20:03.208000,5144.748333333338,10.0
2023-10-22 19:21:05.881,10873,231,6,0,True,0,car,0 days 00:01:37.585000,0 days 01:20:03.648000,5172.981666666672,10.0
2023-10-22 19:21:06.122,10352,213,6,0,True,0,car,0 days 00:01:37.826000,0 days 01:20:03.889000,5187.240833333339,10.0
2023-10-22 19:21:06.322,10067,178,5,0,True,0,car,0 days 00:01:38.026000,0 days 01:20:04.089000,5197.129722222227,10.0
2023-10-22 19:21:06.522,11148,161,4,0,True,8,car,0 days 00:01:38.226000,0 days 01:20:04.289000,5206.074166666672,10.0
2023-10-22 19:21:06.842,10033,146,3,0,True,8,car,0 days 00:01:38.546000,0 days 01:20:04.609000,5219.05194444445,10.0
2023-10-22 19:21:07.082,9107,134,3,0,True,8,car,0 days 00:01:38.786000,0 days 01:20:04.849000,5227.985277777783,10.0
2023-10-22 19:21:07.522,7736,111,3,0,True,8,car,0 days 00:01:39.226000,0 days 01:20:05.289000,5241.55194444445,10.0
2023-10-22 19:21:07.722,7420,106,3,0,True,8,car,0 days 00:01:39.426000,0 days 01:20:05.489000,5247.440833333339,10.0
2023-10-22 19:21:07.922,7029,103,3,0,True,8,car,0 days 00:01:39.626000,0 days 01:20:05.689000,5253.163055555561,10.0
2023-10-22 19:21:08.202,6608,96,3,0,True,8,car,0 days 00:01:39.906000,0 days 01:20:05.969000,5260.629722222227,10.0
2023-10-22 19:21:08.482,6527,91,3,0,False,8,car,0 days 00:01:40.186000,0 days 01:20:06.249000,5267.707500000005,10.0
2023-10-22 19:21:08.682,6130,88,3,3,False,8,car,0 days 00:01:40.386000,0 days 01:20:06.449000,5272.596388888894,10.0
2023-10-22 19:21:09.082,6299,85,3,22,False,8,car,0 days 00:01:40.786000,0 days 01:20:06.849000,5282.040833333338,10.0
2023-10-22 19:21:09.321,6802,88,3,32,False,8,car,0 days 00:01:41.025000,0 days 01:20:07.088000,5287.8830555555605,10.0
2023-10-22 19:21:09.761,7394,97,3,44,False,8,car,0 days 00:01:41.465000,0 days 01:20:07.528000,5299.738611111116,10.0
2023-10-22 19:21:09.961,7825,102,3,50,False,8,car,0 days 00:01:41.665000,0 days 01:20:07.728000,5305.405277777783,10.0
2023-10-22 19:21:10.121,8393,109,3,56,False,8,car,0 days 00:01:41.825000,0 days 01:20:07.888000,5310.249722222227,10.0
2023-10-22 19:21:10.281,8649,112,3,59,False,8,car,0 days 00:01:41.985000,0 days 01:20:08.048000,5315.227500000005,10.0
2023-10-22 19:21:10.761,10045,131,3,72,False,8,car,0 days 00:01:42.465000,0 days 01:20:08.528000,5332.694166666673,10.0
2023-10-22 19:21:11.001,11251,140,3,100,False,8,car,0 days 00:01:42.705000,0 days 01:20:08.768000,5342.027500000006,10.0
2023-10-22 19:21:11.201,11419,150,3,100,False,8,car,0 days 00:01:42.905000,0 days 01:20:08.968000,5350.360833333339,10.0
2023-10-22 19:21:11.401,11139,156,3,100,False,8,car,0 days 00:01:43.105000,0 days 01:20:09.168000,5359.027500000006,10.0
2023-10-22 19:21:11.681,10898,171,4,100,False,8,car,0 days 00:01:43.385000,0 days 01:20:09.448000,5372.327500000006,10.0
2023-10-22 19:21:11.961,11484,174,4,100,False,8,car,0 days 00:01:43.665000,0 days 01:20:09.728000,5385.8608333333395,10.0
2023-10-22 19:21:12.121,10504,188,4,100,False,8,car,0 days 00:01:43.825000,0 days 01:20:09.888000,5394.2163888888945,10.0
2023-10-22 19:21:12.361,10696,188,5,100,False,8,car,0 days 00:01:44.065000,0 days 01:20:10.128000,5406.749722222227,10.0
2023-10-22 19:21:12.521,10974,201,5,100,False,8,car,0 days 00:01:44.225000,0 days 01:20:10.288000,5415.683055555561,10.0
2023-10-22 19:21:12.762,11266,207,5,100,False,8,car,0 days 00:01:44.466000,0 days 01:20:10.529000,5429.540555555561,10.0
2023-10-22 19:21:12.922,11556,213,5,100,False,14,car,0 days 00:00:00.035000,0 days 01:20:10.689000,2.0708333333333333,11.0
2023-10-22 19:21:13.282,12162,220,5,100,False,12,car,0 days 00:00:00.395000,0 days 01:20:11.049000,24.07083333333333,11.0
2023-10-22 19:21:13.442,11701,226,5,100,False,12,car,0 days 00:00:00.555000,0 days 01:20:11.209000,34.11527777777778,11.0
2023-10-22 19:21:13.882,11155,235,6,100,False,12,car,0 days 00:00:00.995000,0 days 01:20:11.649000,62.83749999999999,11.0
2023-10-22 19:21:14.082,11401,239,6,100,False,12,car,0 days 00:00:01.195000,0 days 01:20:11.849000,76.11527777777778,11.0
2023-10-22 19:21:14.242,11560,243,6,100,False,12,car,0 days 00:00:01.355000,0 days 01:20:12.009000,86.91527777777777,11.0
2023-10-22 19:21:14.442,11838,247,6,100,False,12,car,0 days 00:00:01.555000,0 days 01:20:12.209000,100.63749999999999,11.0
2023-10-22 19:21:14.602,11779,247,6,100,False,12,car,0 days 00:00:01.715000,0 days 01:20:12.369000,111.61527777777778,11.0
2023-10-22 19:21:14.882,11945,251,6,100,False,12,car,0 days 00:00:01.995000,0 days 01:20:12.649000,131.1375,11.0
2023-10-22 19:21:15.042,11945,251,6,100,False,12,car,0 days 00:00:02.155000,0 days 01:20:12.809000,142.29305555555553,11.0
2023-10-22 19:21:15.322,10927,262,6,100,False,12,car,0 days 00:00:02.435000,0 days 01:20:13.089000,162.67083333333332,11.0
2023-10-22 19:21:15.482,10990,264,6,100,False,12,car,0 days 00:00:02.595000,0 days 01:20:13.249000,174.40416666666667,11.0
2023-10-22 19:21:15.722,11164,268,7,100,False,12,car,0 days 00:00:02.835000,0 days 01:20:13.489000,192.27083333333331,11.0
2023-10-22 19:21:15.962,11271,271,7,100,False,12,car,0 days 00:00:03.075000,0 days 01:20:13.729000,210.3375,11.0
2023-10-22 19:21:16.321,11498,276,7,100,False,12,car,0 days 00:00:03.434000,0 days 01:20:14.088000,237.86083333333335,11.0
2023-10-22 19:21:16.641,11535,280,7,100,False,12,car,0 days 00:00:03.754000,0 days 01:20:14.408000,262.7497222222222,11.0
2023-10-22 19:21:17.001,11767,282,7,100,False,12,car,0 days 00:00:04.114000,0 days 01:20:14.768000,290.9497222222222,11.0
2023-10-22 19:21:17.361,10671,286,7,100,False,12,car,0 days 00:00:04.474000,0 days 01:20:15.128000,319.5497222222222,11.0
2023-10-22 19:21:17.521,10647,288,8,100,False,12,car,0 days 00:00:04.634000,0 days 01:20:15.288000,332.3497222222222,11.0
2023-10-22 19:21:17.721,10650,290,8,100,False,12,car,0 days 00:00:04.834000,0 days 01:20:15.488000,348.46083333333326,11.0
2023-10-22 19:21:18.001,10794,290,8,100,False,12,car,0 days 00:00:05.114000,0 days 01:20:15.768000,371.01638888888886,11.0
2023-10-22 19:21:18.281,10793,294,8,100,False,12,car,0 days 00:00:05.394000,0 days 01:20:16.048000,393.88305555555553,11.0
2023-10-22 19:21:18.441,10900,295,8,100,False,12,car,0 days 00:00:05.554000,0 days 01:20:16.208000,406.9941666666667,11.0
2023-10-22 19:21:18.641,10726,294,8,100,False,12,car,0 days 00:00:05.754000,0 days 01:20:16.408000,423.32749999999993,11.0
2023-10-22 19:21:18.961,10834,295,8,100,False,12,car,0 days 00:00:06.074000,0 days 01:20:16.728000,449.54972222222216,11.0
2023-10-22 19:21:19.282,10959,294,8,100,False,12,car,0 days 00:00:06.395000,0 days 01:20:17.049000,475.76472222222213,11.0
2023-10-22 19:21:19.522,10765,292,8,100,False,12,car,0 days 00:00:06.635000,0 days 01:20:17.289000,495.23138888888883,11.0
2023-10-22 19:21:19.682,10424,292,8,63,True,12,car,0 days 00:00:06.795000,0 days 01:20:17.449000,508.20916666666665,11.0
2023-10-22 19:21:20.042,9826,240,8,0,True,0,car,0 days 00:00:07.155000,0 days 01:20:17.809000,532.2091666666666,11.0
2023-10-22 19:21:20.282,9797,215,7,0,True,0,car,0 days 00:00:07.395000,0 days 01:20:18.049000,546.5424999999999,11.0
2023-10-22 19:21:20.522,9947,184,7,0,True,0,car,0 days 00:00:07.635000,0 days 01:20:18.289000,558.8091666666666,11.0
2023-10-22 19:21:20.682,9995,184,5,0,True,0,car,0 days 00:00:07.795000,0 days 01:20:18.449000,566.9869444444444,11.0
2023-10-22 19:21:20.842,9421,165,5,0,True,0,car,0 days 00:00:07.955000,0 days 01:20:18.609000,574.3202777777777,11.0
2023-10-22 19:21:21.002,10235,150,5,0,True,0,car,0 days 00:00:08.115000,0 days 01:20:18.769000,580.9869444444444,11.0
2023-10-22 19:21:21.242,9333,131,3,0,True,0,car,0 days 00:00:08.355000,0 days 01:20:19.009000,589.7202777777777,11.0
2023-10-22 19:21:21.402,8795,126,3,0,True,0,car,0 days 00:00:08.515000,0 days 01:20:19.169000,595.3202777777777,11.0
2023-10-22 19:21:21.802,7362,108,3,0,True,0,car,0 days 00:00:08.915000,0 days 01:20:19.569000,607.3202777777777,11.0
2023-10-22 19:21:22.122,6632,96,3,0,True,0,car,0 days 00:00:09.235000,0 days 01:20:19.889000,615.853611111111,11.0
2023-10-22 19:21:22.282,6631,94,3,0,True,0,car,0 days 00:00:09.395000,0 days 01:20:20.049000,620.0313888888888,11.0
2023-10-22 19:21:22.522,5926,90,3,0,True,0,car,0 days 00:00:09.635000,0 days 01:20:20.289000,626.0313888888888,11.0
2023-10-22 19:21:22.841,5772,84,3,0,False,0,car,0 days 00:00:09.954000,0 days 01:20:20.608000,633.4747222222222,11.0
2023-10-22 19:21:23.121,5479,78,3,0,False,0,car,0 days 00:00:10.234000,0 days 01:20:20.888000,639.5413888888888,11.0
2023-10-22 19:21:23.401,5752,75,3,11,False,0,car,0 days 00:00:10.514000,0 days 01:20:21.168000,645.3747222222222,11.0
2023-10-22 19:21:23.601,5700,77,3,23,False,0,car,0 days 00:00:10.714000,0 days 01:20:21.368000,649.6525,11.0
2023-10-22 19:21:23.761,6078,80,3,27,False,0,car,0 days 00:00:10.874000,0 days 01:20:21.528000,653.2080555555556,11.0
2023-10-22 19:21:23.921,6233,82,3,32,False,0,car,0 days 00:00:11.034000,0 days 01:20:21.688000,656.8525000000001,11.0
2023-10-22 19:21:24.121,6556,85,3,34,False,0,car,0 days 00:00:11.234000,0 days 01:20:21.888000,661.5747222222222,11.0
2023-10-22 19:21:24.481,6885,91,3,37,False,0,car,0 days 00:00:11.594000,0 days 01:20:22.248000,670.6747222222223,11.0
2023-10-22 19:21:24.641,7353,95,3,38,False,0,car,0 days 00:00:11.754000,0 days 01:20:22.408000,674.8969444444444,11.0
2023-10-22 19:21:25.001,8043,103,3,50,False,0,car,0 days 00:00:12.114000,0 days 01:20:22.768000,685.1969444444445,11.0
2023-10-22 19:21:25.321,8679,116,3,57,False,0,car,0 days 00:00:12.434000,0 days 01:20:23.088000,695.5080555555555,11.0
2023-10-22 19:21:25.521,9508,116,3,64,False,0,car,0 days 00:00:12.634000,0 days 01:20:23.288000,701.9525,11.0
2023-10-22 19:21:25.882,10547,138,3,80,False,0,car,0 days 00:00:12.995000,0 days 01:20:23.649000,715.7908333333332,11.0
2023-10-22 19:21:26.162,11330,153,3,98,False,0,car,0 days 00:00:13.275000,0 days 01:20:23.929000,727.6908333333333,11.0
2023-10-22 19:21:26.482,10555,165,4,100,False,0,car,0 days 00:00:13.595000,0 days 01:20:24.249000,742.3575,11.0
2023-10-22 19:21:26.682,11087,175,4,99,False,0,car,0 days 00:00:13.795000,0 days 01:20:24.449000,752.0797222222221,11.0
2023-10-22 19:21:27.002,10729,183,4,99,False,0,car,0 days 00:00:14.115000,0 days 01:20:24.769000,768.3463888888888,11.0
2023-10-22 19:21:27.322,10990,201,5,99,False,0,car,0 days 00:00:14.435000,0 days 01:20:25.089000,786.2130555555555,11.0
2023-10-22 19:21:27.602,11382,207,5,99,False,0,car,0 days 00:00:14.715000,0 days 01:20:25.369000,802.3130555555554,11.0
2023-10-22 19:21:27.922,10613,215,5,100,False,0,car,0 days 00:00:15.035000,0 days 01:20:25.689000,821.4241666666665,11.0
2023-10-22 19:21:28.082,10333,215,6,100,False,0,car,0 days 00:00:15.195000,0 days 01:20:25.849000,830.979722222222,11.0
2023-10-22 19:21:28.362,10689,226,6,99,False,0,car,0 days 00:00:15.475000,0 days 01:20:26.129000,848.5574999999998,11.0
2023-10-22 19:21:28.562,11162,230,6,100,False,0,car,0 days 00:00:15.675000,0 days 01:20:26.329000,861.3352777777776,11.0
2023-10-22 19:21:28.962,11374,238,6,99,False,0,car,0 days 00:00:16.075000,0 days 01:20:26.729000,887.779722222222,11.0
2023-10-22 19:21:29.242,11467,243,6,100,False,0,car,0 days 00:00:16.355000,0 days 01:20:27.009000,906.679722222222,11.0
2023-10-22 19:21:29.601,10798,246,6,99,False,0,car,0 days 00:00:16.714000,0 days 01:20:27.368000,931.2113888888886,11.0
2023-10-22 19:21:29.761,10428,249,6,100,False,0,car,0 days 00:00:16.874000,0 days 01:20:27.528000,942.2780555555553,11.0
2023-10-22 19:21:29.921,10479,251,7,100,False,0,car,0 days 00:00:17.034000,0 days 01:20:27.688000,953.4336111111108,11.0
2023-10-22 19:21:30.201,10546,253,7,100,False,0,car,0 days 00:00:17.314000,0 days 01:20:27.968000,973.1113888888887,11.0
2023-10-22 19:21:30.481,10666,257,7,100,False,0,car,0 days 00:00:17.594000,0 days 01:20:28.248000,993.1002777777776,11.0
2023-10-22 19:21:30.801,10760,258,7,100,False,0,car,0 days 00:00:17.914000,0 days 01:20:28.568000,1016.033611111111,11.0
2023-10-22 19:21:30.961,10757,260,7,100,False,0,car,0 days 00:00:18.074000,0 days 01:20:28.728000,1027.5891666666666,11.0
2023-10-22 19:21:31.281,10817,261,7,99,False,0,car,0 days 00:00:18.394000,0 days 01:20:29.048000,1050.7891666666665,11.0
2023-10-22 19:21:31.481,10902,262,7,100,False,0,car,0 days 00:00:18.594000,0 days 01:20:29.248000,1065.3447222222221,11.0
2023-10-22 19:21:31.801,10982,263,7,100,False,0,car,0 days 00:00:18.914000,0 days 01:20:29.568000,1088.7224999999999,11.0
2023-10-22 19:21:32.041,10910,264,7,100,False,0,car,0 days 00:00:19.154000,0 days 01:20:29.808000,1106.3224999999998,11.0
2023-10-22 19:21:32.241,11008,264,7,100,False,0,car,0 days 00:00:19.354000,0 days 01:20:30.008000,1120.9891666666663,11.0
2023-10-22 19:21:32.522,11024,266,7,100,False,0,car,0 days 00:00:19.635000,0 days 01:20:30.289000,1141.7519444444442,11.0
2023-10-22 19:21:32.722,10993,266,7,99,False,0,car,0 days 00:00:19.835000,0 days 01:20:30.489000,1156.529722222222,11.0
2023-10-22 19:21:32.882,11089,266,7,100,False,0,car,0 days 00:00:19.995000,0 days 01:20:30.649000,1168.3519444444444,11.0
2023-10-22 19:21:33.042,11030,265,7,99,False,0,car,0 days 00:00:20.155000,0 days 01:20:30.809000,1180.1297222222222,11.0
2023-10-22 19:21:33.242,11067,266,7,100,False,0,car,0 days 00:00:20.355000,0 days 01:20:31.009000,1194.9075,11.0
2023-10-22 19:21:33.562,10325,254,7,0,True,0,car,0 days 00:00:20.675000,0 days 01:20:31.329000,1217.4852777777778,11.0
2023-10-22 19:21:33.802,11290,244,7,0,True,0,car,0 days 00:00:20.915000,0 days 01:20:31.569000,1233.7519444444445,11.0
2023-10-22 19:21:34.082,11065,235,6,36,False,0,car,0 days 00:00:21.195000,0 days 01:20:31.849000,1252.0297222222223,11.0
2023-10-22 19:21:34.242,10925,231,6,46,False,0,car,0 days 00:00:21.355000,0 days 01:20:32.009000,1262.296388888889,11.0
2023-10-22 19:21:34.602,10902,233,6,88,False,0,car,0 days 00:00:21.715000,0 days 01:20:32.369000,1285.596388888889,11.0
2023-10-22 19:21:34.962,10271,224,6,0,True,0,car,0 days 00:00:22.075000,0 days 01:20:32.729000,1307.9963888888888,11.0
2023-10-22 19:21:35.202,9827,215,6,2,False,0,car,0 days 00:00:22.315000,0 days 01:20:32.969000,1322.3297222222222,11.0
2023-10-22 19:21:35.602,9654,206,6,32,False,0,car,0 days 00:00:22.715000,0 days 01:20:33.369000,1345.2186111111112,11.0
2023-10-22 19:21:36.042,9804,205,6,64,False,0,car,0 days 00:00:23.155000,0 days 01:20:33.809000,1370.2741666666668,11.0
2023-10-22 19:21:36.281,9974,209,6,85,False,0,car,0 days 00:00:23.394000,0 days 01:20:34.048000,1384.1494444444445,11.0
2023-10-22 19:21:36.521,10289,217,6,89,False,0,car,0 days 00:00:23.634000,0 days 01:20:34.288000,1398.6161111111112,11.0
2023-10-22 19:21:36.801,10103,218,6,39,False,0,car,0 days 00:00:23.914000,0 days 01:20:34.568000,1415.5716666666667,11.0
2023-10-22 19:21:37.161,9893,213,6,0,False,0,car,0 days 00:00:24.274000,0 days 01:20:34.928000,1436.8716666666667,11.0
2023-10-22 19:21:37.441,10666,205,6,0,False,0,car,0 days 00:00:24.554000,0 days 01:20:35.208000,1452.816111111111,11.0
2023-10-22 19:21:37.681,10552,203,5,0,False,0,car,0 days 00:00:24.794000,0 days 01:20:35.448000,1466.3494444444445,11.0
2023-10-22 19:21:38.081,10845,192,5,40,False,0,car,0 days 00:00:25.194000,0 days 01:20:35.848000,1487.6827777777778,11.0
2023-10-22 19:21:38.241,10402,191,5,52,False,0,car,0 days 00:00:25.354000,0 days 01:20:36.008000,1496.1716666666666,11.0
2023-10-22 19:21:38.441,10566,192,5,68,False,0,car,0 days 00:00:25.554000,0 days 01:20:36.208000,1506.8383333333331,11.0
2023-10-22 19:21:38.601,10767,194,5,85,False,0,car,0 days 00:00:25.714000,0 days 01:20:36.368000,1515.4605555555554,11.0
2023-10-22 19:21:38.841,11075,202,5,87,False,0,car,0 days 00:00:25.954000,0 days 01:20:36.608000,1528.927222222222,11.0
2023-10-22 19:21:39.042,11052,202,5,69,False,0,car,0 days 00:00:26.155000,0 days 01:20:36.809000,1540.2055555555555,11.0
2023-10-22 19:21:39.202,11004,202,5,67,False,0,car,0 days 00:00:26.315000,0 days 01:20:36.969000,1549.1833333333334,11.0
2023-10-22 19:21:39.442,11001,204,5,60,False,0,car,0 days 00:00:26.555000,0 days 01:20:37.209000,1562.7833333333333,11.0
2023-10-22 19:21:39.722,11268,206,5,72,False,0,car,0 days 00:00:26.835000,0 days 01:20:37.489000,1578.8055555555557,11.0
2023-10-22 19:21:40.122,11261,211,5,100,False,0,car,0 days 00:00:27.235000,0 days 01:20:37.889000,1602.25,11.0
2023-10-22 19:21:40.362,10280,214,6,100,False,0,car,0 days 00:00:27.475000,0 days 01:20:38.129000,1616.5166666666669,11.0
2023-10-22 19:21:40.802,9756,212,6,3,True,0,car,0 days 00:00:27.915000,0 days 01:20:38.569000,1642.427777777778,11.0
2023-10-22 19:21:41.122,10509,195,5,1,True,0,car,0 days 00:00:28.235000,0 days 01:20:38.889000,1659.7611111111112,11.0
2023-10-22 19:21:41.362,10154,191,5,0,True,0,car,0 days 00:00:28.475000,0 days 01:20:39.129000,1672.4944444444445,11.0
2023-10-22 19:21:41.802,9632,181,5,14,False,0,car,0 days 00:00:28.915000,0 days 01:20:39.569000,1694.6166666666666,11.0
2023-10-22 19:21:42.042,9709,177,5,38,False,0,car,0 days 00:00:29.155000,0 days 01:20:39.809000,1706.4166666666667,11.0
2023-10-22 19:21:42.442,9970,180,5,64,False,0,car,0 days 00:00:29.555000,0 days 01:20:40.209000,1726.4166666666667,11.0
2023-10-22 19:21:42.881,10446,188,5,100,False,0,car,0 days 00:00:29.994000,0 days 01:20:40.648000,1749.3422222222223,11.0
2023-10-22 19:21:43.201,10651,194,5,100,False,0,car,0 days 00:00:30.314000,0 days 01:20:40.968000,1766.5866666666668,11.0
2023-10-22 19:21:43.361,10538,194,5,100,True,0,car,0 days 00:00:30.474000,0 days 01:20:41.128000,1775.208888888889,11.0
2023-10-22 19:21:43.681,10761,175,5,0,True,0,car,0 days 00:00:30.794000,0 days 01:20:41.448000,1790.7644444444447,11.0
2023-10-22 19:21:43.841,9940,164,4,0,True,0,car,0 days 00:00:30.954000,0 days 01:20:41.608000,1798.0533333333337,11.0
2023-10-22 19:21:44.081,9607,157,4,0,False,0,car,0 days 00:00:31.194000,0 days 01:20:41.848000,1808.5200000000004,11.0
2023-10-22 19:21:44.241,9259,153,4,0,False,0,car,0 days 00:00:31.354000,0 days 01:20:42.008000,1815.3200000000004,11.0
2023-10-22 19:21:44.481,9070,153,4,0,False,0,car,0 days 00:00:31.594000,0 days 01:20:42.248000,1825.5200000000004,11.0
2023-10-22 19:21:44.961,8409,139,4,0,False,0,car,0 days 00:00:32.074000,0 days 01:20:42.728000,1844.0533333333337,11.0
2023-10-22 19:21:45.361,7904,130,4,0,False,0,car,0 days 00:00:32.474000,0 days 01:20:43.128000,1858.497777777778,11.0
2023-10-22 19:21:45.522,7834,126,4,9,False,0,car,0 days 00:00:32.635000,0 days 01:20:43.289000,1864.132777777778,11.0
2023-10-22 19:21:45.922,8165,127,4,42,False,0,car,0 days 00:00:33.035000,0 days 01:20:43.689000,1878.2438888888892,11.0
2023-10-22 19:21:46.202,8411,129,4,54,False,0,car,0 days 00:00:33.315000,0 days 01:20:43.969000,1888.2772222222225,11.0
2023-10-22 19:21:46.402,8761,130,4,63,False,0,car,0 days 00:00:33.515000,0 days 01:20:44.169000,1895.4994444444449,11.0
2023-10-22 19:21:46.682,9324,142,4,85,False,0,car,0 days 00:00:33.795000,0 days 01:20:44.449000,1906.5438888888893,11.0
2023-10-22 19:21:46.922,9725,154,4,80,False,0,car,0 days 00:00:34.035000,0 days 01:20:44.689000,1916.8105555555558,11.0
2023-10-22 19:21:47.122,9962,155,4,51,False,0,car,0 days 00:00:34.235000,0 days 01:20:44.889000,1925.421666666667,11.0
2023-10-22 19:21:47.362,9779,157,4,42,False,0,car,0 days 00:00:34.475000,0 days 01:20:45.129000,1935.8883333333338,11.0
2023-10-22 19:21:47.642,10134,155,4,47,False,0,car,0 days 00:00:34.755000,0 days 01:20:45.409000,1947.9438888888894,11.0
2023-10-22 19:21:48.042,10507,163,4,71,False,0,car,0 days 00:00:35.155000,0 days 01:20:45.809000,1966.0550000000005,11.0
2023-10-22 19:21:48.282,10949,168,4,99,False,0,car,0 days 00:00:35.395000,0 days 01:20:46.049000,1977.2550000000006,11.0
2023-10-22 19:21:48.562,11445,176,4,100,False,0,car,0 days 00:00:35.675000,0 days 01:20:46.329000,1990.9438888888892,11.0
2023-10-22 19:21:48.802,11744,183,4,100,False,0,car,0 days 00:00:35.915000,0 days 01:20:46.569000,2003.1438888888893,11.0
2023-10-22 19:21:49.082,11044,190,4,99,False,0,car,0 days 00:00:36.195000,0 days 01:20:46.849000,2017.921666666667,11.0
2023-10-22 19:21:49.282,10787,190,4,99,False,0,car,0 days 00:00:36.395000,0 days 01:20:47.049000,2028.4772222222227,11.0
2023-10-22 19:21:49.601,11164,199,4,100,False,0,car,0 days 00:00:36.714000,0 days 01:20:47.368000,2046.1108333333336,11.0
2023-10-22 19:21:49.921,11602,220,5,100,False,0,car,0 days 00:00:37.034000,0 days 01:20:47.688000,2065.6663888888893,11.0
2023-10-22 19:21:50.081,10666,222,5,100,False,0,car,0 days 00:00:37.194000,0 days 01:20:47.848000,2075.533055555556,11.0
2023-10-22 19:21:50.241,10932,225,6,99,False,0,car,0 days 00:00:37.354000,0 days 01:20:48.008000,2085.533055555556,11.0
2023-10-22 19:21:50.401,11069,229,6,100,False,0,car,0 days 00:00:37.514000,0 days 01:20:48.168000,2095.710833333334,11.0
2023-10-22 19:21:50.641,11117,233,6,100,False,0,car,0 days 00:00:37.754000,0 days 01:20:48.408000,2111.244166666667,11.0
2023-10-22 19:21:50.841,11425,238,6,100,False,0,car,0 days 00:00:37.954000,0 days 01:20:48.608000,2124.4663888888895,11.0
2023-10-22 19:21:51.121,11724,243,6,99,False,0,car,0 days 00:00:38.234000,0 days 01:20:48.888000,2143.3663888888896,11.0
2023-10-22 19:21:51.281,11528,242,6,99,False,0,car,0 days 00:00:38.394000,0 days 01:20:49.048000,2154.121944444445,11.0
2023-10-22 19:21:51.561,11738,249,6,100,False,0,car,0 days 00:00:38.674000,0 days 01:20:49.328000,2173.488611111112,11.0
2023-10-22 19:21:51.761,10595,252,6,99,False,0,car,0 days 00:00:38.874000,0 days 01:20:49.528000,2187.488611111112,11.0
2023-10-22 19:21:51.921,10528,255,7,99,False,0,car,0 days 00:00:39.034000,0 days 01:20:49.688000,2198.821944444445,11.0
2023-10-22 19:21:52.282,10758,259,7,100,False,0,car,0 days 00:00:39.395000,0 days 01:20:50.049000,2224.79388888889,11.0
2023-10-22 19:21:52.482,10860,262,7,99,False,0,car,0 days 00:00:39.595000,0 days 01:20:50.249000,2239.349444444445,11.0
2023-10-22 19:21:52.722,11017,267,7,99,False,0,car,0 days 00:00:39.835000,0 days 01:20:50.489000,2257.149444444445,11.0
2023-10-22 19:21:53.002,11181,269,7,100,False,0,car,0 days 00:00:40.115000,0 days 01:20:50.769000,2278.0716666666676,11.0
2023-10-22 19:21:53.162,11230,271,7,99,False,0,car,0 days 00:00:40.275000,0 days 01:20:50.929000,2290.116111111112,11.0
2023-10-22 19:21:53.322,11339,273,7,99,False,0,car,0 days 00:00:40.435000,0 days 01:20:51.089000,2302.2494444444455,11.0
2023-10-22 19:21:53.522,11429,275,7,99,False,0,car,0 days 00:00:40.635000,0 days 01:20:51.289000,2317.527222222223,11.0
2023-10-22 19:21:53.802,11521,277,7,99,False,0,car,0 days 00:00:40.915000,0 days 01:20:51.569000,2339.0716666666676,11.0
2023-10-22 19:21:54.002,11526,279,7,100,False,0,car,0 days 00:00:41.115000,0 days 01:20:51.769000,2354.5716666666676,11.0
2023-10-22 19:21:54.402,11578,279,7,100,False,0,car,0 days 00:00:41.515000,0 days 01:20:52.169000,2385.5716666666676,11.0
2023-10-22 19:21:54.642,11158,279,7,100,False,0,car,0 days 00:00:41.755000,0 days 01:20:52.409000,2404.171666666668,11.0
2023-10-22 19:21:54.962,10009,245,7,0,True,0,car,0 days 00:00:42.075000,0 days 01:20:52.729000,2425.949444444446,11.0
2023-10-22 19:21:55.322,10238,199,6,0,True,0,car,0 days 00:00:42.435000,0 days 01:20:53.089000,2445.849444444446,11.0
2023-10-22 19:21:55.722,10643,164,5,0,True,0,car,0 days 00:00:42.835000,0 days 01:20:53.489000,2464.071666666668,11.0
2023-10-22 19:21:56.082,10479,140,3,0,True,0,car,0 days 00:00:43.195000,0 days 01:20:53.849000,2478.071666666668,11.0
2023-10-22 19:21:56.321,10682,121,3,0,True,0,car,0 days 00:00:43.434000,0 days 01:20:54.088000,2486.1047222222237,11.0
2023-10-22 19:21:56.521,9842,109,2,0,True,0,car,0 days 00:00:43.634000,0 days 01:20:54.288000,2492.1602777777794,11.0
2023-10-22 19:21:56.881,7529,95,2,0,True,0,car,0 days 00:00:43.994000,0 days 01:20:54.648000,2501.6602777777794,11.0
2023-10-22 19:21:57.321,6549,80,2,0,True,0,car,0 days 00:00:44.434000,0 days 01:20:55.088000,2511.438055555557,11.0
2023-10-22 19:21:57.681,6033,74,2,0,True,0,car,0 days 00:00:44.794000,0 days 01:20:55.448000,2518.8380555555573,11.0
2023-10-22 19:21:57.921,5597,69,2,0,True,0,car,0 days 00:00:45.034000,0 days 01:20:55.688000,2523.438055555557,11.0
2023-10-22 19:21:58.241,5347,66,2,0,False,0,car,0 days 00:00:45.354000,0 days 01:20:56.008000,2529.304722222224,11.0
2023-10-22 19:21:58.521,5420,63,2,7,False,0,car,0 days 00:00:45.634000,0 days 01:20:56.288000,2534.204722222224,11.0
2023-10-22 19:21:58.762,5801,64,2,16,False,0,car,0 days 00:00:45.875000,0 days 01:20:56.529000,2538.4891666666686,11.0
2023-10-22 19:21:58.962,5799,65,2,22,False,0,car,0 days 00:00:46.075000,0 days 01:20:56.729000,2542.10027777778,11.0
2023-10-22 19:21:59.322,6639,75,2,32,False,0,car,0 days 00:00:46.435000,0 days 01:20:57.089000,2549.60027777778,11.0
2023-10-22 19:21:59.682,7380,82,2,39,False,0,car,0 days 00:00:46.795000,0 days 01:20:57.449000,2557.8002777777797,11.0
2023-10-22 19:21:59.882,7102,87,2,41,False,0,car,0 days 00:00:46.995000,0 days 01:20:57.649000,2562.6336111111127,11.0
2023-10-22 19:22:00.162,7488,94,3,46,False,0,car,0 days 00:00:47.275000,0 days 01:20:57.929000,2569.944722222224,11.0
2023-10-22 19:22:00.402,8318,99,3,51,False,0,car,0 days 00:00:47.515000,0 days 01:20:58.169000,2576.5447222222238,11.0
2023-10-22 19:22:00.802,8354,112,3,57,False,0,car,0 days 00:00:47.915000,0 days 01:20:58.569000,2588.989166666668,11.0
2023-10-22 19:22:01.162,10264,127,3,72,False,0,car,0 days 00:00:48.275000,0 days 01:20:58.929000,2601.689166666668,11.0
2023-10-22 19:22:01.562,11227,148,3,100,False,0,car,0 days 00:00:48.675000,0 days 01:20:59.329000,2618.1336111111123,11.0
2023-10-22 19:22:01.802,11282,156,3,100,False,0,car,0 days 00:00:48.915000,0 days 01:20:59.569000,2628.5336111111124,11.0
2023-10-22 19:22:02.082,10934,171,4,100,False,0,car,0 days 00:00:49.195000,0 days 01:20:59.849000,2641.8336111111125,11.0
2023-10-22 19:22:02.482,11058,186,4,100,False,0,car,0 days 00:00:49.595000,0 days 01:21:00.249000,2662.500277777779,11.0
2023-10-22 19:22:02.882,10873,200,5,100,False,0,car,0 days 00:00:49.995000,0 days 01:21:00.649000,2684.722500000001,11.0
2023-10-22 19:22:03.241,11540,212,5,100,False,0,car,0 days 00:00:50.354000,0 days 01:21:01.008000,2705.8636111111123,11.0
2023-10-22 19:22:03.401,10840,216,5,100,False,0,car,0 days 00:00:50.514000,0 days 01:21:01.168000,2715.4636111111126,11.0
2023-10-22 19:22:03.561,10428,221,5,100,False,0,car,0 days 00:00:50.674000,0 days 01:21:01.328000,2725.2858333333347,11.0
2023-10-22 19:22:03.961,10899,228,6,100,False,0,car,0 days 00:00:51.074000,0 days 01:21:01.728000,2750.6191666666678,11.0
2023-10-22 19:22:04.161,10990,235,6,100,False,0,car,0 days 00:00:51.274000,0 days 01:21:01.928000,2763.6747222222234,11.0
2023-10-22 19:22:04.361,11305,239,6,100,False,0,car,0 days 00:00:51.474000,0 days 01:21:02.128000,2776.952500000001,11.0
2023-10-22 19:22:04.561,11458,242,6,100,False,0,car,0 days 00:00:51.674000,0 days 01:21:02.328000,2790.3969444444456,11.0
2023-10-22 19:22:04.881,11565,248,6,100,False,0,car,0 days 00:00:51.994000,0 days 01:21:02.648000,2812.44138888889,11.0
2023-10-22 19:22:05.201,10548,251,7,100,False,0,car,0 days 00:00:52.314000,0 days 01:21:02.968000,2834.752500000001,11.0
2023-10-22 19:22:05.402,10668,254,7,100,False,0,car,0 days 00:00:52.515000,0 days 01:21:03.169000,2848.934166666668,11.0
2023-10-22 19:22:05.802,10863,261,7,100,False,0,car,0 days 00:00:52.915000,0 days 01:21:03.569000,2877.934166666668,11.0
2023-10-22 19:22:05.962,10942,263,7,100,False,0,car,0 days 00:00:53.075000,0 days 01:21:03.729000,2889.623055555557,11.0
2023-10-22 19:22:06.402,11091,267,7,100,False,0,car,0 days 00:00:53.515000,0 days 01:21:04.169000,2922.2563888888903,11.0
2023-10-22 19:22:06.562,11091,269,7,100,False,0,car,0 days 00:00:53.675000,0 days 01:21:04.329000,2934.2119444444456,11.0
2023-10-22 19:22:06.882,11297,273,7,100,False,0,car,0 days 00:00:53.995000,0 days 01:21:04.649000,2958.4786111111125,11.0
2023-10-22 19:22:07.122,11381,274,7,100,False,0,car,0 days 00:00:54.235000,0 days 01:21:04.889000,2976.7452777777794,11.0
2023-10-22 19:22:07.482,11600,276,7,100,False,0,car,0 days 00:00:54.595000,0 days 01:21:05.249000,3004.3452777777793,11.0
2023-10-22 19:22:07.842,11253,279,7,100,False,0,car,0 days 00:00:54.955000,0 days 01:21:05.609000,3032.2452777777794,11.0
2023-10-22 19:22:08.002,10320,279,8,100,False,0,car,0 days 00:00:55.115000,0 days 01:21:05.769000,3044.6452777777795,11.0
2023-10-22 19:22:08.202,10402,281,8,100,False,0,car,0 days 00:00:55.315000,0 days 01:21:05.969000,3060.2563888888903,11.0
2023-10-22 19:22:08.442,10419,282,8,100,False,0,car,0 days 00:00:55.555000,0 days 01:21:06.209000,3079.0563888888905,11.0
2023-10-22 19:22:08.842,10491,284,8,100,False,0,car,0 days 00:00:55.955000,0 days 01:21:06.609000,3110.611944444446,11.0
2023-10-22 19:22:09.242,10622,288,8,100,False,0,car,0 days 00:00:56.355000,0 days 01:21:07.009000,3142.611944444446,11.0
2023-10-22 19:22:09.602,10657,290,8,100,False,0,car,0 days 00:00:56.715000,0 days 01:21:07.369000,3171.6119444444466,11.0
2023-10-22 19:22:09.881,10711,292,8,100,False,0,car,0 days 00:00:56.994000,0 days 01:21:07.648000,3194.2419444444463,11.0
2023-10-22 19:22:10.281,10802,293,8,100,False,0,car,0 days 00:00:57.394000,0 days 01:21:08.048000,3226.797500000002,11.0
2023-10-22 19:22:10.601,10844,296,8,100,False,0,car,0 days 00:00:57.714000,0 days 01:21:08.368000,3253.108611111113,11.0
2023-10-22 19:22:10.801,10848,296,8,100,False,0,car,0 days 00:00:57.914000,0 days 01:21:08.568000,3269.553055555558,11.0
2023-10-22 19:22:11.081,10916,297,8,100,False,0,car,0 days 00:00:58.194000,0 days 01:21:08.848000,3292.653055555558,11.0
2023-10-22 19:22:11.361,10947,297,8,100,False,0,car,0 days 00:00:58.474000,0 days 01:21:09.128000,3315.7530555555572,11.0
2023-10-22 19:22:11.641,10990,298,8,100,False,0,car,0 days 00:00:58.754000,0 days 01:21:09.408000,3338.930833333335,11.0
2023-10-22 19:22:11.842,11003,299,8,100,False,0,car,0 days 00:00:58.955000,0 days 01:21:09.609000,3355.625000000002,11.0
2023-10-22 19:22:12.122,11043,300,8,100,False,0,car,0 days 00:00:59.235000,0 days 01:21:09.889000,3378.9583333333353,11.0
2023-10-22 19:22:12.362,11042,300,8,100,False,0,car,0 days 00:00:59.475000,0 days 01:21:10.129000,3398.9583333333353,11.0
2023-10-22 19:22:12.522,11045,300,8,100,False,0,car,0 days 00:00:59.635000,0 days 01:21:10.289000,3412.2916666666683,11.0
2023-10-22 19:22:12.802,11049,301,8,100,False,0,car,0 days 00:00:59.915000,0 days 01:21:10.569000,3435.7027777777794,11.0
2023-10-22 19:22:13.002,10939,301,8,100,False,0,car,0 days 00:01:00.115000,0 days 01:21:10.769000,3452.425000000002,11.0
2023-10-22 19:22:13.322,11117,302,8,100,False,0,car,0 days 00:01:00.435000,0 days 01:21:11.089000,3479.2694444444464,11.0
2023-10-22 19:22:13.562,11114,302,8,100,False,0,car,0 days 00:01:00.675000,0 days 01:21:11.329000,3499.402777777779,11.0
2023-10-22 19:22:13.802,11137,302,8,100,False,0,car,0 days 00:01:00.915000,0 days 01:21:11.569000,3519.536111111113,11.0
2023-10-22 19:22:14.242,11036,300,8,100,False,0,car,0 days 00:01:01.355000,0 days 01:21:12.009000,3556.2027777777794,11.0
2023-10-22 19:22:14.562,10842,293,8,0,False,0,car,0 days 00:01:01.675000,0 days 01:21:12.329000,3582.2472222222236,11.0
2023-10-22 19:22:14.922,9865,261,8,0,True,0,car,0 days 00:01:02.035000,0 days 01:21:12.689000,3608.3472222222235,11.0
2023-10-22 19:22:15.082,10057,249,8,0,True,0,car,0 days 00:01:02.195000,0 days 01:21:12.849000,3619.4138888888906,11.0
2023-10-22 19:22:15.442,9852,229,7,0,True,0,car,0 days 00:01:02.555000,0 days 01:21:13.209000,3642.3138888888907,11.0
2023-10-22 19:22:15.882,10343,165,5,0,True,0,car,0 days 00:01:02.995000,0 days 01:21:13.649000,3662.480555555557,11.0
2023-10-22 19:22:16.162,9986,148,4,0,True,0,car,0 days 00:01:03.275000,0 days 01:21:13.929000,3673.991666666668,11.0
2023-10-22 19:22:16.561,9763,119,3,0,True,0,car,0 days 00:01:03.674000,0 days 01:21:14.328000,3687.1808333333347,11.0
2023-10-22 19:22:16.761,9023,109,2,0,True,0,car,0 days 00:01:03.874000,0 days 01:21:14.528000,3693.2363888888904,11.0
2023-10-22 19:22:17.201,8284,97,2,0,True,0,car,0 days 00:01:04.314000,0 days 01:21:14.968000,3705.0919444444457,11.0
2023-10-22 19:22:17.561,7341,89,2,0,True,0,car,0 days 00:01:04.674000,0 days 01:21:15.328000,3713.9919444444463,11.0
2023-10-22 19:22:17.881,6937,86,2,0,False,0,car,0 days 00:01:04.994000,0 days 01:21:15.648000,3721.6363888888905,11.0
2023-10-22 19:22:18.081,6860,82,2,0,False,0,car,0 days 00:01:05.194000,0 days 01:21:15.848000,3726.191944444446,11.0
2023-10-22 19:22:18.281,6585,80,2,5,False,0,car,0 days 00:01:05.394000,0 days 01:21:16.048000,3730.6363888888905,11.0
2023-10-22 19:22:18.482,6843,77,2,21,False,0,car,0 days 00:01:05.595000,0 days 01:21:16.249000,3734.935555555557,11.0
2023-10-22 19:22:18.722,7405,82,2,35,False,0,car,0 days 00:01:05.835000,0 days 01:21:16.489000,3740.402222222224,11.0
2023-10-22 19:22:18.922,7523,84,2,39,False,0,car,0 days 00:01:06.035000,0 days 01:21:16.689000,3745.0688888888903,11.0
2023-10-22 19:22:19.162,7890,91,2,45,False,0,car,0 days 00:01:06.275000,0 days 01:21:16.929000,3751.1355555555574,11.0
2023-10-22 19:22:19.442,8975,101,2,53,False,0,car,0 days 00:01:06.555000,0 days 01:21:17.209000,3758.991111111113,11.0
2023-10-22 19:22:19.682,9535,108,2,59,False,0,car,0 days 00:01:06.795000,0 days 01:21:17.449000,3766.1911111111126,11.0
2023-10-22 19:22:20.082,11154,122,2,76,False,0,car,0 days 00:01:07.195000,0 days 01:21:17.849000,3779.746666666668,11.0
2023-10-22 19:22:20.282,11869,131,2,87,False,0,car,0 days 00:01:07.395000,0 days 01:21:18.049000,3787.0244444444456,11.0
2023-10-22 19:22:20.522,10805,146,3,100,False,0,car,0 days 00:01:07.635000,0 days 01:21:18.289000,3796.757777777779,11.0
2023-10-22 19:22:20.842,11661,160,3,100,False,0,car,0 days 00:01:07.955000,0 days 01:21:18.609000,3810.980000000001,11.0
2023-10-22 19:22:21.042,10681,168,3,100,False,0,car,0 days 00:01:08.155000,0 days 01:21:18.809000,3820.3133333333344,11.0
2023-10-22 19:22:21.242,10935,175,4,99,False,0,car,0 days 00:01:08.355000,0 days 01:21:19.009000,3830.0355555555566,11.0
2023-10-22 19:22:21.442,10949,180,4,100,False,0,car,0 days 00:01:08.555000,0 days 01:21:19.209000,3840.0355555555566,11.0
2023-10-22 19:22:21.722,10626,183,4,100,False,0,car,0 days 00:01:08.835000,0 days 01:21:19.489000,3854.2688888888893,11.0
2023-10-22 19:22:22.122,10281,179,5,0,True,0,car,0 days 00:01:09.235000,0 days 01:21:19.889000,3874.1577777777784,11.0
2023-10-22 19:22:22.322,10228,166,5,0,True,0,car,0 days 00:01:09.435000,0 days 01:21:20.089000,3883.3800000000006,11.0
2023-10-22 19:22:22.522,10169,152,4,0,True,0,car,0 days 00:01:09.635000,0 days 01:21:20.289000,3891.824444444445,11.0
2023-10-22 19:22:22.722,9892,141,4,0,True,0,car,0 days 00:01:09.835000,0 days 01:21:20.489000,3899.657777777778,11.0
2023-10-22 19:22:22.882,9719,134,3,0,True,0,car,0 days 00:01:09.995000,0 days 01:21:20.649000,3905.6133333333337,11.0
2023-10-22 19:22:23.122,8879,122,3,0,True,0,car,0 days 00:01:10.235000,0 days 01:21:20.889000,3913.746666666667,11.0
2023-10-22 19:22:23.601,7859,111,3,0,True,0,car,0 days 00:01:10.714000,0 days 01:21:21.368000,3928.5158333333334,11.0
2023-10-22 19:22:23.761,7607,106,3,0,True,0,car,0 days 00:01:10.874000,0 days 01:21:21.528000,3933.2269444444446,11.0
2023-10-22 19:22:23.921,7255,103,3,0,True,0,car,0 days 00:01:11.034000,0 days 01:21:21.688000,3937.8047222222226,11.0
2023-10-22 19:22:24.081,7003,101,3,0,False,0,car,0 days 00:01:11.194000,0 days 01:21:21.848000,3942.293611111111,11.0
2023-10-22 19:22:24.401,6830,97,3,0,False,0,car,0 days 00:01:11.514000,0 days 01:21:22.168000,3950.9158333333335,11.0
2023-10-22 19:22:24.721,6889,92,3,0,False,0,car,0 days 00:01:11.834000,0 days 01:21:22.488000,3959.0936111111114,11.0
2023-10-22 19:22:25.002,6726,90,3,22,False,0,car,0 days 00:01:12.115000,0 days 01:21:22.769000,3966.118611111111,11.0
2023-10-22 19:22:25.162,6835,91,3,27,False,0,car,0 days 00:01:12.275000,0 days 01:21:22.929000,3970.1630555555557,11.0
2023-10-22 19:22:25.322,7092,93,3,36,False,0,car,0 days 00:01:12.435000,0 days 01:21:23.089000,3974.296388888889,11.0
2023-10-22 19:22:25.562,7435,98,3,41,False,0,car,0 days 00:01:12.675000,0 days 01:21:23.329000,3980.8297222222222,11.0
2023-10-22 19:22:25.722,7777,102,3,44,False,0,car,0 days 00:01:12.835000,0 days 01:21:23.489000,3985.3630555555555,11.0
2023-10-22 19:22:25.962,8072,107,3,45,False,0,car,0 days 00:01:13.075000,0 days 01:21:23.729000,3992.496388888889,11.0
2023-10-22 19:22:26.122,8458,111,3,51,False,0,car,0 days 00:01:13.235000,0 days 01:21:23.889000,3997.4297222222226,11.0
2023-10-22 19:22:26.282,8645,111,3,54,False,0,car,0 days 00:01:13.395000,0 days 01:21:24.049000,4002.363055555556,11.0
2023-10-22 19:22:26.522,9022,123,3,56,False,0,car,0 days 00:01:13.635000,0 days 01:21:24.289000,4010.5630555555563,11.0
2023-10-22 19:22:26.722,9639,129,3,62,False,0,car,0 days 00:01:13.835000,0 days 01:21:24.489000,4017.7297222222223,11.0
2023-10-22 19:22:27.042,10615,139,3,71,False,0,car,0 days 00:01:14.155000,0 days 01:21:24.809000,4030.085277777778,11.0
2023-10-22 19:22:27.282,11139,147,3,95,False,0,car,0 days 00:01:14.395000,0 days 01:21:25.049000,4039.885277777778,11.0
2023-10-22 19:22:27.482,10858,154,3,100,False,0,car,0 days 00:01:14.595000,0 days 01:21:25.249000,4048.4408333333336,11.0
2023-10-22 19:22:27.682,10312,162,4,100,False,0,car,0 days 00:01:14.795000,0 days 01:21:25.449000,4057.4408333333336,11.0
2023-10-22 19:22:28.002,10545,171,4,99,False,0,car,0 days 00:01:15.115000,0 days 01:21:25.769000,4072.6408333333334,11.0
2023-10-22 19:22:28.322,11319,181,4,99,False,0,car,0 days 00:01:15.435000,0 days 01:21:26.089000,4088.729722222223,11.0
2023-10-22 19:22:28.522,10479,186,4,100,False,0,car,0 days 00:01:15.635000,0 days 01:21:26.289000,4099.063055555556,11.0
2023-10-22 19:22:28.722,10442,191,5,100,False,0,car,0 days 00:01:15.835000,0 days 01:21:26.489000,4109.674166666667,11.0
2023-10-22 19:22:28.922,9678,192,5,28,True,0,car,0 days 00:01:16.035000,0 days 01:21:26.689000,4120.340833333334,11.0
2023-10-22 19:22:29.122,9495,180,5,0,True,0,car,0 days 00:01:16.235000,0 days 01:21:26.889000,4130.340833333334,11.0
2023-10-22 19:22:29.322,10179,167,5,0,True,0,car,0 days 00:01:16.435000,0 days 01:21:27.089000,4139.618611111112,11.0
2023-10-22 19:22:29.522,9526,155,4,0,True,0,car,0 days 00:01:16.635000,0 days 01:21:27.289000,4148.229722222223,11.0
2023-10-22 19:22:29.922,9631,135,3,0,True,0,car,0 days 00:01:17.035000,0 days 01:21:27.689000,4163.229722222223,11.0
2023-10-22 19:22:30.161,8924,126,3,0,True,0,car,0 days 00:01:17.274000,0 days 01:21:27.928000,4171.594722222223,11.0
2023-10-22 19:22:30.401,9644,122,2,0,True,0,car,0 days 00:01:17.514000,0 days 01:21:28.168000,4179.728055555556,11.0
2023-10-22 19:22:30.721,8803,108,2,0,True,0,car,0 days 00:01:17.834000,0 days 01:21:28.488000,4189.328055555557,11.0
2023-10-22 19:22:30.961,8309,100,2,0,True,0,car,0 days 00:01:18.074000,0 days 01:21:28.728000,4195.994722222224,11.0
2023-10-22 19:22:31.241,7717,92,2,0,True,0,car,0 days 00:01:18.354000,0 days 01:21:29.008000,4203.15027777778,11.0
2023-10-22 19:22:31.441,7141,89,2,0,True,0,car,0 days 00:01:18.554000,0 days 01:21:29.208000,4208.094722222224,11.0
2023-10-22 19:22:31.682,6958,83,2,0,False,0,car,0 days 00:01:18.795000,0 days 01:21:29.449000,4213.651111111113,11.0
2023-10-22 19:22:32.002,6563,79,2,0,False,0,car,0 days 00:01:19.115000,0 days 01:21:29.769000,4220.673333333335,11.0
2023-10-22 19:22:32.242,6217,76,2,0,False,0,car,0 days 00:01:19.355000,0 days 01:21:30.009000,4225.740000000002,11.0
2023-10-22 19:22:32.442,6495,73,2,11,False,0,car,0 days 00:01:19.555000,0 days 01:21:30.209000,4229.795555555557,11.0
2023-10-22 19:22:32.602,6560,74,2,20,False,0,car,0 days 00:01:19.715000,0 days 01:21:30.369000,4233.0844444444465,11.0
2023-10-22 19:22:32.962,7156,79,2,30,False,0,car,0 days 00:01:20.075000,0 days 01:21:30.729000,4240.984444444446,11.0
2023-10-22 19:22:33.202,7590,82,2,40,False,0,car,0 days 00:01:20.315000,0 days 01:21:30.969000,4246.451111111112,11.0
2023-10-22 19:22:33.402,7954,87,2,48,False,0,car,0 days 00:01:20.515000,0 days 01:21:31.169000,4251.284444444445,11.0
2023-10-22 19:22:33.682,8775,93,2,55,False,0,car,0 days 00:01:20.795000,0 days 01:21:31.449000,4258.517777777779,11.0
2023-10-22 19:22:33.842,9262,103,2,58,False,0,car,0 days 00:01:20.955000,0 days 01:21:31.609000,4263.0955555555565,11.0
2023-10-22 19:22:34.042,9595,110,2,62,False,0,car,0 days 00:01:21.155000,0 days 01:21:31.809000,4269.206666666668,11.0
2023-10-22 19:22:34.202,8895,110,3,69,False,0,car,0 days 00:01:21.315000,0 days 01:21:31.969000,4274.0955555555565,11.0
2023-10-22 19:22:34.402,9144,118,3,67,False,0,car,0 days 00:01:21.515000,0 days 01:21:32.169000,4280.651111111112,11.0
2023-10-22 19:22:34.602,9774,129,3,75,False,0,car,0 days 00:01:21.715000,0 days 01:21:32.369000,4287.817777777779,11.0
2023-10-22 19:22:34.762,10374,133,3,77,False,0,car,0 days 00:01:21.875000,0 days 01:21:32.529000,4293.72888888889,11.0
2023-10-22 19:22:35.042,11367,151,3,98,False,0,car,0 days 00:01:22.155000,0 days 01:21:32.809000,4305.473333333334,11.0
2023-10-22 19:22:35.242,10389,155,3,100,False,0,car,0 days 00:01:22.355000,0 days 01:21:33.009000,4314.084444444446,11.0
2023-10-22 19:22:35.602,10913,168,4,100,False,0,car,0 days 00:01:22.715000,0 days 01:21:33.369000,4330.884444444446,11.0
2023-10-22 19:22:35.882,11502,183,4,100,False,0,car,0 days 00:01:22.995000,0 days 01:21:33.649000,4345.117777777779,11.0
2023-10-22 19:22:36.322,10687,199,5,100,False,0,car,0 days 00:01:23.435000,0 days 01:21:34.089000,4369.440000000001,11.0
2023-10-22 19:22:36.482,11015,202,5,100,False,0,car,0 days 00:01:23.595000,0 days 01:21:34.249000,4378.417777777779,11.0
2023-10-22 19:22:36.642,11313,207,5,100,False,0,car,0 days 00:01:23.755000,0 days 01:21:34.409000,4387.617777777778,11.0
2023-10-22 19:22:36.961,11663,214,5,100,False,0,car,0 days 00:01:24.074000,0 days 01:21:34.728000,4406.580555555556,11.0
2023-10-22 19:22:37.201,10764,217,5,99,False,0,car,0 days 00:01:24.314000,0 days 01:21:34.968000,4421.047222222222,11.0
2023-10-22 19:22:37.521,10640,224,6,99,False,0,car,0 days 00:01:24.634000,0 days 01:21:35.288000,4440.958333333334,11.0
2023-10-22 19:22:37.801,10428,224,6,44,False,0,car,0 days 00:01:24.914000,0 days 01:21:35.568000,4458.380555555556,11.0
2023-10-22 19:22:38.081,10524,221,6,62,False,0,car,0 days 00:01:25.194000,0 days 01:21:35.848000,4475.569444444445,11.0
2023-10-22 19:22:38.322,10467,221,6,62,False,0,car,0 days 00:01:25.435000,0 days 01:21:36.089000,4490.364166666667,11.0
2023-10-22 19:22:38.602,10532,221,6,70,False,0,car,0 days 00:01:25.715000,0 days 01:21:36.369000,4507.553055555556,11.0
2023-10-22 19:22:38.762,10578,222,6,71,False,0,car,0 days 00:01:25.875000,0 days 01:21:36.529000,4517.419722222223,11.0
2023-10-22 19:22:39.002,10667,224,6,81,False,0,car,0 days 00:01:26.115000,0 days 01:21:36.769000,4532.353055555556,11.0
2023-10-22 19:22:39.162,10677,225,6,84,False,0,car,0 days 00:01:26.275000,0 days 01:21:36.929000,4542.353055555557,11.0
2023-10-22 19:22:39.322,10763,227,6,82,False,0,car,0 days 00:01:26.435000,0 days 01:21:37.089000,4552.441944444446,11.0
2023-10-22 19:22:39.562,10936,229,6,100,False,0,car,0 days 00:01:26.675000,0 days 01:21:37.329000,4567.708611111112,11.0
2023-10-22 19:22:39.722,11065,232,6,100,False,0,car,0 days 00:01:26.835000,0 days 01:21:37.489000,4578.019722222223,11.0
2023-10-22 19:22:40.042,11190,236,6,100,False,0,car,0 days 00:01:27.155000,0 days 01:21:37.809000,4598.997500000001,11.0
2023-10-22 19:22:40.322,11326,239,6,100,False,0,car,0 days 00:01:27.435000,0 days 01:21:38.089000,4617.586388888891,11.0
2023-10-22 19:22:40.682,11372,241,6,100,False,0,car,0 days 00:01:27.795000,0 days 01:21:38.449000,4641.686388888891,11.0
2023-10-22 19:22:40.922,11469,243,6,100,False,0,car,0 days 00:01:28.035000,0 days 01:21:38.689000,4657.886388888891,11.0
2023-10-22 19:22:41.242,10255,246,6,100,False,0,car,0 days 00:01:28.355000,0 days 01:21:39.009000,4679.753055555558,11.0
2023-10-22 19:22:41.402,10264,246,7,100,False,0,car,0 days 00:01:28.515000,0 days 01:21:39.169000,4690.686388888891,11.0
2023-10-22 19:22:41.602,10314,248,7,100,False,0,car,0 days 00:01:28.715000,0 days 01:21:39.369000,4704.464166666669,11.0
2023-10-22 19:22:41.802,10414,249,7,100,False,0,car,0 days 00:01:28.915000,0 days 01:21:39.569000,4718.297500000003,11.0
2023-10-22 19:22:42.202,10547,250,7,100,False,0,car,0 days 00:01:29.315000,0 days 01:21:39.969000,4746.075277777781,11.0
2023-10-22 19:22:42.482,10512,254,7,100,False,0,car,0 days 00:01:29.595000,0 days 01:21:40.249000,4765.830833333336,11.0
2023-10-22 19:22:42.642,10570,255,7,100,False,0,car,0 days 00:01:29.755000,0 days 01:21:40.409000,4777.164166666669,11.0
2023-10-22 19:22:42.922,10653,256,7,100,False,0,car,0 days 00:01:30.035000,0 days 01:21:40.689000,4797.075277777781,11.0
2023-10-22 19:22:43.122,10741,258,7,100,False,0,car,0 days 00:01:30.235000,0 days 01:21:40.889000,4811.408611111115,11.0
2023-10-22 19:22:43.481,10744,260,7,100,False,0,car,0 days 00:01:30.594000,0 days 01:21:41.248000,4837.336388888892,11.0
2023-10-22 19:22:43.881,10892,263,7,100,False,0,car,0 days 00:01:30.994000,0 days 01:21:41.648000,4866.558611111114,11.0
2023-10-22 19:22:44.321,9722,238,7,0,True,0,car,0 days 00:01:31.434000,0 days 01:21:42.088000,4895.647500000003,11.0
2023-10-22 19:22:44.521,10228,222,7,0,True,0,car,0 days 00:01:31.634000,0 days 01:21:42.288000,4907.980833333337,11.0
2023-10-22 19:22:44.922,9591,200,6,0,True,0,car,0 days 00:01:32.035000,0 days 01:21:42.689000,4930.258611111114,11.0
2023-10-22 19:22:45.162,10204,193,5,0,True,0,car,0 days 00:01:32.275000,0 days 01:21:42.929000,4943.125277777781,11.0
2023-10-22 19:22:45.322,10044,188,5,1,False,0,car,0 days 00:01:32.435000,0 days 01:21:43.089000,4951.480833333336,11.0
2023-10-22 19:22:45.522,9904,184,5,0,False,0,car,0 days 00:01:32.635000,0 days 01:21:43.289000,4961.703055555558,11.0
2023-10-22 19:22:45.922,9607,180,5,22,False,0,car,0 days 00:01:33.035000,0 days 01:21:43.689000,4981.703055555558,11.0
2023-10-22 19:22:46.362,9697,180,5,60,False,0,car,0 days 00:01:33.475000,0 days 01:21:44.129000,5003.703055555558,11.0
2023-10-22 19:22:46.602,10266,185,5,92,False,0,car,0 days 00:01:33.715000,0 days 01:21:44.369000,5016.036388888892,11.0
2023-10-22 19:22:46.922,11076,197,5,100,False,0,car,0 days 00:01:34.035000,0 days 01:21:44.689000,5033.547500000003,11.0
2023-10-22 19:22:47.202,11030,203,5,100,False,0,car,0 days 00:01:34.315000,0 days 01:21:44.969000,5049.3363888888925,11.0
2023-10-22 19:22:47.602,11668,212,5,100,False,0,car,0 days 00:01:34.715000,0 days 01:21:45.369000,5072.891944444448,11.0
2023-10-22 19:22:47.802,10268,216,5,100,False,0,car,0 days 00:01:34.915000,0 days 01:21:45.569000,5084.891944444448,11.0
2023-10-22 19:22:48.122,10535,221,6,100,False,0,car,0 days 00:01:35.235000,0 days 01:21:45.889000,5104.536388888892,11.0
2023-10-22 19:22:48.322,10658,226,6,100,False,0,car,0 days 00:01:35.435000,0 days 01:21:46.089000,5117.091944444448,11.0
2023-10-22 19:22:48.642,10848,230,6,100,False,0,car,0 days 00:01:35.755000,0 days 01:21:46.409000,5137.536388888892,11.0
2023-10-22 19:22:48.802,10961,231,6,100,False,0,car,0 days 00:01:35.915000,0 days 01:21:46.569000,5147.80305555556,11.0
2023-10-22 19:22:49.042,11097,235,6,100,False,0,car,0 days 00:01:36.155000,0 days 01:21:46.809000,5163.469722222226,11.0
2023-10-22 19:22:49.202,10397,236,6,1,True,0,car,0 days 00:01:36.315000,0 days 01:21:46.969000,5173.958611111115,11.0
2023-10-22 19:22:49.602,9992,194,6,0,True,0,car,0 days 00:01:36.715000,0 days 01:21:47.369000,5195.5141666666705,11.0
2023-10-22 19:22:49.882,10153,166,5,0,True,0,car,0 days 00:01:36.995000,0 days 01:21:47.649000,5208.425277777782,11.0
2023-10-22 19:22:50.241,9714,135,4,0,True,0,car,0 days 00:01:37.354000,0 days 01:21:48.008000,5221.887777777782,11.0
2023-10-22 19:22:50.561,8868,122,3,0,True,0,car,0 days 00:01:37.674000,0 days 01:21:48.328000,5232.7322222222265,11.0
2023-10-22 19:22:50.761,8085,115,3,0,True,0,car,0 days 00:01:37.874000,0 days 01:21:48.528000,5239.121111111115,11.0
2023-10-22 19:22:51.081,7503,106,3,0,True,0,car,0 days 00:01:38.194000,0 days 01:21:48.848000,5248.543333333338,11.0
2023-10-22 19:22:51.282,7117,102,3,0,True,0,car,0 days 00:01:38.395000,0 days 01:21:49.049000,5254.238333333337,11.0
2023-10-22 19:22:51.442,6962,97,3,0,True,0,car,0 days 00:01:38.555000,0 days 01:21:49.209000,5258.549444444448,11.0
2023-10-22 19:22:51.682,6762,96,3,0,False,0,car,0 days 00:01:38.795000,0 days 01:21:49.449000,5264.949444444448,11.0
2023-10-22 19:22:52.082,6631,88,3,15,False,0,car,0 days 00:01:39.195000,0 days 01:21:49.849000,5274.7272222222255,11.0
2023-10-22 19:22:52.282,6932,90,3,29,False,0,car,0 days 00:01:39.395000,0 days 01:21:50.049000,5279.7272222222255,11.0
2023-10-22 19:22:52.442,6956,92,3,30,False,0,car,0 days 00:01:39.555000,0 days 01:21:50.209000,5283.816111111115,11.0
2023-10-22 19:22:52.762,7237,97,3,40,False,0,car,0 days 00:01:39.875000,0 days 01:21:50.529000,5292.438333333337,11.0
2023-10-22 19:22:52.962,7701,101,3,42,False,0,car,0 days 00:01:40.075000,0 days 01:21:50.729000,5298.049444444448,11.0
2023-10-22 19:22:53.122,8024,106,3,51,False,0,car,0 days 00:01:40.235000,0 days 01:21:50.889000,5302.760555555559,11.0
2023-10-22 19:22:53.322,8488,113,3,59,False,0,car,0 days 00:01:40.435000,0 days 01:21:51.089000,5309.0383333333375,11.0
2023-10-22 19:22:53.562,9028,120,3,62,False,0,car,0 days 00:01:40.675000,0 days 01:21:51.329000,5317.0383333333375,11.0
2023-10-22 19:22:53.722,9516,127,3,70,False,0,car,0 days 00:01:40.835000,0 days 01:21:51.489000,5322.682777777782,11.0
2023-10-22 19:22:54.042,9796,141,3,73,False,0,car,0 days 00:01:41.155000,0 days 01:21:51.809000,5335.216111111115,11.0
2023-10-22 19:22:54.322,11568,154,3,99,False,0,car,0 days 00:01:41.435000,0 days 01:21:52.089000,5347.1938888888935,11.0
2023-10-22 19:22:54.602,10629,163,4,100,False,0,car,0 days 00:01:41.715000,0 days 01:21:52.369000,5359.871666666671,11.0
2023-10-22 19:22:54.802,10680,171,4,100,False,0,car,0 days 00:01:41.915000,0 days 01:21:52.569000,5369.371666666671,11.0
2023-10-22 19:22:55.202,11534,185,4,100,False,0,car,0 days 00:01:42.315000,0 days 01:21:52.969000,5389.927222222226,11.0
2023-10-22 19:22:55.482,10648,192,5,100,False,0,car,0 days 00:01:42.595000,0 days 01:21:53.249000,5404.86055555556,11.0
2023-10-22 19:22:55.842,11369,208,5,100,False,0,car,0 days 00:01:42.955000,0 days 01:21:53.609000,5425.66055555556,11.0
2023-10-22 19:22:56.082,11555,213,5,100,False,0,car,0 days 00:00:00.043000,0 days 01:21:53.849000,2.5441666666666665,12.0
2023-10-22 19:22:56.282,10995,218,5,100,False,0,car,0 days 00:00:00.243000,0 days 01:21:54.049000,14.65527777777778,12.0
2023-10-22 19:22:56.482,10483,222,6,100,False,0,car,0 days 00:00:00.443000,0 days 01:21:54.249000,26.988611111111112,12.0
2023-10-22 19:22:56.642,10800,228,6,100,False,0,car,0 days 00:00:00.603000,0 days 01:21:54.409000,37.121944444444445,12.0
2023-10-22 19:22:56.961,11152,234,6,100,False,0,car,0 days 00:00:00.922000,0 days 01:21:54.728000,57.85694444444445,12.0
2023-10-22 19:22:57.241,11370,240,6,100,False,0,car,0 days 00:00:01.202000,0 days 01:21:55.008000,76.52361111111111,12.0
2023-10-22 19:22:57.401,11416,242,6,100,False,0,car,0 days 00:00:01.362000,0 days 01:21:55.168000,87.27916666666667,12.0
2023-10-22 19:22:57.721,11523,249,6,100,False,0,car,0 days 00:00:01.682000,0 days 01:21:55.488000,109.4125,12.0
2023-10-22 19:22:58.082,10549,253,7,100,False,0,car,0 days 00:00:02.043000,0 days 01:21:55.849000,134.7827777777778,12.0
2023-10-22 19:22:58.242,10549,255,7,100,False,0,car,0 days 00:00:02.203000,0 days 01:21:56.009000,146.1161111111111,12.0
2023-10-22 19:22:58.442,10775,259,7,100,False,0,car,0 days 00:00:02.403000,0 days 01:21:56.209000,160.50500000000002,12.0
2023-10-22 19:22:58.722,10907,263,7,100,False,0,car,0 days 00:00:02.683000,0 days 01:21:56.489000,180.96055555555557,12.0
2023-10-22 19:22:58.882,11023,264,7,100,False,0,car,0 days 00:00:02.843000,0 days 01:21:56.649000,192.69388888888892,12.0
2023-10-22 19:22:59.082,11059,266,7,100,False,0,car,0 days 00:00:03.043000,0 days 01:21:56.849000,207.47166666666672,12.0
2023-10-22 19:22:59.562,11250,271,7,100,False,0,car,0 days 00:00:03.523000,0 days 01:21:57.329000,243.60500000000005,12.0
2023-10-22 19:22:59.922,11348,274,7,100,False,0,car,0 days 00:00:03.883000,0 days 01:21:57.689000,271.00500000000005,12.0
2023-10-22 19:23:00.242,11457,277,7,100,False,0,car,0 days 00:00:04.203000,0 days 01:21:58.009000,295.6272222222223,12.0
2023-10-22 19:23:00.442,11546,278,7,100,False,0,car,0 days 00:00:04.403000,0 days 01:21:58.209000,311.0716666666667,12.0
2023-10-22 19:23:00.642,11284,280,7,100,False,0,car,0 days 00:00:04.603000,0 days 01:21:58.409000,326.62722222222226,12.0
2023-10-22 19:23:01.002,10294,281,8,100,False,0,car,0 days 00:00:04.963000,0 days 01:21:58.769000,354.7272222222223,12.0
2023-10-22 19:23:01.442,10427,283,8,100,False,0,car,0 days 00:00:05.403000,0 days 01:21:59.209000,389.3161111111111,12.0
2023-10-22 19:23:01.842,10380,283,8,100,False,0,car,0 days 00:00:05.803000,0 days 01:21:59.609000,420.7605555555556,12.0
2023-10-22 19:23:02.282,10358,282,8,100,False,0,car,0 days 00:00:06.243000,0 days 01:22:00.049000,455.2272222222223,12.0
2023-10-22 19:23:02.482,10483,281,8,100,False,0,car,0 days 00:00:06.443000,0 days 01:22:00.249000,470.8383333333333,12.0
2023-10-22 19:23:02.682,10284,280,8,100,False,0,car,0 days 00:00:06.643000,0 days 01:22:00.449000,486.39388888888885,12.0
2023-10-22 19:23:03.042,9768,276,8,8,False,0,car,0 days 00:00:07.003000,0 days 01:22:00.809000,513.9938888888889,12.0
2023-10-22 19:23:03.362,9344,243,8,0,True,0,car,0 days 00:00:07.323000,0 days 01:22:01.129000,535.593888888889,12.0
2023-10-22 19:23:03.681,9179,205,8,0,True,0,car,0 days 00:00:07.642000,0 days 01:22:01.448000,553.7591666666667,12.0
2023-10-22 19:23:03.881,9312,181,6,0,True,0,car,0 days 00:00:07.842000,0 days 01:22:01.648000,563.8147222222223,12.0
2023-10-22 19:23:04.041,9004,161,6,0,True,0,car,0 days 00:00:08.002000,0 days 01:22:01.808000,570.9702777777778,12.0
2023-10-22 19:23:04.241,8848,145,6,0,True,0,car,0 days 00:00:08.202000,0 days 01:22:02.008000,579.0258333333334,12.0
2023-10-22 19:23:04.722,8362,117,3,0,True,0,car,0 days 00:00:08.683000,0 days 01:22:02.489000,594.6583333333334,12.0
2023-10-22 19:23:05.162,7133,101,3,0,True,0,car,0 days 00:00:09.123000,0 days 01:22:02.929000,607.0027777777779,12.0
2023-10-22 19:23:05.482,6596,93,3,0,True,0,car,0 days 00:00:09.443000,0 days 01:22:03.249000,615.2694444444445,12.0
2023-10-22 19:23:05.682,6427,90,3,0,True,0,car,0 days 00:00:09.643000,0 days 01:22:03.449000,620.2694444444445,12.0
2023-10-22 19:23:05.882,6084,86,3,0,False,0,car,0 days 00:00:09.843000,0 days 01:22:03.649000,625.0472222222222,12.0
2023-10-22 19:23:06.162,5782,83,3,0,False,0,car,0 days 00:00:10.123000,0 days 01:22:03.929000,631.5027777777777,12.0
2023-10-22 19:23:06.402,5737,79,3,0,False,0,car,0 days 00:00:10.363000,0 days 01:22:04.169000,636.7694444444444,12.0
2023-10-22 19:23:06.762,5684,77,3,12,False,0,car,0 days 00:00:10.723000,0 days 01:22:04.529000,644.4694444444444,12.0
2023-10-22 19:23:07.002,5668,78,3,24,False,0,car,0 days 00:00:10.963000,0 days 01:22:04.769000,649.6694444444444,12.0
2023-10-22 19:23:07.402,6439,83,3,35,False,0,car,0 days 00:00:11.363000,0 days 01:22:05.169000,658.8916666666667,12.0
2023-10-22 19:23:07.802,7104,92,3,45,False,0,car,0 days 00:00:11.763000,0 days 01:22:05.569000,669.1138888888889,12.0
2023-10-22 19:23:08.002,7914,98,3,49,False,0,car,0 days 00:00:11.963000,0 days 01:22:05.769000,674.5583333333334,12.0
2023-10-22 19:23:08.202,8292,104,3,52,False,0,car,0 days 00:00:12.163000,0 days 01:22:05.969000,680.3361111111112,12.0
2023-10-22 19:23:08.522,9006,118,3,59,False,0,car,0 days 00:00:12.483000,0 days 01:22:06.289000,690.8250000000002,12.0
2023-10-22 19:23:08.762,9755,125,3,65,False,0,car,0 days 00:00:12.723000,0 days 01:22:06.529000,699.1583333333335,12.0
2023-10-22 19:23:09.122,10226,142,3,71,False,0,car,0 days 00:00:13.083000,0 days 01:22:06.889000,713.3583333333335,12.0
2023-10-22 19:23:09.402,11263,153,3,99,False,0,car,0 days 00:00:13.363000,0 days 01:22:07.169000,725.2583333333334,12.0
2023-10-22 19:23:09.762,10851,171,4,99,False,0,car,0 days 00:00:13.723000,0 days 01:22:07.529000,742.3583333333335,12.0
2023-10-22 19:23:10.082,11644,184,4,100,False,0,car,0 days 00:00:14.043000,0 days 01:22:07.849000,758.713888888889,12.0
2023-10-22 19:23:10.282,10384,193,5,99,False,0,car,0 days 00:00:14.243000,0 days 01:22:08.049000,769.4361111111112,12.0
2023-10-22 19:23:10.521,10740,199,5,100,False,0,car,0 days 00:00:14.482000,0 days 01:22:08.288000,782.6475,12.0
2023-10-22 19:23:10.841,11174,210,5,99,False,0,car,0 days 00:00:14.802000,0 days 01:22:08.608000,801.3141666666667,12.0
2023-10-22 19:23:11.202,10441,218,6,100,False,0,car,0 days 00:00:15.163000,0 days 01:22:08.969000,823.1747222222223,12.0
2023-10-22 19:23:11.362,10638,225,6,99,False,0,car,0 days 00:00:15.323000,0 days 01:22:09.129000,833.1747222222223,12.0
2023-10-22 19:23:11.722,11035,228,6,100,False,0,car,0 days 00:00:15.683000,0 days 01:22:09.489000,855.9747222222222,12.0
2023-10-22 19:23:11.962,11035,235,6,100,False,0,car,0 days 00:00:15.923000,0 days 01:22:09.729000,871.6413888888889,12.0
2023-10-22 19:23:12.322,11445,241,6,100,False,0,car,0 days 00:00:16.283000,0 days 01:22:10.089000,895.7413888888889,12.0
2023-10-22 19:23:12.522,11422,243,6,99,False,0,car,0 days 00:00:16.483000,0 days 01:22:10.289000,909.2413888888889,12.0
2023-10-22 19:23:12.962,10510,247,6,100,False,0,car,0 days 00:00:16.923000,0 days 01:22:10.729000,939.4302777777776,12.0
2023-10-22 19:23:13.162,10409,251,7,99,False,0,car,0 days 00:00:17.123000,0 days 01:22:10.929000,953.3747222222223,12.0
2023-10-22 19:23:13.522,10592,256,7,99,False,0,car,0 days 00:00:17.483000,0 days 01:22:11.289000,978.9747222222222,12.0
2023-10-22 19:23:13.762,10720,258,7,100,False,0,car,0 days 00:00:17.723000,0 days 01:22:11.529000,996.1747222222222,12.0
2023-10-22 19:23:13.922,10771,260,7,100,False,0,car,0 days 00:00:17.883000,0 days 01:22:11.689000,1007.7302777777777,12.0
2023-10-22 19:23:14.162,10877,262,7,100,False,0,car,0 days 00:00:18.123000,0 days 01:22:11.929000,1025.1969444444444,12.0
2023-10-22 19:23:14.362,10879,264,7,100,False,0,car,0 days 00:00:18.323000,0 days 01:22:12.129000,1039.863611111111,12.0
2023-10-22 19:23:14.602,10979,265,7,100,False,0,car,0 days 00:00:18.563000,0 days 01:22:12.369000,1057.5302777777774,12.0
2023-10-22 19:23:15.042,11078,267,7,100,False,0,car,0 days 00:00:19.003000,0 days 01:22:12.809000,1090.1636111111109,12.0
2023-10-22 19:23:15.242,11090,267,7,100,False,0,car,0 days 00:00:19.203000,0 days 01:22:13.009000,1104.9969444444441,12.0
2023-10-22 19:23:15.602,11115,267,7,100,False,0,car,0 days 00:00:19.563000,0 days 01:22:13.369000,1131.6969444444442,12.0
2023-10-22 19:23:15.802,11091,267,7,100,False,0,car,0 days 00:00:19.763000,0 days 01:22:13.569000,1146.5302777777777,12.0
2023-10-22 19:23:16.282,11097,268,7,99,False,0,car,0 days 00:00:20.243000,0 days 01:22:14.049000,1182.2636111111108,12.0
2023-10-22 19:23:16.562,10827,270,7,96,False,0,car,0 days 00:00:20.523000,0 days 01:22:14.329000,1203.2636111111108,12.0
2023-10-22 19:23:16.882,10553,257,7,22,False,0,car,0 days 00:00:20.843000,0 days 01:22:14.649000,1226.1080555555552,12.0
2023-10-22 19:23:17.041,10583,252,7,20,False,0,car,0 days 00:00:21.002000,0 days 01:22:14.808000,1237.238055555555,12.0
2023-10-22 19:23:17.361,10387,248,7,54,False,0,car,0 days 00:00:21.322000,0 days 01:22:15.128000,1259.2824999999996,12.0
2023-10-22 19:23:17.682,9845,247,7,5,True,0,car,0 days 00:00:21.643000,0 days 01:22:15.449000,1281.3066666666664,12.0
2023-10-22 19:23:17.842,10606,239,7,0,True,0,car,0 days 00:00:21.803000,0 days 01:22:15.609000,1291.9288888888887,12.0
2023-10-22 19:23:18.082,10677,232,6,0,True,0,car,0 days 00:00:22.043000,0 days 01:22:15.849000,1307.3955555555551,12.0
2023-10-22 19:23:18.322,10436,223,6,8,False,0,car,0 days 00:00:22.283000,0 days 01:22:16.089000,1322.262222222222,12.0
2023-10-22 19:23:18.522,10296,217,6,20,False,0,car,0 days 00:00:22.483000,0 days 01:22:16.289000,1334.3177777777773,12.0
2023-10-22 19:23:18.762,10299,215,6,49,False,0,car,0 days 00:00:22.723000,0 days 01:22:16.529000,1348.6511111111106,12.0
2023-10-22 19:23:18.922,10291,216,6,57,False,0,car,0 days 00:00:22.883000,0 days 01:22:16.689000,1358.2511111111105,12.0
2023-10-22 19:23:19.122,10536,220,6,80,False,0,car,0 days 00:00:23.083000,0 days 01:22:16.889000,1370.4733333333327,12.0
2023-10-22 19:23:19.402,10522,223,6,100,False,0,car,0 days 00:00:23.363000,0 days 01:22:17.169000,1387.817777777777,12.0
2023-10-22 19:23:19.602,10378,228,6,48,False,0,car,0 days 00:00:23.563000,0 days 01:22:17.369000,1400.4844444444436,12.0
2023-10-22 19:23:19.762,10291,224,6,23,False,0,car,0 days 00:00:23.723000,0 days 01:22:17.529000,1410.4399999999991,12.0
2023-10-22 19:23:20.042,10068,218,6,25,False,0,car,0 days 00:00:24.003000,0 days 01:22:17.809000,1427.3955555555547,12.0
2023-10-22 19:23:20.402,9741,212,6,0,True,0,car,0 days 00:00:24.363000,0 days 01:22:18.169000,1448.5955555555547,12.0
2023-10-22 19:23:20.602,9537,205,6,0,True,0,car,0 days 00:00:24.563000,0 days 01:22:18.369000,1459.9844444444436,12.0
2023-10-22 19:23:20.882,9523,200,6,50,False,0,car,0 days 00:00:24.843000,0 days 01:22:18.649000,1475.5399999999993,12.0
2023-10-22 19:23:21.242,9025,195,6,0,False,0,car,0 days 00:00:25.203000,0 days 01:22:19.009000,1495.0399999999993,12.0
2023-10-22 19:23:21.722,9194,192,6,65,False,0,car,0 days 00:00:25.683000,0 days 01:22:19.489000,1520.6399999999992,12.0
2023-10-22 19:23:22.002,9427,195,6,74,False,0,car,0 days 00:00:25.963000,0 days 01:22:19.769000,1535.806666666666,12.0
2023-10-22 19:23:22.202,9586,198,6,69,False,0,car,0 days 00:00:26.163000,0 days 01:22:19.969000,1546.806666666666,12.0
2023-10-22 19:23:22.522,9780,202,6,74,False,0,car,0 days 00:00:26.483000,0 days 01:22:20.289000,1564.7622222222215,12.0
2023-10-22 19:23:22.882,9856,206,6,100,False,0,car,0 days 00:00:26.843000,0 days 01:22:20.649000,1585.3622222222214,12.0
2023-10-22 19:23:23.122,10049,210,6,100,False,0,car,0 days 00:00:27.083000,0 days 01:22:20.889000,1599.3622222222214,12.0
2023-10-22 19:23:23.282,10049,212,6,100,False,0,car,0 days 00:00:27.243000,0 days 01:22:21.049000,1608.7844444444436,12.0
2023-10-22 19:23:23.761,9402,206,6,0,True,0,car,0 days 00:00:27.722000,0 days 01:22:21.528000,1636.193888888888,12.0
2023-10-22 19:23:24.081,10333,196,5,0,True,0,car,0 days 00:00:28.042000,0 days 01:22:21.848000,1653.6161111111103,12.0
2023-10-22 19:23:24.242,10011,190,5,0,True,0,car,0 days 00:00:28.203000,0 days 01:22:22.009000,1662.1133333333323,12.0
2023-10-22 19:23:24.562,9706,182,5,0,False,0,car,0 days 00:00:28.523000,0 days 01:22:22.329000,1678.29111111111,12.0
2023-10-22 19:23:24.922,9402,173,5,14,False,0,car,0 days 00:00:28.883000,0 days 01:22:22.689000,1695.59111111111,12.0
2023-10-22 19:23:25.362,9647,177,5,56,False,0,car,0 days 00:00:29.323000,0 days 01:22:23.129000,1717.2244444444434,12.0
2023-10-22 19:23:25.522,9857,180,5,62,False,0,car,0 days 00:00:29.483000,0 days 01:22:23.289000,1725.2244444444434,12.0
2023-10-22 19:23:25.842,10223,184,5,73,False,0,car,0 days 00:00:29.803000,0 days 01:22:23.609000,1741.579999999999,12.0
2023-10-22 19:23:26.042,10325,188,5,72,False,0,car,0 days 00:00:30.003000,0 days 01:22:23.809000,1752.0244444444434,12.0
2023-10-22 19:23:26.362,9966,188,5,70,True,0,car,0 days 00:00:30.323000,0 days 01:22:24.129000,1768.7355555555546,12.0
2023-10-22 19:23:26.602,10648,178,5,0,True,0,car,0 days 00:00:30.563000,0 days 01:22:24.369000,1780.6022222222211,12.0
2023-10-22 19:23:26.962,9874,161,4,0,True,0,car,0 days 00:00:30.923000,0 days 01:22:24.729000,1796.702222222221,12.0
2023-10-22 19:23:27.282,9340,153,4,0,False,0,car,0 days 00:00:31.243000,0 days 01:22:25.049000,1810.302222222221,12.0
2023-10-22 19:23:27.482,9125,150,4,0,False,0,car,0 days 00:00:31.443000,0 days 01:22:25.249000,1818.6355555555544,12.0
2023-10-22 19:23:27.802,8832,144,4,27,False,0,car,0 days 00:00:31.763000,0 days 01:22:25.569000,1831.4355555555544,12.0
2023-10-22 19:23:28.002,8928,142,4,34,False,0,car,0 days 00:00:31.963000,0 days 01:22:25.769000,1839.3244444444433,12.0
2023-10-22 19:23:28.162,8928,139,4,34,False,0,car,0 days 00:00:32.123000,0 days 01:22:25.929000,1845.502222222221,12.0
2023-10-22 19:23:28.402,8525,134,4,0,True,0,car,0 days 00:00:32.363000,0 days 01:22:26.169000,1854.4355555555544,12.0
2023-10-22 19:23:28.562,8012,131,4,0,False,0,car,0 days 00:00:32.523000,0 days 01:22:26.329000,1860.2577777777767,12.0
2023-10-22 19:23:28.802,8031,127,4,29,False,0,car,0 days 00:00:32.763000,0 days 01:22:26.569000,1868.7244444444432,12.0
2023-10-22 19:23:29.042,8031,128,4,29,False,0,car,0 days 00:00:33.003000,0 days 01:22:26.809000,1877.2577777777765,12.0
2023-10-22 19:23:29.482,8717,130,4,65,False,0,car,0 days 00:00:33.443000,0 days 01:22:27.249000,1893.1466666666654,12.0
2023-10-22 19:23:29.762,9321,142,4,77,False,0,car,0 days 00:00:33.723000,0 days 01:22:27.529000,1904.1911111111099,12.0
2023-10-22 19:23:30.322,9455,153,4,50,False,0,car,0 days 00:00:34.283000,0 days 01:22:28.089000,1927.99111111111,12.0
2023-10-22 19:23:30.481,9509,154,4,50,False,0,car,0 days 00:00:34.442000,0 days 01:22:28.248000,1934.7927777777768,12.0
2023-10-22 19:23:30.681,9509,154,4,50,False,0,car,0 days 00:00:34.642000,0 days 01:22:28.448000,1943.3483333333324,12.0
2023-10-22 19:23:30.922,10111,158,4,59,False,0,car,0 days 00:00:34.883000,0 days 01:22:28.689000,1953.9255555555546,12.0
2023-10-22 19:23:31.202,10475,163,4,75,False,0,car,0 days 00:00:35.163000,0 days 01:22:28.969000,1966.603333333332,12.0
2023-10-22 19:23:31.442,10905,165,4,87,False,0,car,0 days 00:00:35.403000,0 days 01:22:29.209000,1977.603333333332,12.0
2023-10-22 19:23:31.602,10905,165,4,87,False,0,car,0 days 00:00:35.563000,0 days 01:22:29.369000,1984.9366666666656,12.0
2023-10-22 19:23:31.802,11300,175,4,100,False,0,car,0 days 00:00:35.763000,0 days 01:22:29.569000,1994.6588888888875,12.0
2023-10-22 19:23:32.002,11596,175,4,100,False,0,car,0 days 00:00:35.963000,0 days 01:22:29.769000,2004.38111111111,12.0
2023-10-22 19:23:32.282,10630,194,4,100,False,0,car,0 days 00:00:36.243000,0 days 01:22:30.049000,2019.469999999999,12.0
2023-10-22 19:23:32.682,11295,200,4,100,False,0,car,0 days 00:00:36.643000,0 days 01:22:30.449000,2041.692222222221,12.0
2023-10-22 19:23:32.882,11512,214,5,100,False,0,car,0 days 00:00:36.843000,0 days 01:22:30.649000,2053.58111111111,12.0
2023-10-22 19:23:33.082,10445,219,5,100,False,0,car,0 days 00:00:37.043000,0 days 01:22:30.849000,2065.7477777777767,12.0
2023-10-22 19:23:33.282,10445,224,6,100,False,0,car,0 days 00:00:37.243000,0 days 01:22:31.049000,2078.1922222222215,12.0
2023-10-22 19:23:33.722,10973,233,6,100,False,0,car,0 days 00:00:37.683000,0 days 01:22:31.489000,2106.669999999999,12.0
2023-10-22 19:23:33.882,11179,235,6,100,False,0,car,0 days 00:00:37.843000,0 days 01:22:31.649000,2117.114444444444,12.0
2023-10-22 19:23:34.082,11196,240,6,99,False,0,car,0 days 00:00:38.043000,0 days 01:22:31.849000,2130.447777777777,12.0
2023-10-22 19:23:34.602,10349,246,7,100,False,0,car,0 days 00:00:38.563000,0 days 01:22:32.369000,2165.9811111111107,12.0
2023-10-22 19:23:34.882,10455,251,7,100,False,0,car,0 days 00:00:38.843000,0 days 01:22:32.649000,2185.503333333333,12.0
2023-10-22 19:23:35.082,10566,254,7,100,False,0,car,0 days 00:00:39.043000,0 days 01:22:32.849000,2199.614444444444,12.0
2023-10-22 19:23:35.362,10690,259,7,99,False,0,car,0 days 00:00:39.323000,0 days 01:22:33.129000,2219.7588888888886,12.0
2023-10-22 19:23:35.522,10812,262,7,100,False,0,car,0 days 00:00:39.483000,0 days 01:22:33.289000,2231.4033333333327,12.0
2023-10-22 19:23:35.802,10977,265,7,99,False,0,car,0 days 00:00:39.763000,0 days 01:22:33.569000,2252.014444444444,12.0
2023-10-22 19:23:36.042,11125,269,7,100,False,0,car,0 days 00:00:40.003000,0 days 01:22:33.809000,2269.9477777777774,12.0
2023-10-22 19:23:36.202,11160,270,7,99,False,0,car,0 days 00:00:40.163000,0 days 01:22:33.969000,2281.947777777777,12.0
2023-10-22 19:23:36.682,11381,275,7,100,False,0,car,0 days 00:00:40.643000,0 days 01:22:34.449000,2318.614444444444,12.0
2023-10-22 19:23:36.882,11426,276,7,100,False,0,car,0 days 00:00:40.843000,0 days 01:22:34.649000,2333.9477777777774,12.0
2023-10-22 19:23:37.241,9746,276,7,22,False,0,car,0 days 00:00:41.202000,0 days 01:22:35.008000,2361.4711111111105,12.0
2023-10-22 19:23:37.522,9890,269,8,0,False,0,car,0 days 00:00:41.483000,0 days 01:22:35.289000,2382.468055555555,12.0
2023-10-22 19:23:37.882,9317,255,8,0,True,0,car,0 days 00:00:41.843000,0 days 01:22:35.649000,2407.9680555555556,12.0
2023-10-22 19:23:38.082,9360,233,8,0,True,0,car,0 days 00:00:42.043000,0 days 01:22:35.849000,2420.9125,12.0
2023-10-22 19:23:38.322,8732,201,7,0,True,0,car,0 days 00:00:42.283000,0 days 01:22:36.089000,2434.3125,12.0
2023-10-22 19:23:38.562,8172,183,7,0,True,0,car,0 days 00:00:42.523000,0 days 01:22:36.329000,2446.5125000000003,12.0
2023-10-22 19:23:38.922,8297,157,5,0,True,0,car,0 days 00:00:42.883000,0 days 01:22:36.689000,2462.2125,12.0
2023-10-22 19:23:39.162,7975,137,5,0,True,0,car,0 days 00:00:43.123000,0 days 01:22:36.929000,2471.3458333333333,12.0
2023-10-22 19:23:39.522,8142,119,4,0,True,0,car,0 days 00:00:43.483000,0 days 01:22:37.289000,2483.2458333333334,12.0
2023-10-22 19:23:39.762,7291,104,3,0,True,0,car,0 days 00:00:43.723000,0 days 01:22:37.529000,2490.179166666667,12.0
2023-10-22 19:23:39.922,6889,97,3,0,True,0,car,0 days 00:00:43.883000,0 days 01:22:37.689000,2494.490277777778,12.0
2023-10-22 19:23:40.362,6109,86,3,0,True,0,car,0 days 00:00:44.323000,0 days 01:22:38.129000,2505.001388888889,12.0
2023-10-22 19:23:40.802,5339,78,3,0,True,0,car,0 days 00:00:44.763000,0 days 01:22:38.569000,2514.534722222222,12.0
2023-10-22 19:23:41.162,4911,70,3,0,False,0,car,0 days 00:00:45.123000,0 days 01:22:38.929000,2521.534722222222,12.0
2023-10-22 19:23:41.562,4676,65,3,0,False,0,car,0 days 00:00:45.523000,0 days 01:22:39.329000,2528.7569444444443,12.0
2023-10-22 19:23:41.722,4816,65,3,3,False,0,car,0 days 00:00:45.683000,0 days 01:22:39.489000,2531.645833333333,12.0
2023-10-22 19:23:41.922,5180,66,3,15,False,0,car,0 days 00:00:45.883000,0 days 01:22:39.689000,2535.3124999999995,12.0
2023-10-22 19:23:42.202,5628,69,3,23,False,0,car,0 days 00:00:46.163000,0 days 01:22:39.969000,2540.679166666666,12.0
2023-10-22 19:23:42.402,5557,72,3,30,False,0,car,0 days 00:00:46.363000,0 days 01:22:40.169000,2544.679166666666,12.0
2023-10-22 19:23:42.642,6081,79,3,37,False,0,car,0 days 00:00:46.603000,0 days 01:22:40.409000,2549.9458333333328,12.0
2023-10-22 19:23:42.882,6612,84,3,42,False,0,car,0 days 00:00:46.843000,0 days 01:22:40.649000,2555.5458333333327,12.0
2023-10-22 19:23:43.082,7143,90,3,43,False,0,car,0 days 00:00:47.043000,0 days 01:22:40.849000,2560.5458333333327,12.0
2023-10-22 19:23:43.442,8186,100,3,47,False,0,car,0 days 00:00:47.403000,0 days 01:22:41.209000,2570.5458333333327,12.0
2023-10-22 19:23:43.602,7866,103,3,48,False,0,car,0 days 00:00:47.563000,0 days 01:22:41.369000,2575.1236111111107,12.0
2023-10-22 19:23:43.802,8299,109,3,58,False,0,car,0 days 00:00:47.763000,0 days 01:22:41.569000,2581.179166666666,12.0
2023-10-22 19:23:43.962,8961,117,3,63,False,0,car,0 days 00:00:47.923000,0 days 01:22:41.729000,2586.379166666666,12.0
2023-10-22 19:23:44.122,9581,124,3,67,False,0,car,0 days 00:00:48.083000,0 days 01:22:41.889000,2591.890277777777,12.0
2023-10-22 19:23:44.362,10143,133,3,72,False,0,car,0 days 00:00:48.323000,0 days 01:22:42.129000,2600.756944444444,12.0
2023-10-22 19:23:44.642,10954,147,3,98,False,0,car,0 days 00:00:48.603000,0 days 01:22:42.409000,2612.1902777777773,12.0
2023-10-22 19:23:45.122,10727,167,3,100,False,0,car,0 days 00:00:49.083000,0 days 01:22:42.889000,2634.4569444444437,12.0
2023-10-22 19:23:45.322,11160,179,4,100,False,0,car,0 days 00:00:49.283000,0 days 01:22:43.089000,2644.4013888888885,12.0
2023-10-22 19:23:45.522,11686,179,4,100,False,0,car,0 days 00:00:49.483000,0 days 01:22:43.289000,2654.345833333333,12.0
2023-10-22 19:23:45.722,10846,190,4,100,False,0,car,0 days 00:00:49.683000,0 days 01:22:43.489000,2664.9013888888885,12.0
2023-10-22 19:23:46.162,11291,208,5,100,False,0,car,0 days 00:00:50.123000,0 days 01:22:43.929000,2690.3236111111105,12.0
2023-10-22 19:23:46.522,11588,218,5,100,False,0,car,0 days 00:00:50.483000,0 days 01:22:44.289000,2712.1236111111107,12.0
2023-10-22 19:23:46.722,10591,224,5,100,False,0,car,0 days 00:00:50.683000,0 days 01:22:44.489000,2724.5680555555555,12.0
2023-10-22 19:23:47.162,10829,234,6,100,False,0,car,0 days 00:00:51.123000,0 days 01:22:44.929000,2753.1680555555554,12.0
2023-10-22 19:23:47.362,11254,238,6,100,False,0,car,0 days 00:00:51.323000,0 days 01:22:45.129000,2766.390277777778,12.0
2023-10-22 19:23:47.522,11469,242,6,100,False,0,car,0 days 00:00:51.483000,0 days 01:22:45.289000,2777.1458333333335,12.0
2023-10-22 19:23:47.762,11601,246,6,100,False,0,car,0 days 00:00:51.723000,0 days 01:22:45.529000,2793.5458333333336,12.0
2023-10-22 19:23:48.002,11484,249,6,100,False,0,car,0 days 00:00:51.963000,0 days 01:22:45.769000,2810.145833333334,12.0
2023-10-22 19:23:48.402,10609,255,7,100,False,0,car,0 days 00:00:52.363000,0 days 01:22:46.169000,2838.479166666667,12.0
2023-10-22 19:23:48.642,10671,257,7,100,False,0,car,0 days 00:00:52.603000,0 days 01:22:46.409000,2855.6125000000006,12.0
2023-10-22 19:23:49.002,10921,263,7,100,False,0,car,0 days 00:00:52.963000,0 days 01:22:46.769000,2881.912500000001,12.0
2023-10-22 19:23:49.202,11074,265,7,100,False,0,car,0 days 00:00:53.163000,0 days 01:22:46.969000,2896.6347222222225,12.0
2023-10-22 19:23:49.562,11349,270,7,100,False,0,car,0 days 00:00:53.523000,0 days 01:22:47.329000,2923.634722222223,12.0
2023-10-22 19:23:49.762,11349,272,7,100,False,0,car,0 days 00:00:53.723000,0 days 01:22:47.529000,2938.745833333334,12.0
2023-10-22 19:23:49.922,11359,273,7,100,False,0,car,0 days 00:00:53.883000,0 days 01:22:47.689000,2950.8791666666675,12.0
2023-10-22 19:23:50.162,11451,275,7,100,False,0,car,0 days 00:00:54.123000,0 days 01:22:47.929000,2969.2125000000005,12.0
2023-10-22 19:23:50.362,11451,277,7,100,False,0,car,0 days 00:00:54.323000,0 days 01:22:48.129000,2984.6013888888897,12.0
2023-10-22 19:23:50.563,11655,277,7,100,False,0,car,0 days 00:00:54.524000,0 days 01:22:48.330000,3000.067222222223,12.0
2023-10-22 19:23:50.922,10462,282,8,100,False,0,car,0 days 00:00:54.883000,0 days 01:22:48.689000,3028.18888888889,12.0
2023-10-22 19:23:51.282,10515,285,8,100,False,0,car,0 days 00:00:55.243000,0 days 01:22:49.049000,3056.68888888889,12.0
2023-10-22 19:23:51.562,10552,286,8,100,False,0,car,0 days 00:00:55.523000,0 days 01:22:49.329000,3078.9333333333343,12.0
2023-10-22 19:23:51.722,10552,286,8,100,False,0,car,0 days 00:00:55.683000,0 days 01:22:49.489000,3091.644444444445,12.0
2023-10-22 19:23:51.882,10639,288,8,100,False,0,car,0 days 00:00:55.843000,0 days 01:22:49.649000,3104.4444444444453,12.0
2023-10-22 19:23:52.122,10732,291,8,100,False,0,car,0 days 00:00:56.083000,0 days 01:22:49.889000,3123.844444444445,12.0
2023-10-22 19:23:52.562,10846,295,8,100,False,0,car,0 days 00:00:56.523000,0 days 01:22:50.329000,3159.900000000001,12.0
2023-10-22 19:23:52.802,10877,295,8,99,False,0,car,0 days 00:00:56.763000,0 days 01:22:50.569000,3179.566666666667,12.0
2023-10-22 19:23:52.962,10920,297,8,99,False,0,car,0 days 00:00:56.923000,0 days 01:22:50.729000,3192.7666666666673,12.0
2023-10-22 19:23:53.122,10947,298,8,100,False,0,car,0 days 00:00:57.083000,0 days 01:22:50.889000,3206.0111111111114,12.0
2023-10-22 19:23:53.402,10979,298,8,100,False,0,car,0 days 00:00:57.363000,0 days 01:22:51.169000,3229.1888888888893,12.0
2023-10-22 19:23:53.762,10996,299,8,100,False,0,car,0 days 00:00:57.723000,0 days 01:22:51.529000,3259.0888888888894,12.0
2023-10-22 19:23:53.962,11015,300,8,100,False,0,car,0 days 00:00:57.923000,0 days 01:22:51.729000,3275.7555555555564,12.0
2023-10-22 19:23:54.242,11058,300,8,100,False,0,car,0 days 00:00:58.203000,0 days 01:22:52.009000,3299.08888888889,12.0
2023-10-22 19:23:54.482,11064,300,8,100,False,0,car,0 days 00:00:58.443000,0 days 01:22:52.249000,3319.0888888888894,12.0
2023-10-22 19:23:54.842,11055,300,8,100,False,0,car,0 days 00:00:58.803000,0 days 01:22:52.609000,3349.0888888888894,12.0
2023-10-22 19:23:55.002,11061,300,8,100,False,0,car,0 days 00:00:58.963000,0 days 01:22:52.769000,3362.422222222223,12.0
2023-10-22 19:23:55.162,11077,301,8,100,False,0,car,0 days 00:00:59.123000,0 days 01:22:52.929000,3375.8,12.0
2023-10-22 19:23:55.482,11078,301,8,100,False,0,car,0 days 00:00:59.443000,0 days 01:22:53.249000,3402.5555555555557,12.0
2023-10-22 19:23:55.842,11082,302,8,100,False,0,car,0 days 00:00:59.803000,0 days 01:22:53.609000,3432.7555555555555,12.0
2023-10-22 19:23:56.042,11106,301,8,100,False,0,car,0 days 00:01:00.003000,0 days 01:22:53.809000,3449.477777777778,12.0
2023-10-22 19:23:56.202,11086,301,8,100,False,0,car,0 days 00:01:00.163000,0 days 01:22:53.969000,3462.8555555555554,12.0
2023-10-22 19:23:56.402,11079,301,8,100,False,0,car,0 days 00:01:00.363000,0 days 01:22:54.169000,3479.577777777778,12.0
2023-10-22 19:23:56.682,11080,302,8,100,False,0,car,0 days 00:01:00.643000,0 days 01:22:54.449000,3503.066666666667,12.0
2023-10-22 19:23:56.842,11125,302,8,100,False,0,car,0 days 00:01:00.803000,0 days 01:22:54.609000,3516.488888888889,12.0
2023-10-22 19:23:57.083,11099,302,8,100,False,0,car,0 days 00:01:01.044000,0 days 01:22:54.850000,3536.706111111111,12.0
2023-10-22 19:23:57.522,11031,298,8,100,False,0,car,0 days 00:01:01.483000,0 days 01:22:55.289000,3573.0455555555554,12.0
2023-10-22 19:23:57.682,10600,289,8,0,True,0,car,0 days 00:01:01.643000,0 days 01:22:55.449000,3585.8900000000003,12.0
2023-10-22 19:23:57.922,10039,275,8,0,True,0,car,0 days 00:01:01.883000,0 days 01:22:55.689000,3604.223333333334,12.0
2023-10-22 19:23:58.122,9103,241,8,0,True,0,car,0 days 00:01:02.083000,0 days 01:22:55.889000,3617.6122222222225,12.0
2023-10-22 19:23:58.402,9735,216,8,0,True,0,car,0 days 00:01:02.363000,0 days 01:22:56.169000,3634.4122222222227,12.0
2023-10-22 19:23:58.722,9069,174,6,0,True,0,car,0 days 00:01:02.683000,0 days 01:22:56.489000,3649.8788888888894,12.0
2023-10-22 19:23:58.962,9492,156,6,0,True,0,car,0 days 00:01:02.923000,0 days 01:22:56.729000,3660.2788888888895,12.0
2023-10-22 19:23:59.242,9557,140,4,0,True,0,car,0 days 00:01:03.203000,0 days 01:22:57.009000,3671.1677777777786,12.0
2023-10-22 19:23:59.482,10043,123,4,0,True,0,car,0 days 00:01:03.443000,0 days 01:22:57.249000,3679.3677777777784,12.0
2023-10-22 19:23:59.802,9152,110,2,0,True,0,car,0 days 00:01:03.763000,0 days 01:22:57.569000,3689.1455555555563,12.0
2023-10-22 19:24:00.202,8230,99,2,0,True,0,car,0 days 00:01:04.163000,0 days 01:22:57.969000,3700.1455555555563,12.0
2023-10-22 19:24:00.402,7805,94,2,0,False,0,car,0 days 00:01:04.363000,0 days 01:22:58.169000,3705.3677777777784,12.0
2023-10-22 19:24:00.642,7560,92,2,0,False,0,car,0 days 00:01:04.603000,0 days 01:22:58.409000,3711.5011111111116,12.0
2023-10-22 19:24:00.802,7549,89,2,0,False,0,car,0 days 00:01:04.763000,0 days 01:22:58.569000,3715.4566666666674,12.0
2023-10-22 19:24:01.202,7034,85,2,4,False,0,car,0 days 00:01:05.163000,0 days 01:22:58.969000,3724.9011111111117,12.0
2023-10-22 19:24:01.642,7607,87,2,32,False,0,car,0 days 00:01:05.603000,0 days 01:22:59.409000,3735.534444444445,12.0
2023-10-22 19:24:01.962,8216,92,2,41,False,0,car,0 days 00:01:05.923000,0 days 01:22:59.729000,3743.712222222223,12.0
2023-10-22 19:24:02.202,8621,92,2,47,False,0,car,0 days 00:01:06.163000,0 days 01:22:59.969000,3749.845555555556,12.0
2023-10-22 19:24:02.362,9246,102,2,51,False,0,car,0 days 00:01:06.323000,0 days 01:23:00.129000,3754.3788888888894,12.0
2023-10-22 19:24:02.682,10166,110,2,71,False,0,car,0 days 00:01:06.643000,0 days 01:23:00.449000,3764.156666666667,12.0
2023-10-22 19:24:02.882,11363,118,2,81,False,0,car,0 days 00:01:06.843000,0 days 01:23:00.649000,3770.712222222223,12.0
2023-10-22 19:24:03.122,11077,137,2,100,False,0,car,0 days 00:01:07.083000,0 days 01:23:00.889000,3779.845555555556,12.0
2023-10-22 19:24:03.442,10873,147,3,100,False,0,car,0 days 00:01:07.403000,0 days 01:23:01.209000,3792.912222222223,12.0
2023-10-22 19:24:03.602,11693,156,3,99,False,0,car,0 days 00:01:07.563000,0 days 01:23:01.369000,3799.8455555555565,12.0
2023-10-22 19:24:03.883,10696,169,4,100,False,0,car,0 days 00:01:07.844000,0 days 01:23:01.650000,3813.036944444445,12.0
2023-10-22 19:24:04.162,10983,176,4,100,False,0,car,0 days 00:01:08.123000,0 days 01:23:01.929000,3826.6769444444453,12.0
2023-10-22 19:24:04.362,10921,184,4,100,False,0,car,0 days 00:01:08.323000,0 days 01:23:02.129000,3836.899166666667,12.0
2023-10-22 19:24:04.722,10159,191,5,100,False,0,car,0 days 00:01:08.683000,0 days 01:23:02.489000,3855.999166666668,12.0
2023-10-22 19:24:05.122,9676,164,5,0,True,0,car,0 days 00:01:09.083000,0 days 01:23:02.889000,3874.2213888888896,12.0
2023-10-22 19:24:05.322,10443,151,4,0,True,0,car,0 days 00:01:09.283000,0 days 01:23:03.089000,3882.6102777777787,12.0
2023-10-22 19:24:05.562,9891,151,3,0,True,0,car,0 days 00:01:09.523000,0 days 01:23:03.329000,3892.6769444444453,12.0
2023-10-22 19:24:05.882,8882,127,3,0,True,0,car,0 days 00:01:09.843000,0 days 01:23:03.649000,3903.9658333333346,12.0
2023-10-22 19:24:06.082,8430,123,3,0,True,0,car,0 days 00:01:10.043000,0 days 01:23:03.849000,3910.799166666668,12.0
2023-10-22 19:24:06.242,8015,113,3,0,True,0,car,0 days 00:01:10.203000,0 days 01:23:04.009000,3915.82138888889,12.0
2023-10-22 19:24:06.562,7671,109,3,0,True,0,car,0 days 00:01:10.523000,0 days 01:23:04.329000,3925.510277777779,12.0
2023-10-22 19:24:06.722,7234,104,3,0,True,0,car,0 days 00:01:10.683000,0 days 01:23:04.489000,3930.1325000000015,12.0
2023-10-22 19:24:06.882,7129,102,3,0,True,0,car,0 days 00:01:10.843000,0 days 01:23:04.649000,3934.665833333335,12.0
2023-10-22 19:24:07.162,6907,97,3,0,False,0,car,0 days 00:01:11.123000,0 days 01:23:04.929000,3942.210277777779,12.0
2023-10-22 19:24:07.322,6641,95,3,0,False,0,car,0 days 00:01:11.283000,0 days 01:23:05.089000,3946.4325000000013,12.0
2023-10-22 19:24:07.482,6601,93,3,0,False,0,car,0 days 00:01:11.443000,0 days 01:23:05.249000,3950.5658333333345,12.0
2023-10-22 19:24:07.802,6611,90,3,22,False,0,car,0 days 00:01:11.763000,0 days 01:23:05.569000,3958.5658333333345,12.0
2023-10-22 19:24:08.002,6847,91,3,32,False,0,car,0 days 00:01:11.963000,0 days 01:23:05.769000,3963.6213888888897,12.0
2023-10-22 19:24:08.362,7430,98,3,39,False,0,car,0 days 00:01:12.323000,0 days 01:23:06.129000,3973.42138888889,12.0
2023-10-22 19:24:08.562,7681,102,3,41,False,0,car,0 days 00:01:12.523000,0 days 01:23:06.329000,3979.088055555557,12.0
2023-10-22 19:24:08.722,7938,105,3,42,False,0,car,0 days 00:01:12.683000,0 days 01:23:06.489000,3983.754722222224,12.0
2023-10-22 19:24:08.962,8206,110,3,49,False,0,car,0 days 00:01:12.923000,0 days 01:23:06.729000,3991.088055555557,12.0
2023-10-22 19:24:09.242,8890,115,3,55,False,0,car,0 days 00:01:13.203000,0 days 01:23:07.009000,4000.032500000001,12.0
2023-10-22 19:24:09.482,9444,124,3,62,False,0,car,0 days 00:01:13.443000,0 days 01:23:07.249000,4008.2991666666676,12.0
2023-10-22 19:24:10.443,10311,159,3,99,False,0,car,0 days 00:01:14.404000,0 days 01:23:08.210000,4050.7433333333342,12.0
2023-10-22 19:24:10.643,10551,165,4,100,False,0,car,0 days 00:01:14.604000,0 days 01:23:08.410000,4059.910000000001,12.0
2023-10-22 19:24:10.842,10850,172,4,100,False,0,car,0 days 00:01:14.803000,0 days 01:23:08.609000,4069.417777777779,12.0
2023-10-22 19:24:11.242,10293,183,4,100,False,0,car,0 days 00:01:15.203000,0 days 01:23:09.009000,4089.7511111111126,12.0
2023-10-22 19:24:11.442,10223,188,5,99,False,0,car,0 days 00:01:15.403000,0 days 01:23:09.209000,4100.195555555557,12.0
2023-10-22 19:24:11.802,10981,194,5,0,True,0,car,0 days 00:01:15.763000,0 days 01:23:09.569000,4119.5955555555565,12.0
2023-10-22 19:24:11.962,9881,180,5,0,True,0,car,0 days 00:01:15.923000,0 days 01:23:09.729000,4127.5955555555565,12.0
2023-10-22 19:24:12.242,9810,161,5,0,True,0,car,0 days 00:01:16.203000,0 days 01:23:10.009000,4140.117777777778,12.0
2023-10-22 19:24:12.482,10056,150,4,0,True,0,car,0 days 00:01:16.443000,0 days 01:23:10.249000,4150.117777777778,12.0
2023-10-22 19:24:12.642,10318,141,3,0,True,0,car,0 days 00:01:16.603000,0 days 01:23:10.409000,4156.384444444445,12.0
2023-10-22 19:24:12.882,9392,133,3,0,True,0,car,0 days 00:01:16.843000,0 days 01:23:10.649000,4165.251111111112,12.0
2023-10-22 19:24:13.122,8611,120,3,0,True,0,car,0 days 00:01:17.083000,0 days 01:23:10.889000,4173.251111111112,12.0
2023-10-22 19:24:13.322,8031,113,3,0,True,0,car,0 days 00:01:17.283000,0 days 01:23:11.089000,4179.52888888889,12.0
2023-10-22 19:24:13.482,7744,110,3,0,True,0,car,0 days 00:01:17.443000,0 days 01:23:11.249000,4184.417777777779,12.0
2023-10-22 19:24:13.922,6874,96,3,0,True,0,car,0 days 00:01:17.883000,0 days 01:23:11.689000,4196.151111111112,12.0
2023-10-22 19:24:14.122,6522,93,3,0,True,0,car,0 days 00:01:18.083000,0 days 01:23:11.889000,4201.317777777779,12.0
2023-10-22 19:24:14.282,6331,90,3,0,True,0,car,0 days 00:01:18.243000,0 days 01:23:12.049000,4205.317777777779,12.0
2023-10-22 19:24:14.522,6014,86,3,0,False,0,car,0 days 00:01:18.483000,0 days 01:23:12.289000,4211.051111111113,12.0
2023-10-22 19:24:14.682,5876,84,3,0,False,0,car,0 days 00:01:18.643000,0 days 01:23:12.449000,4214.784444444446,12.0
2023-10-22 19:24:14.882,5566,81,3,0,False,0,car,0 days 00:01:18.843000,0 days 01:23:12.649000,4219.284444444446,12.0
2023-10-22 19:24:15.042,5391,81,3,0,False,0,car,0 days 00:01:19.003000,0 days 01:23:12.809000,4222.884444444447,12.0
2023-10-22 19:24:15.242,5679,79,3,4,False,0,car,0 days 00:01:19.203000,0 days 01:23:13.009000,4227.273333333335,12.0
2023-10-22 19:24:15.522,5860,77,3,21,False,0,car,0 days 00:01:19.483000,0 days 01:23:13.289000,4233.262222222224,12.0
2023-10-22 19:24:15.962,6556,85,3,38,False,0,car,0 days 00:01:19.923000,0 days 01:23:13.729000,4243.651111111113,12.0
2023-10-22 19:24:16.162,6797,89,3,41,False,0,car,0 days 00:01:20.123000,0 days 01:23:13.929000,4248.595555555557,12.0
2023-10-22 19:24:16.322,7094,95,3,48,False,0,car,0 days 00:01:20.283000,0 days 01:23:14.089000,4252.817777777779,12.0
2023-10-22 19:24:16.482,7536,98,3,51,False,0,car,0 days 00:01:20.443000,0 days 01:23:14.249000,4257.173333333335,12.0
2023-10-22 19:24:16.803,8449,107,3,60,False,0,car,0 days 00:01:20.764000,0 days 01:23:14.570000,4266.7141666666685,12.0
2023-10-22 19:24:17.003,8614,115,3,64,False,0,car,0 days 00:01:20.964000,0 days 01:23:14.770000,4273.103055555557,12.0
2023-10-22 19:24:17.163,9290,122,3,70,False,0,car,0 days 00:01:21.124000,0 days 01:23:14.930000,4278.52527777778,12.0
2023-10-22 19:24:17.403,9962,131,3,78,False,0,car,0 days 00:01:21.364000,0 days 01:23:15.170000,4287.258611111113,12.0
2023-10-22 19:24:17.562,10569,140,3,83,False,0,car,0 days 00:01:21.523000,0 days 01:23:15.329000,4293.441944444447,12.0
2023-10-22 19:24:17.842,11623,150,3,100,False,0,car,0 days 00:01:21.803000,0 days 01:23:15.609000,4305.1086111111135,12.0
2023-10-22 19:24:18.242,10421,167,4,100,False,0,car,0 days 00:01:22.203000,0 days 01:23:16.009000,4323.664166666669,12.0
2023-10-22 19:24:18.402,11115,167,4,100,False,0,car,0 days 00:01:22.363000,0 days 01:23:16.169000,4331.086388888892,12.0
2023-10-22 19:24:18.562,11309,183,4,100,False,0,car,0 days 00:01:22.523000,0 days 01:23:16.329000,4339.219722222225,12.0
2023-10-22 19:24:18.882,10462,193,5,100,False,0,car,0 days 00:01:22.843000,0 days 01:23:16.649000,4356.375277777781,12.0
2023-10-22 19:24:19.122,11008,196,5,100,False,0,car,0 days 00:01:23.083000,0 days 01:23:16.889000,4369.4419444444475,12.0
2023-10-22 19:24:19.282,11132,204,5,100,False,0,car,0 days 00:01:23.243000,0 days 01:23:17.049000,4378.508611111114,12.0
2023-10-22 19:24:19.482,11417,210,5,100,False,0,car,0 days 00:01:23.443000,0 days 01:23:17.249000,4390.175277777781,12.0
2023-10-22 19:24:19.762,11387,216,5,100,False,0,car,0 days 00:01:23.723000,0 days 01:23:17.529000,4406.975277777781,12.0
2023-10-22 19:24:19.922,10338,216,6,100,False,0,car,0 days 00:01:23.883000,0 days 01:23:17.689000,4416.575277777781,12.0
2023-10-22 19:24:20.202,10622,216,6,100,False,0,car,0 days 00:01:24.163000,0 days 01:23:17.969000,4433.375277777781,12.0
2023-10-22 19:24:20.442,10789,226,6,100,False,0,car,0 days 00:01:24.403000,0 days 01:23:18.209000,4448.441944444448,12.0
2023-10-22 19:24:20.642,10883,230,6,92,False,0,car,0 days 00:01:24.603000,0 days 01:23:18.409000,4461.219722222226,12.0
2023-10-22 19:24:20.922,9532,229,6,71,False,0,car,0 days 00:01:24.883000,0 days 01:23:18.689000,4479.030833333337,12.0
2023-10-22 19:24:21.162,9662,230,7,73,False,0,car,0 days 00:01:25.123000,0 days 01:23:18.929000,4494.364166666671,12.0
2023-10-22 19:24:21.522,9737,232,7,82,False,0,car,0 days 00:01:25.483000,0 days 01:23:19.289000,4517.564166666671,12.0
2023-10-22 19:24:21.762,9829,233,7,78,False,0,car,0 days 00:01:25.723000,0 days 01:23:19.529000,4533.0975000000035,12.0
2023-10-22 19:24:21.922,9717,233,7,79,False,0,car,0 days 00:01:25.883000,0 days 01:23:19.689000,4543.453055555558,12.0
2023-10-22 19:24:22.082,9757,234,7,82,False,0,car,0 days 00:01:26.043000,0 days 01:23:19.849000,4553.853055555559,12.0
2023-10-22 19:24:22.362,9895,236,7,85,False,0,car,0 days 00:01:26.323000,0 days 01:23:20.129000,4572.208611111114,12.0
2023-10-22 19:24:22.602,9960,238,7,93,False,0,car,0 days 00:01:26.563000,0 days 01:23:20.369000,4588.075277777782,12.0
2023-10-22 19:24:22.922,10073,241,7,100,False,0,car,0 days 00:01:26.883000,0 days 01:23:20.689000,4609.497500000003,12.0
2023-10-22 19:24:23.162,10277,244,7,100,False,0,car,0 days 00:01:27.123000,0 days 01:23:20.929000,4625.7641666666705,12.0
2023-10-22 19:24:23.443,10314,247,7,100,False,0,car,0 days 00:01:27.404000,0 days 01:23:21.210000,4645.043888888892,12.0
2023-10-22 19:24:23.603,10442,249,7,100,False,0,car,0 days 00:01:27.564000,0 days 01:23:21.370000,4656.110555555559,12.0
2023-10-22 19:24:23.803,10526,252,7,100,False,0,car,0 days 00:01:27.764000,0 days 01:23:21.570000,4670.110555555559,12.0
2023-10-22 19:24:23.963,10648,253,7,100,False,0,car,0 days 00:01:27.924000,0 days 01:23:21.730000,4681.355000000004,12.0
2023-10-22 19:24:24.203,10611,256,7,100,False,0,car,0 days 00:01:28.164000,0 days 01:23:21.970000,4698.421666666671,12.0
2023-10-22 19:24:24.522,10692,256,7,100,False,0,car,0 days 00:01:28.483000,0 days 01:23:22.289000,4721.106111111116,12.0
2023-10-22 19:24:24.762,10845,257,7,100,False,0,car,0 days 00:01:28.723000,0 days 01:23:22.529000,4738.239444444449,12.0
2023-10-22 19:24:25.082,10747,260,7,100,False,0,car,0 days 00:01:29.043000,0 days 01:23:22.849000,4761.35055555556,12.0
2023-10-22 19:24:25.322,10726,259,7,100,False,0,car,0 days 00:01:29.283000,0 days 01:23:23.089000,4778.617222222227,12.0
2023-10-22 19:24:25.562,10755,259,7,100,False,0,car,0 days 00:01:29.523000,0 days 01:23:23.329000,4795.883888888893,12.0
2023-10-22 19:24:25.922,10850,262,7,100,False,0,car,0 days 00:01:29.883000,0 days 01:23:23.689000,4822.083888888893,12.0
2023-10-22 19:24:26.082,10903,262,7,99,False,0,car,0 days 00:01:30.043000,0 days 01:23:23.849000,4833.728333333338,12.0
2023-10-22 19:24:26.362,10938,264,7,100,False,0,car,0 days 00:01:30.323000,0 days 01:23:24.129000,4854.26166666667,12.0
2023-10-22 19:24:26.522,10988,264,7,100,False,0,car,0 days 00:01:30.483000,0 days 01:23:24.289000,4865.995000000004,12.0
2023-10-22 19:24:26.842,9870,250,7,0,True,0,car,0 days 00:01:30.803000,0 days 01:23:24.609000,4888.217222222226,12.0
2023-10-22 19:24:27.002,10307,237,7,0,True,0,car,0 days 00:01:30.963000,0 days 01:23:24.769000,4898.750555555559,12.0
2023-10-22 19:24:27.482,10676,205,6,0,True,0,car,0 days 00:01:31.443000,0 days 01:23:25.249000,4926.083888888893,12.0
2023-10-22 19:24:27.642,10550,196,5,0,True,0,car,0 days 00:01:31.603000,0 days 01:23:25.409000,4934.795000000004,12.0
2023-10-22 19:24:28.002,10039,190,5,0,False,0,car,0 days 00:01:31.963000,0 days 01:23:25.769000,4953.795000000004,12.0
2023-10-22 19:24:28.162,9778,186,5,0,False,0,car,0 days 00:01:32.123000,0 days 01:23:25.929000,4962.061666666671,12.0
2023-10-22 19:24:28.362,9717,185,5,16,False,0,car,0 days 00:01:32.323000,0 days 01:23:26.129000,4972.339444444448,12.0
2023-10-22 19:24:28.682,9656,178,5,44,False,0,car,0 days 00:01:32.643000,0 days 01:23:26.449000,4988.161666666671,12.0
2023-10-22 19:24:29.002,10004,181,5,71,False,0,car,0 days 00:01:32.963000,0 days 01:23:26.769000,5004.25055555556,12.0
2023-10-22 19:24:29.202,10192,186,5,94,False,0,car,0 days 00:01:33.163000,0 days 01:23:26.969000,5014.583888888893,12.0
2023-10-22 19:24:29.522,10602,196,5,100,False,0,car,0 days 00:01:33.483000,0 days 01:23:27.289000,5032.006111111115,12.0
2023-10-22 19:24:29.963,11517,208,5,100,False,0,car,0 days 00:01:33.924000,0 days 01:23:27.730000,5057.486111111116,12.0
2023-10-22 19:24:30.163,11035,208,5,100,False,0,car,0 days 00:01:34.124000,0 days 01:23:27.930000,5069.041666666671,12.0
2023-10-22 19:24:30.523,10517,218,6,100,False,0,car,0 days 00:01:34.484000,0 days 01:23:28.290000,5090.841666666671,12.0
2023-10-22 19:24:30.723,10695,224,6,100,False,0,car,0 days 00:01:34.684000,0 days 01:23:28.490000,5103.286111111115,12.0
2023-10-22 19:24:31.002,10771,229,6,100,False,0,car,0 days 00:01:34.963000,0 days 01:23:28.769000,5121.033611111115,12.0
2023-10-22 19:24:31.362,11043,234,6,100,False,0,car,0 days 00:01:35.323000,0 days 01:23:29.129000,5144.433611111114,12.0
2023-10-22 19:24:31.602,11175,236,6,100,False,0,car,0 days 00:01:35.563000,0 days 01:23:29.369000,5160.166944444448,12.0
2023-10-22 19:24:31.842,10722,236,6,0,True,0,car,0 days 00:01:35.803000,0 days 01:23:29.609000,5175.9002777777805,12.0
2023-10-22 19:24:32.042,10366,215,6,0,True,0,car,0 days 00:01:36.003000,0 days 01:23:29.809000,5187.844722222225,12.0
2023-10-22 19:24:32.202,9993,194,5,0,True,0,car,0 days 00:01:36.163000,0 days 01:23:29.969000,5196.466944444447,12.0
2023-10-22 19:24:32.442,10487,171,5,0,True,0,car,0 days 00:01:36.403000,0 days 01:23:30.209000,5207.866944444448,12.0
2023-10-22 19:24:32.762,10582,140,4,0,True,0,car,0 days 00:01:36.723000,0 days 01:23:30.529000,5220.311388888892,12.0
2023-10-22 19:24:33.082,9136,124,3,0,True,0,car,0 days 00:01:37.043000,0 days 01:23:30.849000,5231.333611111115,12.0
2023-10-22 19:24:33.522,7468,105,3,0,True,0,car,0 days 00:01:37.483000,0 days 01:23:31.289000,5244.166944444448,12.0
2023-10-22 19:24:33.802,7022,101,3,0,True,0,car,0 days 00:01:37.763000,0 days 01:23:31.569000,5252.022500000004,12.0
2023-10-22 19:24:34.082,6760,95,3,0,False,0,car,0 days 00:01:38.043000,0 days 01:23:31.849000,5259.411388888892,12.0
2023-10-22 19:24:34.322,6760,91,3,0,False,0,car,0 days 00:01:38.283000,0 days 01:23:32.089000,5265.478055555559,12.0
2023-10-22 19:24:34.522,6568,88,3,9,False,0,car,0 days 00:01:38.483000,0 days 01:23:32.289000,5270.366944444448,12.0
2023-10-22 19:24:34.922,6832,91,3,27,False,0,car,0 days 00:01:38.883000,0 days 01:23:32.689000,5280.478055555559,12.0
2023-10-22 19:24:35.162,7055,94,3,34,False,0,car,0 days 00:01:39.123000,0 days 01:23:32.929000,5286.744722222226,12.0
2023-10-22 19:24:35.562,7766,101,3,45,False,0,car,0 days 00:01:39.523000,0 days 01:23:33.329000,5297.966944444448,12.0
2023-10-22 19:24:35.842,8415,111,3,57,False,0,car,0 days 00:01:39.803000,0 days 01:23:33.609000,5306.600277777781,12.0
2023-10-22 19:24:36.122,9254,122,3,68,False,0,car,0 days 00:01:40.083000,0 days 01:23:33.889000,5316.08916666667,12.0
2023-10-22 19:24:36.402,9853,126,3,72,False,0,car,0 days 00:01:40.363000,0 days 01:23:34.169000,5325.8891666666705,12.0
2023-10-22 19:24:36.563,10277,140,3,79,False,0,car,0 days 00:01:40.524000,0 days 01:23:34.330000,5332.150277777781,12.0
2023-10-22 19:24:36.723,10977,148,3,100,False,0,car,0 days 00:01:40.684000,0 days 01:23:34.490000,5338.728055555559,12.0
2023-10-22 19:24:36.963,11498,157,3,100,False,0,car,0 days 00:01:40.924000,0 days 01:23:34.730000,5349.194722222226,12.0
2023-10-22 19:24:37.323,10892,174,4,100,False,0,car,0 days 00:01:41.284000,0 days 01:23:35.090000,5366.594722222226,12.0
2023-10-22 19:24:37.683,11819,182,4,100,False,0,car,0 days 00:01:41.644000,0 days 01:23:35.450000,5384.794722222226,12.0
2023-10-22 19:24:37.882,10699,192,5,100,False,0,car,0 days 00:01:41.843000,0 days 01:23:35.649000,5395.408055555558,12.0
2023-10-22 19:24:38.042,10802,198,5,100,False,0,car,0 days 00:01:42.003000,0 days 01:23:35.809000,5404.2080555555585,12.0
2023-10-22 19:24:38.202,10963,201,5,100,False,0,car,0 days 00:01:42.163000,0 days 01:23:35.969000,5413.141388888892,12.0
2023-10-22 19:24:38.362,11328,204,5,100,False,0,car,0 days 00:01:42.323000,0 days 01:23:36.129000,5422.2080555555585,12.0
2023-10-22 19:24:38.682,11687,215,5,100,False,0,car,0 days 00:00:00.084000,0 days 01:23:36.449000,5.016666666666667,13.0
2023-10-22 19:24:38.842,11547,220,5,100,False,0,car,0 days 00:00:00.244000,0 days 01:23:36.609000,14.79444444444444,13.0
2023-10-22 19:24:39.002,10711,220,6,100,False,0,car,0 days 00:00:00.404000,0 days 01:23:36.769000,24.57222222222222,13.0
2023-10-22 19:24:39.242,10937,228,6,100,False,0,car,0 days 00:00:00.644000,0 days 01:23:37.009000,39.77222222222222,13.0
2023-10-22 19:24:39.442,11123,234,6,100,False,0,car,0 days 00:00:00.844000,0 days 01:23:37.209000,52.77222222222221,13.0
2023-10-22 19:24:39.642,11312,238,6,100,False,0,car,0 days 00:00:01.044000,0 days 01:23:37.409000,65.99444444444444,13.0
2023-10-22 19:24:39.842,11474,242,6,100,False,0,car,0 days 00:00:01.244000,0 days 01:23:37.609000,79.43888888888888,13.0
2023-10-22 19:24:40.042,11631,242,6,100,False,0,car,0 days 00:00:01.444000,0 days 01:23:37.809000,92.88333333333333,13.0
2023-10-22 19:24:40.282,10511,249,6,100,False,0,car,0 days 00:00:01.684000,0 days 01:23:38.049000,109.48333333333332,13.0
2023-10-22 19:24:40.482,10477,251,7,100,False,0,car,0 days 00:00:01.884000,0 days 01:23:38.249000,123.42777777777776,13.0
2023-10-22 19:24:40.722,10619,255,7,100,False,0,car,0 days 00:00:02.124000,0 days 01:23:38.489000,140.42777777777778,13.0
2023-10-22 19:24:40.922,10678,259,7,100,False,0,car,0 days 00:00:02.324000,0 days 01:23:38.689000,154.81666666666663,13.0
2023-10-22 19:24:41.282,10932,263,7,100,False,0,car,0 days 00:00:02.684000,0 days 01:23:39.049000,181.11666666666667,13.0
2023-10-22 19:24:41.562,11141,266,7,100,False,0,car,0 days 00:00:02.964000,0 days 01:23:39.329000,201.80555555555554,13.0
2023-10-22 19:24:41.802,11142,268,7,100,False,0,car,0 days 00:00:03.204000,0 days 01:23:39.569000,219.67222222222222,13.0
2023-10-22 19:24:42.202,11338,272,7,100,False,0,car,0 days 00:00:03.604000,0 days 01:23:39.969000,249.89444444444445,13.0
2023-10-22 19:24:42.442,11306,275,7,100,False,0,car,0 days 00:00:03.844000,0 days 01:23:40.209000,268.22777777777776,13.0
2023-10-22 19:24:42.602,11503,276,7,100,False,0,car,0 days 00:00:04.004000,0 days 01:23:40.369000,280.4944444444444,13.0
2023-10-22 19:24:42.762,11526,277,7,100,False,0,car,0 days 00:00:04.164000,0 days 01:23:40.529000,292.80555555555554,13.0
2023-10-22 19:24:42.962,11526,278,7,100,False,0,car,0 days 00:00:04.364000,0 days 01:23:40.729000,308.25,13.0
2023-10-22 19:24:43.163,11573,279,7,100,False,0,car,0 days 00:00:04.565000,0 days 01:23:40.930000,323.82750000000004,13.0
2023-10-22 19:24:43.403,10336,281,8,100,False,0,car,0 days 00:00:04.805000,0 days 01:23:41.170000,342.56083333333333,13.0
2023-10-22 19:24:43.603,10336,281,8,100,False,0,car,0 days 00:00:05.005000,0 days 01:23:41.370000,358.1719444444445,13.0
2023-10-22 19:24:43.803,10425,282,8,100,False,0,car,0 days 00:00:05.205000,0 days 01:23:41.570000,373.83861111111116,13.0
2023-10-22 19:24:44.283,10456,283,8,99,False,0,car,0 days 00:00:05.685000,0 days 01:23:42.050000,411.57194444444445,13.0
2023-10-22 19:24:44.682,10403,283,8,100,False,0,car,0 days 00:00:06.084000,0 days 01:23:42.449000,442.9377777777778,13.0
2023-10-22 19:24:44.922,10384,281,8,100,False,0,car,0 days 00:00:06.324000,0 days 01:23:42.689000,461.67111111111114,13.0
2023-10-22 19:24:45.242,10221,280,8,100,False,0,car,0 days 00:00:06.644000,0 days 01:23:43.009000,486.56000000000006,13.0
2023-10-22 19:24:45.442,9876,275,8,0,False,0,car,0 days 00:00:06.844000,0 days 01:23:43.209000,501.83777777777783,13.0
2023-10-22 19:24:45.682,9281,258,8,0,True,0,car,0 days 00:00:07.084000,0 days 01:23:43.449000,519.0377777777778,13.0
2023-10-22 19:24:45.962,9250,233,8,0,True,0,car,0 days 00:00:07.364000,0 days 01:23:43.729000,537.1600000000001,13.0
2023-10-22 19:24:46.282,9238,187,7,0,True,0,car,0 days 00:00:07.684000,0 days 01:23:44.049000,553.7822222222223,13.0
2023-10-22 19:24:46.562,8620,163,7,0,True,0,car,0 days 00:00:07.964000,0 days 01:23:44.329000,566.4600000000002,13.0
2023-10-22 19:24:47.002,9615,136,4,0,True,0,car,0 days 00:00:08.404000,0 days 01:23:44.769000,583.0822222222223,13.0
2023-10-22 19:24:47.362,8304,122,3,0,True,0,car,0 days 00:00:08.764000,0 days 01:23:45.129000,595.2822222222222,13.0
2023-10-22 19:24:47.762,7182,104,3,0,True,0,car,0 days 00:00:09.164000,0 days 01:23:45.529000,606.8377777777778,13.0
2023-10-22 19:24:47.922,7009,101,3,0,True,0,car,0 days 00:00:09.324000,0 days 01:23:45.689000,611.3266666666667,13.0
2023-10-22 19:24:48.402,6205,91,3,0,True,0,car,0 days 00:00:09.804000,0 days 01:23:46.169000,623.46,13.0
2023-10-22 19:24:48.562,6021,84,3,0,True,0,car,0 days 00:00:09.964000,0 days 01:23:46.329000,627.1933333333334,13.0
2023-10-22 19:24:48.762,5902,83,3,0,False,0,car,0 days 00:00:10.164000,0 days 01:23:46.529000,631.8044444444445,13.0
2023-10-22 19:24:48.922,5891,81,3,0,False,0,car,0 days 00:00:10.324000,0 days 01:23:46.689000,635.4044444444445,13.0
2023-10-22 19:24:49.122,5571,79,3,0,False,0,car,0 days 00:00:10.524000,0 days 01:23:46.889000,639.7933333333334,13.0
2023-10-22 19:24:49.402,5658,77,3,18,False,0,car,0 days 00:00:10.804000,0 days 01:23:47.169000,645.7822222222223,13.0
2023-10-22 19:24:49.642,6017,79,3,27,False,0,car,0 days 00:00:11.044000,0 days 01:23:47.409000,651.048888888889,13.0
2023-10-22 19:24:50.003,6547,85,3,37,False,0,car,0 days 00:00:11.405000,0 days 01:23:47.770000,659.5725000000001,13.0
2023-10-22 19:24:50.203,6547,87,3,37,False,0,car,0 days 00:00:11.605000,0 days 01:23:47.970000,664.4058333333335,13.0
2023-10-22 19:24:50.483,7667,94,3,39,False,0,car,0 days 00:00:11.885000,0 days 01:23:48.250000,671.7169444444446,13.0
2023-10-22 19:24:50.683,8298,99,3,44,False,0,car,0 days 00:00:12.085000,0 days 01:23:48.450000,677.2169444444446,13.0
2023-10-22 19:24:50.923,7998,108,3,49,False,0,car,0 days 00:00:12.325000,0 days 01:23:48.690000,684.4169444444445,13.0
2023-10-22 19:24:51.202,8569,114,3,54,False,0,car,0 days 00:00:12.604000,0 days 01:23:48.969000,693.2519444444446,13.0
2023-10-22 19:24:51.402,9153,121,3,64,False,0,car,0 days 00:00:12.804000,0 days 01:23:49.169000,699.9741666666669,13.0
2023-10-22 19:24:51.722,10289,133,3,77,False,0,car,0 days 00:00:13.124000,0 days 01:23:49.489000,711.796388888889,13.0
2023-10-22 19:24:52.002,11117,143,3,93,False,0,car,0 days 00:00:13.404000,0 days 01:23:49.769000,722.9186111111112,13.0
2023-10-22 19:24:52.282,10323,156,3,99,False,0,car,0 days 00:00:13.684000,0 days 01:23:50.049000,735.0519444444445,13.0
2023-10-22 19:24:52.522,10805,174,4,99,False,0,car,0 days 00:00:13.924000,0 days 01:23:50.289000,746.6519444444446,13.0
2023-10-22 19:24:52.842,10265,184,4,100,False,0,car,0 days 00:00:14.244000,0 days 01:23:50.609000,763.0075000000002,13.0
2023-10-22 19:24:53.082,10630,188,4,100,False,0,car,0 days 00:00:14.484000,0 days 01:23:50.849000,775.5408333333335,13.0
2023-10-22 19:24:53.242,10984,199,5,100,False,0,car,0 days 00:00:14.644000,0 days 01:23:51.009000,784.3852777777779,13.0
2023-10-22 19:24:53.602,11568,208,5,100,False,0,car,0 days 00:00:15.004000,0 days 01:23:51.369000,805.1852777777779,13.0
2023-10-22 19:24:54.002,10742,219,6,99,False,0,car,0 days 00:00:15.404000,0 days 01:23:51.769000,829.5186111111112,13.0
2023-10-22 19:24:54.322,10817,229,6,99,False,0,car,0 days 00:00:15.724000,0 days 01:23:52.089000,849.8741666666668,13.0
2023-10-22 19:24:54.522,11038,231,6,99,False,0,car,0 days 00:00:15.924000,0 days 01:23:52.289000,862.7075000000001,13.0
2023-10-22 19:24:54.682,11150,233,6,100,False,0,car,0 days 00:00:16.084000,0 days 01:23:52.449000,873.0630555555557,13.0
2023-10-22 19:24:54.882,11325,238,6,99,False,0,car,0 days 00:00:16.284000,0 days 01:23:52.649000,886.2852777777779,13.0
2023-10-22 19:24:55.202,11580,242,6,100,False,0,car,0 days 00:00:16.604000,0 days 01:23:52.969000,907.796388888889,13.0
2023-10-22 19:24:55.402,11678,246,6,100,False,0,car,0 days 00:00:16.804000,0 days 01:23:53.169000,921.4630555555557,13.0
2023-10-22 19:24:55.682,10417,250,7,100,False,0,car,0 days 00:00:17.084000,0 days 01:23:53.449000,940.9075000000003,13.0
2023-10-22 19:24:55.962,10569,253,7,100,False,0,car,0 days 00:00:17.364000,0 days 01:23:53.729000,960.5852777777781,13.0
2023-10-22 19:24:56.122,10569,254,7,100,False,0,car,0 days 00:00:17.524000,0 days 01:23:53.889000,971.874166666667,13.0
2023-10-22 19:24:56.443,10747,259,7,100,False,0,car,0 days 00:00:17.845000,0 days 01:23:54.210000,994.9683333333335,13.0
2023-10-22 19:24:56.723,10864,261,7,100,False,0,car,0 days 00:00:18.125000,0 days 01:23:54.490000,1015.2683333333335,13.0
2023-10-22 19:24:57.043,10928,263,7,100,False,0,car,0 days 00:00:18.445000,0 days 01:23:54.810000,1038.6461111111114,13.0
2023-10-22 19:24:57.323,11000,266,7,99,False,0,car,0 days 00:00:18.725000,0 days 01:23:55.090000,1059.3350000000003,13.0
2023-10-22 19:24:57.643,11062,267,7,100,False,0,car,0 days 00:00:19.045000,0 days 01:23:55.410000,1083.0683333333336,13.0
2023-10-22 19:24:57.962,11160,269,7,100,False,0,car,0 days 00:00:19.364000,0 days 01:23:55.729000,1106.9047222222225,13.0
2023-10-22 19:24:58.162,11150,268,7,100,False,0,car,0 days 00:00:19.564000,0 days 01:23:55.929000,1121.7936111111114,13.0
2023-10-22 19:24:58.402,11164,268,7,100,False,0,car,0 days 00:00:19.804000,0 days 01:23:56.169000,1139.660277777778,13.0
2023-10-22 19:24:58.602,11205,268,7,99,False,0,car,0 days 00:00:20.004000,0 days 01:23:56.369000,1154.5491666666671,13.0
2023-10-22 19:24:58.882,11187,269,7,100,False,0,car,0 days 00:00:20.284000,0 days 01:23:56.649000,1175.4713888888891,13.0
2023-10-22 19:24:59.082,11184,270,7,100,False,0,car,0 days 00:00:20.484000,0 days 01:23:56.849000,1190.4713888888894,13.0
2023-10-22 19:24:59.242,11184,270,7,100,False,0,car,0 days 00:00:20.644000,0 days 01:23:57.009000,1202.4713888888891,13.0
2023-10-22 19:24:59.562,10846,261,7,11,True,0,car,0 days 00:00:20.964000,0 days 01:23:57.329000,1225.6713888888892,13.0
2023-10-22 19:24:59.922,10492,250,7,32,False,0,car,0 days 00:00:21.324000,0 days 01:23:57.689000,1250.6713888888894,13.0
2023-10-22 19:25:00.162,10240,246,7,44,False,0,car,0 days 00:00:21.564000,0 days 01:23:57.929000,1267.0713888888893,13.0
2023-10-22 19:25:00.402,9934,241,7,0,True,0,car,0 days 00:00:21.804000,0 days 01:23:58.169000,1283.1380555555559,13.0
2023-10-22 19:25:00.602,10986,235,6,0,True,0,car,0 days 00:00:22.004000,0 days 01:23:58.369000,1296.1936111111115,13.0
2023-10-22 19:25:00.762,10560,227,6,0,True,0,car,0 days 00:00:22.164000,0 days 01:23:58.529000,1306.2825000000005,13.0
2023-10-22 19:25:01.082,10254,219,6,20,False,0,car,0 days 00:00:22.484000,0 days 01:23:58.849000,1325.7491666666672,13.0
2023-10-22 19:25:01.482,10243,213,6,59,False,0,car,0 days 00:00:22.884000,0 days 01:23:59.249000,1349.4158333333337,13.0
2023-10-22 19:25:01.762,10172,217,6,67,False,0,car,0 days 00:00:23.164000,0 days 01:23:59.529000,1366.2936111111114,13.0
2023-10-22 19:25:02.122,10700,225,6,89,False,0,car,0 days 00:00:23.524000,0 days 01:23:59.889000,1388.7936111111114,13.0
2023-10-22 19:25:02.362,10342,224,6,25,True,0,car,0 days 00:00:23.764000,0 days 01:24:00.129000,1403.7269444444446,13.0
2023-10-22 19:25:02.682,10091,219,6,18,True,0,car,0 days 00:00:24.084000,0 days 01:24:00.449000,1423.1936111111113,13.0
2023-10-22 19:25:02.883,9906,209,6,0,True,0,car,0 days 00:00:24.285000,0 days 01:24:00.650000,1434.862777777778,13.0
2023-10-22 19:25:03.163,10711,201,6,0,True,0,car,0 days 00:00:24.565000,0 days 01:24:00.930000,1450.4961111111115,13.0
2023-10-22 19:25:03.403,10711,198,5,0,True,0,car,0 days 00:00:24.805000,0 days 01:24:01.170000,1463.6961111111113,13.0
2023-10-22 19:25:03.803,9861,187,5,8,False,0,car,0 days 00:00:25.205000,0 days 01:24:01.570000,1484.473888888889,13.0
2023-10-22 19:25:04.123,9859,182,5,35,False,0,car,0 days 00:00:25.525000,0 days 01:24:01.890000,1500.6516666666666,13.0
2023-10-22 19:25:04.403,10030,182,5,63,False,0,car,0 days 00:00:25.805000,0 days 01:24:02.170000,1514.8072222222222,13.0
2023-10-22 19:25:04.802,10222,187,5,71,False,0,car,0 days 00:00:26.204000,0 days 01:24:02.569000,1535.5330555555556,13.0
2023-10-22 19:25:04.962,10577,190,5,74,False,0,car,0 days 00:00:26.364000,0 days 01:24:02.729000,1543.9775,13.0
2023-10-22 19:25:05.122,10661,196,5,86,False,0,car,0 days 00:00:26.524000,0 days 01:24:02.889000,1552.6886111111112,13.0
2023-10-22 19:25:05.442,11154,197,5,100,False,0,car,0 days 00:00:26.844000,0 days 01:24:03.209000,1570.1997222222224,13.0
2023-10-22 19:25:05.762,11065,202,5,100,False,0,car,0 days 00:00:27.164000,0 days 01:24:03.529000,1588.1552777777779,13.0
2023-10-22 19:25:05.922,11389,208,5,100,False,0,car,0 days 00:00:27.324000,0 days 01:24:03.689000,1597.3997222222224,13.0
2023-10-22 19:25:06.202,10046,210,5,100,False,0,car,0 days 00:00:27.604000,0 days 01:24:03.969000,1613.7330555555557,13.0
2023-10-22 19:25:06.402,10064,210,6,87,True,0,car,0 days 00:00:27.804000,0 days 01:24:04.169000,1625.3997222222222,13.0
2023-10-22 19:25:06.642,10901,204,6,0,True,0,car,0 days 00:00:28.044000,0 days 01:24:04.409000,1638.9997222222223,13.0
2023-10-22 19:25:06.802,10481,202,5,0,True,0,car,0 days 00:00:28.204000,0 days 01:24:04.569000,1647.9775000000002,13.0
2023-10-22 19:25:07.042,10130,194,5,2,True,0,car,0 days 00:00:28.444000,0 days 01:24:04.809000,1660.9108333333334,13.0
2023-10-22 19:25:07.242,9888,188,5,1,True,0,car,0 days 00:00:28.644000,0 days 01:24:05.009000,1671.3552777777777,13.0
2023-10-22 19:25:07.522,9660,181,5,3,False,0,car,0 days 00:00:28.924000,0 days 01:24:05.289000,1685.4330555555555,13.0
2023-10-22 19:25:07.682,9474,179,5,3,False,0,car,0 days 00:00:29.084000,0 days 01:24:05.449000,1693.388611111111,13.0
2023-10-22 19:25:07.962,9393,177,5,35,False,0,car,0 days 00:00:29.364000,0 days 01:24:05.729000,1707.1552777777777,13.0
2023-10-22 19:25:08.282,9537,173,5,62,False,0,car,0 days 00:00:29.684000,0 days 01:24:06.049000,1722.5330555555554,13.0
2023-10-22 19:25:08.722,10168,183,5,76,False,0,car,0 days 00:00:30.124000,0 days 01:24:06.489000,1744.899722222222,13.0
2023-10-22 19:25:09.122,10483,193,5,64,False,0,car,0 days 00:00:30.524000,0 days 01:24:06.889000,1766.3441666666665,13.0
2023-10-22 19:25:09.603,10834,172,4,0,True,0,car,0 days 00:00:31.005000,0 days 01:24:07.370000,1789.3252777777775,13.0
2023-10-22 19:25:09.803,10274,161,4,1,True,0,car,0 days 00:00:31.205000,0 days 01:24:07.570000,1798.2697222222218,13.0
2023-10-22 19:25:10.043,9187,150,4,1,True,0,car,0 days 00:00:31.445000,0 days 01:24:07.810000,1808.2697222222218,13.0
2023-10-22 19:25:10.363,8628,141,4,0,True,0,car,0 days 00:00:31.765000,0 days 01:24:08.130000,1820.8030555555551,13.0
2023-10-22 19:25:10.603,8466,139,4,0,False,0,car,0 days 00:00:32.005000,0 days 01:24:08.370000,1830.0697222222218,13.0
2023-10-22 19:25:10.763,8091,135,4,0,False,0,car,0 days 00:00:32.165000,0 days 01:24:08.530000,1836.0697222222216,13.0
2023-10-22 19:25:11.083,7704,129,4,0,False,0,car,0 days 00:00:32.485000,0 days 01:24:08.850000,1847.5363888888883,13.0
2023-10-22 19:25:11.442,8010,120,4,21,False,0,car,0 days 00:00:32.844000,0 days 01:24:09.209000,1859.503055555555,13.0
2023-10-22 19:25:11.642,7870,122,4,21,False,0,car,0 days 00:00:33.044000,0 days 01:24:09.409000,1866.2808333333326,13.0
2023-10-22 19:25:12.002,8084,125,4,50,False,0,car,0 days 00:00:33.404000,0 days 01:24:09.769000,1878.7808333333328,13.0
2023-10-22 19:25:12.162,8237,126,4,54,False,0,car,0 days 00:00:33.564000,0 days 01:24:09.929000,1884.3808333333327,13.0
2023-10-22 19:25:12.442,8973,134,4,74,False,0,car,0 days 00:00:33.844000,0 days 01:24:10.209000,1894.803055555555,13.0
2023-10-22 19:25:12.722,9395,145,4,75,False,0,car,0 days 00:00:34.124000,0 days 01:24:10.489000,1906.0808333333327,13.0
2023-10-22 19:25:12.922,9627,149,4,51,False,0,car,0 days 00:00:34.324000,0 days 01:24:10.689000,1914.3586111111103,13.0
2023-10-22 19:25:13.242,9934,151,4,55,False,0,car,0 days 00:00:34.644000,0 days 01:24:11.009000,1927.7808333333326,13.0
2023-10-22 19:25:13.482,10019,154,4,53,False,0,car,0 days 00:00:34.884000,0 days 01:24:11.249000,1938.0474999999992,13.0
2023-10-22 19:25:13.642,10161,156,4,54,False,0,car,0 days 00:00:35.044000,0 days 01:24:11.409000,1944.9808333333324,13.0
2023-10-22 19:25:14.002,10341,160,4,78,False,0,car,0 days 00:00:35.404000,0 days 01:24:11.769000,1960.9808333333326,13.0
2023-10-22 19:25:14.322,11111,174,4,100,False,0,car,0 days 00:00:35.724000,0 days 01:24:12.089000,1976.4474999999989,13.0
2023-10-22 19:25:14.522,11493,178,4,100,False,0,car,0 days 00:00:35.924000,0 days 01:24:12.289000,1986.336388888888,13.0
2023-10-22 19:25:14.802,11493,188,4,100,False,0,car,0 days 00:00:36.204000,0 days 01:24:12.569000,2000.9586111111103,13.0
2023-10-22 19:25:15.042,10661,191,4,100,False,0,car,0 days 00:00:36.444000,0 days 01:24:12.809000,2013.6919444444436,13.0
2023-10-22 19:25:15.362,11201,206,5,100,False,0,car,0 days 00:00:36.764000,0 days 01:24:13.129000,2032.0030555555547,13.0
2023-10-22 19:25:15.722,11259,215,5,100,False,0,car,0 days 00:00:37.124000,0 days 01:24:13.489000,2053.5030555555545,13.0
2023-10-22 19:25:15.962,10767,225,5,100,False,0,car,0 days 00:00:37.364000,0 days 01:24:13.729000,2068.503055555554,13.0
2023-10-22 19:25:16.203,11165,228,6,99,False,0,car,0 days 00:00:37.605000,0 days 01:24:13.970000,2083.7663888888874,13.0
2023-10-22 19:25:16.443,11156,232,6,100,False,0,car,0 days 00:00:37.845000,0 days 01:24:14.210000,2099.233055555554,13.0
2023-10-22 19:25:16.763,11513,239,6,99,False,0,car,0 days 00:00:38.165000,0 days 01:24:14.530000,2120.4774999999986,13.0
2023-10-22 19:25:17.123,11579,246,6,99,False,0,car,0 days 00:00:38.525000,0 days 01:24:14.890000,2145.0774999999985,13.0
2023-10-22 19:25:17.363,10465,248,7,100,False,0,car,0 days 00:00:38.765000,0 days 01:24:15.130000,2161.610833333332,13.0
2023-10-22 19:25:17.643,10599,255,7,100,False,0,car,0 days 00:00:39.045000,0 days 01:24:15.410000,2181.4441666666653,13.0
2023-10-22 19:25:17.803,10682,255,7,100,False,0,car,0 days 00:00:39.205000,0 days 01:24:15.570000,2192.7774999999983,13.0
2023-10-22 19:25:18.003,10783,258,7,99,False,0,car,0 days 00:00:39.405000,0 days 01:24:15.770000,2207.110833333332,13.0
2023-10-22 19:25:18.162,10900,261,7,99,False,0,car,0 days 00:00:39.564000,0 days 01:24:15.929000,2218.638333333332,13.0
2023-10-22 19:25:18.402,11009,265,7,100,False,0,car,0 days 00:00:39.804000,0 days 01:24:16.169000,2236.304999999999,13.0
2023-10-22 19:25:18.562,11132,267,7,100,False,0,car,0 days 00:00:39.964000,0 days 01:24:16.329000,2248.1716666666653,13.0
2023-10-22 19:25:18.882,11255,270,7,99,False,0,car,0 days 00:00:40.284000,0 days 01:24:16.649000,2272.1716666666653,13.0
2023-10-22 19:25:19.242,11412,275,7,99,False,0,car,0 days 00:00:40.644000,0 days 01:24:17.009000,2299.6716666666653,13.0
2023-10-22 19:25:19.482,11486,278,7,100,False,0,car,0 days 00:00:40.884000,0 days 01:24:17.249000,2318.2049999999986,13.0
2023-10-22 19:25:19.842,11512,281,7,100,False,0,car,0 days 00:00:41.244000,0 days 01:24:17.609000,2346.3049999999985,13.0
2023-10-22 19:25:20.082,11593,281,7,100,False,0,car,0 days 00:00:41.484000,0 days 01:24:17.849000,2365.038333333332,13.0
2023-10-22 19:25:20.522,11385,272,7,0,False,0,car,0 days 00:00:41.924000,0 days 01:24:18.289000,2398.282777777776,13.0
2023-10-22 19:25:20.722,10807,251,7,0,False,0,car,0 days 00:00:42.124000,0 days 01:24:18.489000,2412.227222222221,13.0
2023-10-22 19:25:20.922,10807,239,7,0,True,0,car,0 days 00:00:42.324000,0 days 01:24:18.689000,2425.5049999999983,13.0
2023-10-22 19:25:21.322,10692,184,6,0,True,0,car,0 days 00:00:42.724000,0 days 01:24:19.089000,2445.9494444444426,13.0
2023-10-22 19:25:21.722,10724,167,4,0,True,0,car,0 days 00:00:43.124000,0 days 01:24:19.489000,2464.5049999999983,13.0
2023-10-22 19:25:21.922,9973,141,3,0,True,0,car,0 days 00:00:43.324000,0 days 01:24:19.689000,2472.3383333333313,13.0
2023-10-22 19:25:22.122,10666,128,3,0,True,0,car,0 days 00:00:43.524000,0 days 01:24:19.889000,2479.4494444444426,13.0
2023-10-22 19:25:22.322,9678,115,2,0,True,0,car,0 days 00:00:43.724000,0 days 01:24:20.089000,2485.8383333333313,13.0
2023-10-22 19:25:22.803,7403,96,2,0,True,0,car,0 days 00:00:44.205000,0 days 01:24:20.570000,2498.664999999998,13.0
2023-10-22 19:25:23.043,6836,86,2,0,True,0,car,0 days 00:00:44.445000,0 days 01:24:20.810000,2504.3983333333317,13.0
2023-10-22 19:25:23.363,6276,78,2,0,True,0,car,0 days 00:00:44.765000,0 days 01:24:21.130000,2511.331666666665,13.0
2023-10-22 19:25:23.803,5665,71,2,0,False,0,car,0 days 00:00:45.205000,0 days 01:24:21.570000,2520.009444444443,13.0
2023-10-22 19:25:24.243,5477,66,2,3,False,0,car,0 days 00:00:45.645000,0 days 01:24:22.010000,2528.0761111111096,13.0
2023-10-22 19:25:24.403,5394,64,2,10,False,0,car,0 days 00:00:45.805000,0 days 01:24:22.170000,2530.920555555554,13.0
2023-10-22 19:25:24.723,6033,67,2,21,False,0,car,0 days 00:00:46.125000,0 days 01:24:22.490000,2536.87611111111,13.0
2023-10-22 19:25:25.042,6467,71,2,29,False,0,car,0 days 00:00:46.444000,0 days 01:24:22.809000,2543.1674999999987,13.0
2023-10-22 19:25:25.402,7149,75,2,36,False,0,car,0 days 00:00:46.804000,0 days 01:24:23.169000,2550.6674999999987,13.0
2023-10-22 19:25:25.842,7241,89,3,44,False,0,car,0 days 00:00:47.244000,0 days 01:24:23.609000,2561.5452777777764,13.0
2023-10-22 19:25:26.162,8087,93,3,42,False,0,car,0 days 00:00:47.564000,0 days 01:24:23.929000,2569.8119444444433,13.0
2023-10-22 19:25:26.362,7721,97,3,42,False,0,car,0 days 00:00:47.764000,0 days 01:24:24.129000,2575.2008333333324,13.0
2023-10-22 19:25:26.682,8410,106,3,56,False,0,car,0 days 00:00:48.084000,0 days 01:24:24.449000,2584.623055555555,13.0
2023-10-22 19:25:27.002,9071,116,3,67,False,0,car,0 days 00:00:48.404000,0 days 01:24:24.769000,2594.934166666666,13.0
2023-10-22 19:25:27.282,10183,129,3,92,False,0,car,0 days 00:00:48.684000,0 days 01:24:25.049000,2604.9674999999993,13.0
2023-10-22 19:25:27.722,10924,156,3,100,False,0,car,0 days 00:00:49.124000,0 days 01:24:25.489000,2624.0341666666664,13.0
2023-10-22 19:25:28.122,11174,172,4,100,False,0,car,0 days 00:00:49.524000,0 days 01:24:25.889000,2643.145277777777,13.0
2023-10-22 19:25:28.322,11462,180,4,100,False,0,car,0 days 00:00:49.724000,0 days 01:24:26.089000,2653.145277777777,13.0
2023-10-22 19:25:28.562,10734,191,4,100,False,0,car,0 days 00:00:49.964000,0 days 01:24:26.329000,2665.878611111111,13.0
2023-10-22 19:25:28.922,11001,202,5,100,False,0,car,0 days 00:00:50.324000,0 days 01:24:26.689000,2686.0786111111106,13.0
2023-10-22 19:25:29.122,11267,209,5,100,False,0,car,0 days 00:00:50.524000,0 days 01:24:26.889000,2697.689722222222,13.0
2023-10-22 19:25:29.283,11644,211,5,100,False,0,car,0 days 00:00:50.685000,0 days 01:24:27.050000,2707.1261111111107,13.0
2023-10-22 19:25:29.603,10555,222,6,100,False,0,car,0 days 00:00:51.005000,0 days 01:24:27.370000,2726.8594444444443,13.0
2023-10-22 19:25:29.843,10865,225,6,100,False,0,car,0 days 00:00:51.245000,0 days 01:24:27.610000,2741.859444444444,13.0
2023-10-22 19:25:30.123,11070,232,6,100,False,0,car,0 days 00:00:51.525000,0 days 01:24:27.890000,2759.9038888888886,13.0
2023-10-22 19:25:30.363,11385,239,6,100,False,0,car,0 days 00:00:51.765000,0 days 01:24:28.130000,2775.837222222222,13.0
2023-10-22 19:25:30.643,11581,244,6,100,False,0,car,0 days 00:00:52.045000,0 days 01:24:28.410000,2794.8149999999996,13.0
2023-10-22 19:25:31.003,10370,249,7,100,False,0,car,0 days 00:00:52.405000,0 days 01:24:28.770000,2819.7149999999997,13.0
2023-10-22 19:25:31.163,10496,251,7,100,False,0,car,0 days 00:00:52.565000,0 days 01:24:28.930000,2830.870555555555,13.0
2023-10-22 19:25:31.403,10666,256,7,100,False,0,car,0 days 00:00:52.805000,0 days 01:24:29.170000,2847.9372222222214,13.0
2023-10-22 19:25:31.762,10858,261,7,100,False,0,car,0 days 00:00:53.164000,0 days 01:24:29.529000,2873.9647222222216,13.0
2023-10-22 19:25:32.082,11143,265,7,100,False,0,car,0 days 00:00:53.484000,0 days 01:24:29.849000,2897.520277777777,13.0
2023-10-22 19:25:32.282,11093,267,7,100,False,0,car,0 days 00:00:53.684000,0 days 01:24:30.049000,2912.3536111111102,13.0
2023-10-22 19:25:32.482,11121,269,7,100,False,0,car,0 days 00:00:53.884000,0 days 01:24:30.249000,2927.298055555555,13.0
2023-10-22 19:25:32.642,11247,269,7,100,False,0,car,0 days 00:00:54.044000,0 days 01:24:30.409000,2939.2536111111103,13.0
2023-10-22 19:25:32.842,11334,272,7,100,False,0,car,0 days 00:00:54.244000,0 days 01:24:30.609000,2954.3647222222216,13.0
2023-10-22 19:25:33.122,11385,275,7,100,False,0,car,0 days 00:00:54.524000,0 days 01:24:30.889000,2975.753611111111,13.0
2023-10-22 19:25:33.362,11555,276,7,100,False,0,car,0 days 00:00:54.764000,0 days 01:24:31.129000,2994.153611111111,13.0
2023-10-22 19:25:33.602,11500,277,7,100,False,0,car,0 days 00:00:55.004000,0 days 01:24:31.369000,3012.620277777777,13.0
2023-10-22 19:25:33.842,10283,280,7,100,False,0,car,0 days 00:00:55.244000,0 days 01:24:31.609000,3031.286944444444,13.0
2023-10-22 19:25:34.082,10377,280,8,100,False,0,car,0 days 00:00:55.484000,0 days 01:24:31.849000,3049.953611111111,13.0
2023-10-22 19:25:34.282,10401,281,8,100,False,0,car,0 days 00:00:55.684000,0 days 01:24:32.049000,3065.564722222222,13.0
2023-10-22 19:25:34.562,10421,283,8,100,False,0,car,0 days 00:00:55.964000,0 days 01:24:32.329000,3087.5758333333333,13.0
2023-10-22 19:25:34.962,10532,286,8,100,False,0,car,0 days 00:00:56.364000,0 days 01:24:32.729000,3119.353611111111,13.0
2023-10-22 19:25:35.322,10619,288,8,100,False,0,car,0 days 00:00:56.724000,0 days 01:24:33.089000,3148.153611111111,13.0
2023-10-22 19:25:35.482,10626,289,8,100,False,0,car,0 days 00:00:56.884000,0 days 01:24:33.249000,3160.9980555555558,13.0
2023-10-22 19:25:35.642,10651,289,8,100,False,0,car,0 days 00:00:57.044000,0 days 01:24:33.409000,3173.8424999999997,13.0
2023-10-22 19:25:35.843,10701,290,8,100,False,0,car,0 days 00:00:57.245000,0 days 01:24:33.610000,3190.0341666666664,13.0
2023-10-22 19:25:36.043,10715,292,8,100,False,0,car,0 days 00:00:57.445000,0 days 01:24:33.810000,3206.256388888889,13.0
2023-10-22 19:25:36.243,10730,291,8,100,False,0,car,0 days 00:00:57.645000,0 days 01:24:34.010000,3222.423055555556,13.0
2023-10-22 19:25:36.603,10779,293,8,100,False,0,car,0 days 00:00:58.005000,0 days 01:24:34.370000,3251.7230555555557,13.0
2023-10-22 19:25:36.763,10786,293,8,100,False,0,car,0 days 00:00:58.165000,0 days 01:24:34.530000,3264.7452777777776,13.0
2023-10-22 19:25:37.003,10770,293,8,100,False,0,car,0 days 00:00:58.405000,0 days 01:24:34.770000,3284.278611111111,13.0
2023-10-22 19:25:37.403,10808,294,8,100,False,0,car,0 days 00:00:58.805000,0 days 01:24:35.170000,3316.9452777777774,13.0
2023-10-22 19:25:37.603,10818,294,8,100,False,0,car,0 days 00:00:59.005000,0 days 01:24:35.370000,3333.278611111111,13.0
2023-10-22 19:25:37.883,10843,295,8,100,False,0,car,0 days 00:00:59.285000,0 days 01:24:35.650000,3356.2230555555548,13.0
2023-10-22 19:25:38.123,10849,295,8,100,False,0,car,0 days 00:00:59.525000,0 days 01:24:35.890000,3375.8897222222217,13.0
2023-10-22 19:25:38.362,10837,295,8,100,False,0,car,0 days 00:00:59.764000,0 days 01:24:36.129000,3395.474444444444,13.0
2023-10-22 19:25:38.562,10859,295,8,100,False,0,car,0 days 00:00:59.964000,0 days 01:24:36.329000,3411.863333333333,13.0
2023-10-22 19:25:38.842,10907,296,8,100,False,0,car,0 days 00:01:00.244000,0 days 01:24:36.609000,3434.885555555555,13.0
2023-10-22 19:25:39.042,10860,296,8,100,False,0,car,0 days 00:01:00.444000,0 days 01:24:36.809000,3451.33,13.0
2023-10-22 19:25:39.362,10935,297,8,99,False,0,car,0 days 00:01:00.764000,0 days 01:24:37.129000,3477.73,13.0
2023-10-22 19:25:39.642,10969,298,8,100,False,0,car,0 days 00:01:01.044000,0 days 01:24:37.409000,3500.9077777777775,13.0
2023-10-22 19:25:40.042,10876,297,8,100,False,0,car,0 days 00:01:01.444000,0 days 01:24:37.809000,3533.907777777778,13.0
2023-10-22 19:25:40.282,10727,297,8,0,False,0,car,0 days 00:01:01.684000,0 days 01:24:38.049000,3553.7077777777777,13.0
2023-10-22 19:25:40.922,9900,274,8,0,True,0,car,0 days 00:01:02.324000,0 days 01:24:38.689000,3602.418888888889,13.0
2023-10-22 19:25:41.242,9534,238,8,0,True,0,car,0 days 00:01:02.644000,0 days 01:24:39.009000,3623.5744444444445,13.0
2023-10-22 19:25:41.522,9629,203,7,0,True,0,car,0 days 00:01:02.924000,0 days 01:24:39.289000,3639.3633333333332,13.0
2023-10-22 19:25:41.722,9378,182,7,0,True,0,car,0 days 00:01:03.124000,0 days 01:24:39.489000,3649.4744444444445,13.0
2023-10-22 19:25:42.122,8838,147,5,0,True,0,car,0 days 00:01:03.524000,0 days 01:24:39.889000,3665.807777777778,13.0
2023-10-22 19:25:42.483,8607,127,4,0,True,0,car,0 days 00:01:03.885000,0 days 01:24:40.250000,3678.543055555556,13.0
2023-10-22 19:25:42.763,7583,112,3,0,True,0,car,0 days 00:01:04.165000,0 days 01:24:40.530000,3687.254166666667,13.0
2023-10-22 19:25:43.163,6896,100,3,0,True,0,car,0 days 00:01:04.565000,0 days 01:24:40.930000,3698.365277777778,13.0
2023-10-22 19:25:43.403,6574,97,3,0,True,0,car,0 days 00:01:04.805000,0 days 01:24:41.170000,3704.8319444444446,13.0
2023-10-22 19:25:43.803,6412,91,3,0,False,0,car,0 days 00:01:05.205000,0 days 01:24:41.570000,3714.9430555555555,13.0
2023-10-22 19:25:44.083,6121,86,3,0,False,0,car,0 days 00:01:05.485000,0 days 01:24:41.850000,3721.6319444444443,13.0
2023-10-22 19:25:44.363,6290,83,3,3,False,0,car,0 days 00:01:05.765000,0 days 01:24:42.130000,3728.0875,13.0
2023-10-22 19:25:44.643,6485,84,3,25,False,0,car,0 days 00:01:06.045000,0 days 01:24:42.410000,3734.6208333333334,13.0
2023-10-22 19:25:44.883,6747,87,3,40,False,0,car,0 days 00:01:06.285000,0 days 01:24:42.650000,3740.420833333333,13.0
2023-10-22 19:25:45.162,7224,93,3,44,False,0,car,0 days 00:01:06.564000,0 days 01:24:42.929000,3747.628333333333,13.0
2023-10-22 19:25:45.522,7905,105,3,56,False,0,car,0 days 00:01:06.924000,0 days 01:24:43.289000,3758.1283333333336,13.0
2023-10-22 19:25:45.842,8934,114,3,71,False,0,car,0 days 00:01:07.244000,0 days 01:24:43.609000,3768.2616666666668,13.0
2023-10-22 19:25:46.162,9999,128,3,79,False,0,car,0 days 00:01:07.564000,0 days 01:24:43.929000,3779.6394444444445,13.0
2023-10-22 19:25:46.482,11226,143,3,100,False,0,car,0 days 00:01:07.884000,0 days 01:24:44.249000,3792.3505555555557,13.0
2023-10-22 19:25:46.802,10115,152,3,100,False,0,car,0 days 00:01:08.204000,0 days 01:24:44.569000,3805.8616666666667,13.0
2023-10-22 19:25:47.162,10936,173,4,100,False,0,car,0 days 00:01:08.564000,0 days 01:24:44.929000,3823.161666666667,13.0
2023-10-22 19:25:47.402,11047,177,4,100,False,0,car,0 days 00:01:08.804000,0 days 01:24:45.169000,3834.9616666666675,13.0
2023-10-22 19:25:47.682,10291,188,5,100,False,0,car,0 days 00:01:09.084000,0 days 01:24:45.449000,3849.5838888888898,13.0
2023-10-22 19:25:47.962,9473,192,5,17,True,0,car,0 days 00:01:09.364000,0 days 01:24:45.729000,3864.517222222223,13.0
2023-10-22 19:25:48.162,10262,182,5,0,True,0,car,0 days 00:01:09.564000,0 days 01:24:45.929000,3874.6283333333336,13.0
2023-10-22 19:25:48.402,10568,166,5,0,True,0,car,0 days 00:01:09.804000,0 days 01:24:46.169000,3885.6950000000006,13.0
2023-10-22 19:25:48.562,10773,150,5,0,True,0,car,0 days 00:01:09.964000,0 days 01:24:46.329000,3892.361666666667,13.0
2023-10-22 19:25:48.802,9513,141,3,0,True,0,car,0 days 00:01:10.204000,0 days 01:24:46.569000,3901.7616666666668,13.0
2023-10-22 19:25:49.243,8224,118,3,0,True,0,car,0 days 00:01:10.645000,0 days 01:24:47.010000,3916.2166666666667,13.0
2023-10-22 19:25:49.643,7721,109,3,0,False,0,car,0 days 00:01:11.045000,0 days 01:24:47.410000,3928.327777777778,13.0
2023-10-22 19:25:49.923,7390,105,3,0,False,0,car,0 days 00:01:11.325000,0 days 01:24:47.690000,3936.4944444444445,13.0
2023-10-22 19:25:50.163,7059,103,3,0,False,0,car,0 days 00:01:11.565000,0 days 01:24:47.930000,3943.361111111111,13.0
2023-10-22 19:25:50.443,6781,98,3,0,False,0,car,0 days 00:01:11.845000,0 days 01:24:48.210000,3950.983333333333,13.0
2023-10-22 19:25:50.683,6764,98,3,8,False,0,car,0 days 00:01:12.085000,0 days 01:24:48.450000,3957.5166666666664,13.0
2023-10-22 19:25:51.083,7056,92,3,30,False,0,car,0 days 00:01:12.485000,0 days 01:24:48.850000,3967.7388888888886,13.0
2023-10-22 19:25:51.363,7414,96,3,36,False,0,car,0 days 00:01:12.765000,0 days 01:24:49.130000,3975.2055555555553,13.0
2023-10-22 19:25:51.722,7705,100,3,42,False,0,car,0 days 00:01:13.124000,0 days 01:24:49.489000,3985.1777777777775,13.0
2023-10-22 19:25:51.922,7875,106,3,43,False,0,car,0 days 00:01:13.324000,0 days 01:24:49.689000,3991.0666666666666,13.0
2023-10-22 19:25:52.242,8703,113,3,51,False,0,car,0 days 00:01:13.644000,0 days 01:24:50.009000,4001.1111111111113,13.0
2023-10-22 19:25:52.522,8985,121,3,57,False,0,car,0 days 00:01:13.924000,0 days 01:24:50.289000,4010.5222222222224,13.0
2023-10-22 19:25:52.762,9894,128,3,63,False,0,car,0 days 00:01:14.164000,0 days 01:24:50.529000,4019.0555555555557,13.0
2023-10-22 19:25:52.922,10121,134,3,72,False,0,car,0 days 00:01:14.324000,0 days 01:24:50.689000,4025.011111111111,13.0
2023-10-22 19:25:53.082,10723,138,3,74,False,0,car,0 days 00:01:14.484000,0 days 01:24:50.849000,4031.144444444444,13.0
2023-10-22 19:25:53.562,10436,157,3,100,False,0,car,0 days 00:01:14.964000,0 days 01:24:51.329000,4052.0777777777776,13.0
2023-10-22 19:25:53.922,10688,169,4,100,False,0,car,0 days 00:01:15.324000,0 days 01:24:51.689000,4068.9777777777776,13.0
2023-10-22 19:25:54.362,11174,180,4,99,False,0,car,0 days 00:01:15.764000,0 days 01:24:52.129000,4090.9777777777776,13.0
2023-10-22 19:25:54.682,10397,188,5,100,False,0,car,0 days 00:01:16.084000,0 days 01:24:52.449000,4107.688888888889,13.0
2023-10-22 19:25:55.042,9945,181,5,0,True,0,car,0 days 00:01:16.444000,0 days 01:24:52.809000,4125.788888888889,13.0
2023-10-22 19:25:55.282,9754,175,5,0,True,0,car,0 days 00:01:16.684000,0 days 01:24:53.049000,4137.455555555555,13.0
2023-10-22 19:25:55.563,9589,154,4,0,True,0,car,0 days 00:01:16.965000,0 days 01:24:53.330000,4149.476111111111,13.0
2023-10-22 19:25:55.763,9876,145,4,0,True,0,car,0 days 00:01:17.165000,0 days 01:24:53.530000,4157.531666666667,13.0
2023-10-22 19:25:55.923,9590,136,3,0,True,0,car,0 days 00:01:17.325000,0 days 01:24:53.690000,4163.5761111111115,13.0
2023-10-22 19:25:56.243,8394,122,3,0,True,0,car,0 days 00:01:17.645000,0 days 01:24:54.010000,4174.420555555555,13.0
2023-10-22 19:25:56.443,7904,114,3,0,True,0,car,0 days 00:01:17.845000,0 days 01:24:54.210000,4180.7538888888885,13.0
2023-10-22 19:25:56.643,7520,108,3,0,True,0,car,0 days 00:01:18.045000,0 days 01:24:54.410000,4186.7538888888885,13.0
2023-10-22 19:25:56.923,7139,102,3,0,True,0,car,0 days 00:01:18.325000,0 days 01:24:54.690000,4194.687222222222,13.0
2023-10-22 19:25:57.203,6585,97,3,0,True,0,car,0 days 00:01:18.605000,0 days 01:24:54.970000,4202.231666666667,13.0
2023-10-22 19:25:57.443,6340,90,3,0,True,0,car,0 days 00:01:18.845000,0 days 01:24:55.210000,4208.231666666667,13.0
2023-10-22 19:25:57.683,5894,85,3,0,True,0,car,0 days 00:01:19.085000,0 days 01:24:55.450000,4213.8983333333335,13.0
2023-10-22 19:25:57.963,5468,80,3,0,True,0,car,0 days 00:01:19.365000,0 days 01:24:55.730000,4220.120555555556,13.0
2023-10-22 19:25:58.163,5370,79,3,0,False,0,car,0 days 00:01:19.565000,0 days 01:24:55.930000,4224.509444444445,13.0
2023-10-22 19:25:58.323,5247,77,3,0,False,0,car,0 days 00:01:19.725000,0 days 01:24:56.090000,4227.931666666667,13.0
2023-10-22 19:25:58.642,5814,75,3,22,False,0,car,0 days 00:01:20.044000,0 days 01:24:56.409000,4234.5775,13.0
2023-10-22 19:25:58.962,6176,79,3,34,False,0,car,0 days 00:01:20.364000,0 days 01:24:56.729000,4241.599722222223,13.0
2023-10-22 19:25:59.202,6454,84,3,41,False,0,car,0 days 00:01:20.604000,0 days 01:24:56.969000,4247.199722222223,13.0
2023-10-22 19:25:59.442,6975,92,3,45,False,0,car,0 days 00:01:20.844000,0 days 01:24:57.209000,4253.333055555556,13.0
2023-10-22 19:25:59.642,7890,94,3,53,False,0,car,0 days 00:01:21.044000,0 days 01:24:57.409000,4258.555277777778,13.0
2023-10-22 19:25:59.962,8320,107,3,57,False,0,car,0 days 00:01:21.364000,0 days 01:24:57.729000,4268.066388888889,13.0
2023-10-22 19:26:00.122,8806,116,3,65,False,0,car,0 days 00:01:21.524000,0 days 01:24:57.889000,4273.2219444444445,13.0
2023-10-22 19:26:00.322,9627,122,3,75,False,0,car,0 days 00:01:21.724000,0 days 01:24:58.089000,4279.999722222223,13.0
2023-10-22 19:26:00.602,10375,131,3,88,False,0,car,0 days 00:01:22.004000,0 days 01:24:58.369000,4290.188611111112,13.0
2023-10-22 19:26:00.802,10996,142,3,100,False,0,car,0 days 00:01:22.204000,0 days 01:24:58.569000,4298.0775,13.0
2023-10-22 19:26:01.162,10855,160,3,100,False,0,car,0 days 00:01:22.564000,0 days 01:24:58.929000,4314.0775,13.0
2023-10-22 19:26:01.522,11121,176,4,100,False,0,car,0 days 00:01:22.924000,0 days 01:24:59.289000,4331.677500000001,13.0
2023-10-22 19:26:01.922,10445,190,4,100,False,0,car,0 days 00:01:23.324000,0 days 01:24:59.689000,4352.788611111111,13.0
2023-10-22 19:26:02.123,10697,197,5,100,False,0,car,0 days 00:01:23.525000,0 days 01:24:59.890000,4363.7877777777785,13.0
2023-10-22 19:26:02.363,11162,203,5,99,False,0,car,0 days 00:01:23.765000,0 days 01:25:00.130000,4377.321111111111,13.0
2023-10-22 19:26:02.523,11356,207,5,100,False,0,car,0 days 00:01:23.925000,0 days 01:25:00.290000,4386.521111111111,13.0
2023-10-22 19:26:02.683,11564,210,5,100,False,0,car,0 days 00:01:24.085000,0 days 01:25:00.450000,4395.854444444444,13.0
2023-10-22 19:26:02.843,11650,214,5,100,False,0,car,0 days 00:01:24.245000,0 days 01:25:00.610000,4405.365555555556,13.0
2023-10-22 19:26:03.003,10568,216,5,100,False,0,car,0 days 00:01:24.405000,0 days 01:25:00.770000,4414.9655555555555,13.0
2023-10-22 19:26:03.363,10698,223,6,100,False,0,car,0 days 00:01:24.765000,0 days 01:25:01.130000,4437.265555555556,13.0
2023-10-22 19:26:03.723,10618,226,6,51,False,0,car,0 days 00:01:25.125000,0 days 01:25:01.490000,4459.865555555556,13.0
2023-10-22 19:26:03.923,10659,224,6,63,False,0,car,0 days 00:01:25.325000,0 days 01:25:01.690000,4472.31,13.0
2023-10-22 19:26:04.203,10642,223,6,76,False,0,car,0 days 00:01:25.605000,0 days 01:25:01.970000,4489.654444444445,13.0
2023-10-22 19:26:04.363,10699,224,6,78,False,0,car,0 days 00:01:25.765000,0 days 01:25:02.130000,4499.610000000001,13.0
2023-10-22 19:26:04.643,10924,227,6,87,False,0,car,0 days 00:01:26.045000,0 days 01:25:02.410000,4517.265555555557,13.0
2023-10-22 19:26:05.003,11142,232,6,100,False,0,car,0 days 00:01:26.405000,0 days 01:25:02.770000,4540.465555555556,13.0
2023-10-22 19:26:05.242,11281,234,6,100,False,0,car,0 days 00:01:26.644000,0 days 01:25:03.009000,4556.000555555556,13.0
2023-10-22 19:26:05.402,11214,235,6,100,False,0,car,0 days 00:01:26.804000,0 days 01:25:03.169000,4566.445000000001,13.0
2023-10-22 19:26:05.642,11297,238,6,100,False,0,car,0 days 00:01:27.044000,0 days 01:25:03.409000,4582.3116666666665,13.0
2023-10-22 19:26:06.042,11543,239,6,100,False,0,car,0 days 00:01:27.444000,0 days 01:25:03.809000,4608.867222222222,13.0
2023-10-22 19:26:06.522,11124,248,6,100,False,0,car,0 days 00:01:27.924000,0 days 01:25:04.289000,4641.933888888889,13.0
2023-10-22 19:26:06.882,10461,251,7,100,False,0,car,0 days 00:01:28.284000,0 days 01:25:04.649000,4667.033888888889,13.0
2023-10-22 19:26:07.362,10511,252,7,100,False,0,car,0 days 00:01:28.764000,0 days 01:25:05.129000,4700.633888888889,13.0
2023-10-22 19:26:07.602,10523,253,7,100,False,0,car,0 days 00:01:29.004000,0 days 01:25:05.369000,4717.500555555556,13.0
2023-10-22 19:26:08.002,10566,254,7,100,False,0,car,0 days 00:01:29.404000,0 days 01:25:05.769000,4745.722777777778,13.0
2023-10-22 19:26:08.362,10611,256,7,100,False,0,car,0 days 00:01:29.764000,0 days 01:25:06.129000,4771.322777777778,13.0
2023-10-22 19:26:08.562,10627,256,7,100,False,0,car,0 days 00:01:29.964000,0 days 01:25:06.329000,4785.545000000001,13.0
2023-10-22 19:26:08.843,10730,257,7,100,False,0,car,0 days 00:01:30.245000,0 days 01:25:06.610000,4805.6052777777795,13.0
2023-10-22 19:26:09.083,10750,258,7,100,False,0,car,0 days 00:01:30.485000,0 days 01:25:06.850000,4822.805277777779,13.0
2023-10-22 19:26:09.443,10819,261,7,100,False,0,car,0 days 00:01:30.845000,0 days 01:25:07.210000,4848.90527777778,13.0
2023-10-22 19:26:09.803,10915,263,7,97,False,0,car,0 days 00:01:31.205000,0 days 01:25:07.570000,4875.20527777778,13.0
2023-10-22 19:26:09.963,11131,262,7,4,True,0,car,0 days 00:01:31.365000,0 days 01:25:07.730000,4886.849722222224,13.0
2023-10-22 19:26:10.203,10391,255,7,0,True,0,car,0 days 00:01:31.605000,0 days 01:25:07.970000,4903.849722222225,13.0
2023-10-22 19:26:10.443,9970,219,7,0,True,0,car,0 days 00:01:31.845000,0 days 01:25:08.210000,4918.449722222224,13.0
2023-10-22 19:26:10.683,10638,208,6,0,True,0,car,0 days 00:01:32.085000,0 days 01:25:08.450000,4932.316388888891,13.0
2023-10-22 19:26:11.083,10087,194,5,1,False,0,car,0 days 00:01:32.485000,0 days 01:25:08.850000,4953.871944444447,13.0
2023-10-22 19:26:11.283,10082,190,5,23,False,0,car,0 days 00:01:32.685000,0 days 01:25:09.050000,4964.4275000000025,13.0
2023-10-22 19:26:11.523,9928,186,5,31,False,0,car,0 days 00:01:32.925000,0 days 01:25:09.290000,4976.827500000002,13.0
2023-10-22 19:26:11.803,9979,183,5,43,False,0,car,0 days 00:01:33.205000,0 days 01:25:09.570000,4991.060833333336,13.0
2023-10-22 19:26:12.082,10201,183,5,62,False,0,car,0 days 00:01:33.484000,0 days 01:25:09.849000,5005.243333333336,13.0
2023-10-22 19:26:12.282,10391,185,5,76,False,0,car,0 days 00:01:33.684000,0 days 01:25:10.049000,5015.521111111114,13.0
2023-10-22 19:26:12.442,10673,190,5,88,False,0,car,0 days 00:01:33.844000,0 days 01:25:10.209000,5023.965555555558,13.0
2023-10-22 19:26:12.762,11119,199,5,100,False,0,car,0 days 00:01:34.164000,0 days 01:25:10.529000,5041.654444444447,13.0
2023-10-22 19:26:12.962,11196,203,5,100,False,0,car,0 days 00:01:34.364000,0 days 01:25:10.729000,5052.932222222225,13.0
2023-10-22 19:26:13.242,11811,211,5,100,False,0,car,0 days 00:01:34.644000,0 days 01:25:11.009000,5069.343333333337,13.0
2023-10-22 19:26:13.442,10971,214,5,100,False,0,car,0 days 00:01:34.844000,0 days 01:25:11.209000,5081.232222222225,13.0
2023-10-22 19:26:13.762,10682,222,6,100,False,0,car,0 days 00:01:35.164000,0 days 01:25:11.529000,5100.965555555558,13.0
2023-10-22 19:26:13.922,10588,225,6,100,False,0,car,0 days 00:01:35.324000,0 days 01:25:11.689000,5110.965555555558,13.0
2023-10-22 19:26:14.082,10767,225,6,100,False,0,car,0 days 00:01:35.484000,0 days 01:25:11.849000,5120.965555555558,13.0
2023-10-22 19:26:14.282,10909,229,6,100,False,0,car,0 days 00:01:35.684000,0 days 01:25:12.049000,5133.687777777781,13.0
2023-10-22 19:26:14.642,11105,234,6,100,False,0,car,0 days 00:01:36.044000,0 days 01:25:12.409000,5157.0877777777805,13.0
2023-10-22 19:26:15.042,10921,222,6,0,True,0,car,0 days 00:01:36.444000,0 days 01:25:12.809000,5181.7544444444475,13.0
2023-10-22 19:26:15.323,10184,200,6,0,True,0,car,0 days 00:01:36.725000,0 days 01:25:13.090000,5197.365555555558,13.0
2023-10-22 19:26:15.683,10744,168,4,0,True,0,car,0 days 00:01:37.085000,0 days 01:25:13.450000,5214.165555555558,13.0
2023-10-22 19:26:16.083,9136,134,3,0,True,0,car,0 days 00:01:37.485000,0 days 01:25:13.850000,5229.054444444447,13.0
2023-10-22 19:26:16.283,8222,123,3,0,True,0,car,0 days 00:01:37.685000,0 days 01:25:14.050000,5235.88777777778,13.0
2023-10-22 19:26:16.443,7985,114,3,0,True,0,car,0 days 00:01:37.845000,0 days 01:25:14.210000,5240.954444444446,13.0
2023-10-22 19:26:16.683,7552,107,3,0,True,0,car,0 days 00:01:38.085000,0 days 01:25:14.450000,5248.08777777778,13.0
2023-10-22 19:26:17.083,7030,102,3,0,True,0,car,0 days 00:01:38.485000,0 days 01:25:14.850000,5259.4211111111135,13.0
2023-10-22 19:26:17.243,6879,98,3,0,True,0,car,0 days 00:01:38.645000,0 days 01:25:15.010000,5263.776666666669,13.0
2023-10-22 19:26:17.443,6673,96,3,0,False,0,car,0 days 00:01:38.845000,0 days 01:25:15.210000,5269.110000000002,13.0
2023-10-22 19:26:17.723,6838,89,3,14,False,0,car,0 days 00:01:39.125000,0 days 01:25:15.490000,5276.032222222225,13.0
2023-10-22 19:26:18.083,7129,91,3,36,False,0,car,0 days 00:01:39.485000,0 days 01:25:15.850000,5285.132222222225,13.0
2023-10-22 19:26:18.363,7468,95,3,41,False,0,car,0 days 00:01:39.765000,0 days 01:25:16.130000,5292.521111111114,13.0
2023-10-22 19:26:18.523,7565,99,3,41,False,0,car,0 days 00:01:39.925000,0 days 01:25:16.290000,5296.9211111111135,13.0
2023-10-22 19:26:18.802,7888,104,3,50,False,0,car,0 days 00:01:40.204000,0 days 01:25:16.569000,5304.981111111113,13.0
2023-10-22 19:26:19.122,9062,116,3,60,False,0,car,0 days 00:01:40.524000,0 days 01:25:16.889000,5315.292222222224,13.0
2023-10-22 19:26:19.402,9461,122,3,69,False,0,car,0 days 00:01:40.804000,0 days 01:25:17.169000,5324.781111111113,13.0
2023-10-22 19:26:19.802,10708,137,3,84,False,0,car,0 days 00:01:41.204000,0 days 01:25:17.569000,5340.003333333335,13.0
2023-10-22 19:26:20.202,11594,157,3,100,False,0,car,0 days 00:01:41.604000,0 days 01:25:17.969000,5357.447777777779,13.0
2023-10-22 19:26:20.562,10909,173,4,99,False,0,car,0 days 00:01:41.964000,0 days 01:25:18.329000,5374.747777777779,13.0
2023-10-22 19:26:20.802,11659,180,4,100,False,0,car,0 days 00:01:42.204000,0 days 01:25:18.569000,5386.747777777779,13.0
2023-10-22 19:26:21.202,10808,194,5,100,False,0,car,0 days 00:01:42.604000,0 days 01:25:18.969000,5408.303333333335,13.0
2023-10-22 19:26:21.402,11135,200,5,100,False,0,car,0 days 00:01:42.804000,0 days 01:25:19.169000,5419.414444444446,13.0
2023-10-22 19:26:21.803,11165,211,5,100,False,0,car,0 days 00:00:00.097000,0 days 01:25:19.570000,5.685277777777777,14.0
2023-10-22 19:26:22.083,10664,220,5,100,False,0,car,0 days 00:00:00.377000,0 days 01:25:19.850000,22.796388888888888,14.0
2023-10-22 19:26:22.523,10947,232,6,100,False,0,car,0 days 00:00:00.817000,0 days 01:25:20.290000,51.15194444444444,14.0
2023-10-22 19:26:22.763,11280,236,6,100,False,0,car,0 days 00:00:01.057000,0 days 01:25:20.530000,66.88527777777777,14.0
2023-10-22 19:26:23.803,10528,252,7,100,False,0,car,0 days 00:00:02.097000,0 days 01:25:21.570000,139.68527777777777,14.0
2023-10-22 19:26:24.083,10715,253,7,99,False,0,car,0 days 00:00:02.377000,0 days 01:25:21.850000,159.36305555555555,14.0
2023-10-22 19:26:24.323,10817,260,7,100,False,0,car,0 days 00:00:02.617000,0 days 01:25:22.090000,176.6963888888889,14.0
2023-10-22 19:26:24.523,10911,262,7,100,False,0,car,0 days 00:00:02.817000,0 days 01:25:22.290000,191.25194444444446,14.0
2023-10-22 19:26:24.803,11024,265,7,100,False,0,car,0 days 00:00:03.097000,0 days 01:25:22.570000,211.86305555555555,14.0
2023-10-22 19:26:25.083,11209,268,7,100,False,0,car,0 days 00:00:03.377000,0 days 01:25:22.850000,232.70749999999998,14.0
2023-10-22 19:26:25.243,11266,270,7,100,False,0,car,0 days 00:00:03.537000,0 days 01:25:23.010000,244.70749999999998,14.0
2023-10-22 19:26:25.522,11488,273,7,100,False,0,car,0 days 00:00:03.816000,0 days 01:25:23.289000,265.86499999999995,14.0
2023-10-22 19:26:25.722,11446,275,7,97,False,0,car,0 days 00:00:04.016000,0 days 01:25:23.489000,281.1427777777777,14.0
2023-10-22 19:26:25.962,11502,275,7,100,False,0,car,0 days 00:00:04.256000,0 days 01:25:23.729000,299.4761111111111,14.0
2023-10-22 19:26:26.322,11549,279,7,100,False,0,car,0 days 00:00:04.616000,0 days 01:25:24.089000,327.3761111111111,14.0
2023-10-22 19:26:26.482,10569,279,7,100,False,0,car,0 days 00:00:04.776000,0 days 01:25:24.249000,339.7761111111111,14.0
2023-10-22 19:26:26.842,10353,281,8,100,False,0,car,0 days 00:00:05.136000,0 days 01:25:24.609000,367.87611111111113,14.0
2023-10-22 19:26:27.242,10452,283,8,100,False,0,car,0 days 00:00:05.536000,0 days 01:25:25.009000,399.32055555555553,14.0
2023-10-22 19:26:27.402,10483,283,8,99,False,0,car,0 days 00:00:05.696000,0 days 01:25:25.169000,411.8983333333333,14.0
2023-10-22 19:26:27.762,10470,284,8,100,False,0,car,0 days 00:00:06.056000,0 days 01:25:25.529000,440.29833333333335,14.0
2023-10-22 19:26:28.082,10368,283,8,100,False,0,car,0 days 00:00:06.376000,0 days 01:25:25.849000,465.4538888888889,14.0
2023-10-22 19:26:28.322,10328,282,8,100,False,0,car,0 days 00:00:06.616000,0 days 01:25:26.089000,484.25388888888887,14.0
2023-10-22 19:26:28.563,10450,280,8,0,False,0,car,0 days 00:00:06.857000,0 days 01:25:26.330000,502.99833333333333,14.0
2023-10-22 19:26:28.843,9773,268,8,0,True,0,car,0 days 00:00:07.137000,0 days 01:25:26.610000,523.8427777777778,14.0
2023-10-22 19:26:29.083,9691,268,8,0,True,0,car,0 days 00:00:07.377000,0 days 01:25:26.850000,541.7094444444444,14.0
2023-10-22 19:26:29.243,9654,216,8,0,True,0,car,0 days 00:00:07.537000,0 days 01:25:27.010000,551.3094444444445,14.0
2023-10-22 19:26:29.683,9788,173,7,0,True,0,car,0 days 00:00:07.977000,0 days 01:25:27.450000,572.453888888889,14.0
2023-10-22 19:26:29.923,9993,153,5,0,True,0,car,0 days 00:00:08.217000,0 days 01:25:27.690000,582.653888888889,14.0
2023-10-22 19:26:30.203,9250,132,4,0,True,0,car,0 days 00:00:08.497000,0 days 01:25:27.970000,592.9205555555557,14.0
2023-10-22 19:26:30.483,8224,118,3,0,True,0,car,0 days 00:00:08.777000,0 days 01:25:28.250000,602.0983333333335,14.0
2023-10-22 19:26:30.683,7261,108,3,0,True,0,car,0 days 00:00:08.977000,0 days 01:25:28.450000,608.0983333333335,14.0
2023-10-22 19:26:30.923,6981,100,3,0,True,0,car,0 days 00:00:09.217000,0 days 01:25:28.690000,614.7650000000001,14.0
2023-10-22 19:26:31.083,6498,95,3,0,True,0,car,0 days 00:00:09.377000,0 days 01:25:28.850000,618.9872222222223,14.0
2023-10-22 19:26:31.323,6211,88,3,0,True,0,car,0 days 00:00:09.617000,0 days 01:25:29.090000,624.853888888889,14.0
2023-10-22 19:26:31.603,5817,85,3,0,False,0,car,0 days 00:00:09.897000,0 days 01:25:29.370000,631.465,14.0
2023-10-22 19:26:31.803,5743,83,3,0,False,0,car,0 days 00:00:10.097000,0 days 01:25:29.570000,636.0761111111111,14.0
2023-10-22 19:26:32.003,5531,82,3,0,False,0,car,0 days 00:00:10.297000,0 days 01:25:29.770000,640.6316666666667,14.0
2023-10-22 19:26:32.362,5690,76,3,6,False,0,car,0 days 00:00:10.656000,0 days 01:25:30.129000,648.2105555555555,14.0
2023-10-22 19:26:32.682,5888,75,3,24,False,0,car,0 days 00:00:10.976000,0 days 01:25:30.449000,654.8772222222221,14.0
2023-10-22 19:26:32.962,6128,79,3,31,False,0,car,0 days 00:00:11.256000,0 days 01:25:30.729000,661.0216666666665,14.0
2023-10-22 19:26:33.122,6599,83,3,39,False,0,car,0 days 00:00:11.416000,0 days 01:25:30.889000,664.7105555555554,14.0
2023-10-22 19:26:33.322,6707,87,3,41,False,0,car,0 days 00:00:11.616000,0 days 01:25:31.089000,669.5438888888888,14.0
2023-10-22 19:26:33.522,7083,93,3,46,False,0,car,0 days 00:00:11.816000,0 days 01:25:31.289000,674.7105555555555,14.0
2023-10-22 19:26:33.842,7880,101,3,48,False,0,car,0 days 00:00:12.136000,0 days 01:25:31.609000,683.6883333333333,14.0
2023-10-22 19:26:34.002,8300,104,3,53,False,0,car,0 days 00:00:12.296000,0 days 01:25:31.769000,688.3105555555555,14.0
2023-10-22 19:26:34.322,8874,117,3,58,False,0,car,0 days 00:00:12.616000,0 days 01:25:32.089000,698.7105555555555,14.0
2023-10-22 19:26:34.562,9592,124,3,64,False,0,car,0 days 00:00:12.856000,0 days 01:25:32.329000,706.9772222222222,14.0
2023-10-22 19:26:34.802,10302,132,3,75,False,0,car,0 days 00:00:13.096000,0 days 01:25:32.569000,715.7772222222221,14.0
2023-10-22 19:26:35.003,10952,140,3,86,False,0,car,0 days 00:00:13.297000,0 days 01:25:32.770000,723.5938888888888,14.0
2023-10-22 19:26:35.243,10606,151,3,99,False,0,car,0 days 00:00:13.537000,0 days 01:25:33.010000,733.6605555555556,14.0
2023-10-22 19:26:35.403,10428,159,3,99,False,0,car,0 days 00:00:13.697000,0 days 01:25:33.170000,740.7272222222222,14.0
2023-10-22 19:26:35.643,10967,173,4,99,False,0,car,0 days 00:00:13.937000,0 days 01:25:33.410000,752.2605555555555,14.0
2023-10-22 19:26:35.803,11262,177,4,99,False,0,car,0 days 00:00:14.097000,0 days 01:25:33.570000,760.1272222222221,14.0
2023-10-22 19:26:36.083,11613,190,4,100,False,0,car,0 days 00:00:14.377000,0 days 01:25:33.850000,774.905,14.0
2023-10-22 19:26:36.243,10842,198,4,99,False,0,car,0 days 00:00:14.537000,0 days 01:25:34.010000,783.7049999999999,14.0
2023-10-22 19:26:36.483,10976,203,5,99,False,0,car,0 days 00:00:14.777000,0 days 01:25:34.250000,797.2383333333331,14.0
2023-10-22 19:26:36.683,11626,210,5,99,False,0,car,0 days 00:00:14.977000,0 days 01:25:34.450000,808.9049999999999,14.0
2023-10-22 19:26:36.963,10506,212,5,99,False,0,car,0 days 00:00:15.257000,0 days 01:25:34.730000,825.3938888888887,14.0
2023-10-22 19:26:37.123,10822,220,6,100,False,0,car,0 days 00:00:15.417000,0 days 01:25:34.890000,835.1716666666665,14.0
2023-10-22 19:26:37.843,11168,229,6,99,False,0,car,0 days 00:00:16.137000,0 days 01:25:35.610000,880.9716666666666,14.0
2023-10-22 19:26:38.043,11366,239,6,100,False,0,car,0 days 00:00:16.337000,0 days 01:25:35.810000,894.2494444444443,14.0
2023-10-22 19:26:38.283,11616,242,6,100,False,0,car,0 days 00:00:16.577000,0 days 01:25:36.050000,910.3827777777777,14.0
2023-10-22 19:26:38.563,11767,247,6,100,False,0,car,0 days 00:00:16.857000,0 days 01:25:36.330000,929.5938888888887,14.0
2023-10-22 19:26:38.763,10927,249,6,99,False,0,car,0 days 00:00:17.057000,0 days 01:25:36.530000,943.427222222222,14.0
2023-10-22 19:26:39.122,10626,254,7,99,False,0,car,0 days 00:00:17.416000,0 days 01:25:36.889000,968.7566666666665,14.0
2023-10-22 19:26:39.282,10697,254,7,100,False,0,car,0 days 00:00:17.576000,0 days 01:25:37.049000,980.0455555555554,14.0
2023-10-22 19:26:39.482,10802,259,7,100,False,0,car,0 days 00:00:17.776000,0 days 01:25:37.249000,994.4344444444442,14.0
2023-10-22 19:26:39.722,10847,261,7,100,False,0,car,0 days 00:00:18.016000,0 days 01:25:37.489000,1011.8344444444441,14.0
2023-10-22 19:26:39.962,11018,264,7,100,False,0,car,0 days 00:00:18.256000,0 days 01:25:37.729000,1029.4344444444444,14.0
2023-10-22 19:26:40.122,10922,266,7,100,False,0,car,0 days 00:00:18.416000,0 days 01:25:37.889000,1041.2566666666667,14.0
2023-10-22 19:26:40.282,11088,266,7,100,False,0,car,0 days 00:00:18.576000,0 days 01:25:38.049000,1053.078888888889,14.0
2023-10-22 19:26:40.602,11157,269,7,100,False,0,car,0 days 00:00:18.896000,0 days 01:25:38.369000,1076.99,14.0
2023-10-22 19:26:40.762,11189,269,7,99,False,0,car,0 days 00:00:19.056000,0 days 01:25:38.529000,1088.9455555555555,14.0
2023-10-22 19:26:40.962,11165,269,7,100,False,0,car,0 days 00:00:19.256000,0 days 01:25:38.729000,1103.8899999999999,14.0
2023-10-22 19:26:41.122,11179,270,7,100,False,0,car,0 days 00:00:19.416000,0 days 01:25:38.889000,1115.8899999999999,14.0
2023-10-22 19:26:41.482,11212,270,7,99,False,0,car,0 days 00:00:19.776000,0 days 01:25:39.249000,1142.8899999999999,14.0
2023-10-22 19:26:41.803,10986,273,7,100,False,0,car,0 days 00:00:20.097000,0 days 01:25:39.570000,1167.2325,14.0
2023-10-22 19:26:42.043,11162,270,7,100,False,0,car,0 days 00:00:20.337000,0 days 01:25:39.810000,1185.2324999999998,14.0
2023-10-22 19:26:42.283,11233,271,7,100,False,0,car,0 days 00:00:20.577000,0 days 01:25:40.050000,1203.2991666666667,14.0
2023-10-22 19:26:42.443,10784,270,7,6,True,0,car,0 days 00:00:20.737000,0 days 01:25:40.210000,1215.2991666666665,14.0
2023-10-22 19:26:42.843,10265,257,7,18,False,0,car,0 days 00:00:21.137000,0 days 01:25:40.610000,1243.854722222222,14.0
2023-10-22 19:26:43.083,10302,247,7,58,False,0,car,0 days 00:00:21.377000,0 days 01:25:40.850000,1260.3213888888886,14.0
2023-10-22 19:26:43.283,10363,246,7,69,False,0,car,0 days 00:00:21.577000,0 days 01:25:41.050000,1273.9880555555555,14.0
2023-10-22 19:26:43.483,10223,245,7,0,True,0,car,0 days 00:00:21.777000,0 days 01:25:41.250000,1287.5991666666666,14.0
2023-10-22 19:26:43.923,10482,226,6,0,True,0,car,0 days 00:00:22.217000,0 days 01:25:41.690000,1315.2213888888887,14.0
2023-10-22 19:26:44.243,10591,217,6,35,False,0,car,0 days 00:00:22.537000,0 days 01:25:42.010000,1334.5102777777777,14.0
2023-10-22 19:26:44.563,10248,214,6,61,False,0,car,0 days 00:00:22.857000,0 days 01:25:42.330000,1353.5324999999998,14.0
2023-10-22 19:26:44.963,10377,217,6,77,False,0,car,0 days 00:00:23.257000,0 days 01:25:42.730000,1377.643611111111,14.0
2023-10-22 19:26:45.323,10260,225,6,42,False,0,car,0 days 00:00:23.617000,0 days 01:25:43.090000,1400.143611111111,14.0
2023-10-22 19:26:45.483,10268,225,6,14,True,0,car,0 days 00:00:23.777000,0 days 01:25:43.250000,1410.143611111111,14.0
2023-10-22 19:26:45.762,9871,215,6,16,False,0,car,0 days 00:00:24.056000,0 days 01:25:43.529000,1426.806111111111,14.0
2023-10-22 19:26:45.922,10119,211,6,0,True,0,car,0 days 00:00:24.216000,0 days 01:25:43.689000,1436.1838888888888,14.0
2023-10-22 19:26:46.082,10771,209,6,0,True,0,car,0 days 00:00:24.376000,0 days 01:25:43.849000,1445.4727777777778,14.0
2023-10-22 19:26:46.242,10656,201,5,0,True,0,car,0 days 00:00:24.536000,0 days 01:25:44.009000,1454.4061111111112,14.0
2023-10-22 19:26:46.642,10483,193,5,50,False,0,car,0 days 00:00:24.936000,0 days 01:25:44.409000,1475.8505555555555,14.0
2023-10-22 19:26:47.042,10002,195,5,5,False,0,car,0 days 00:00:25.336000,0 days 01:25:44.809000,1497.517222222222,14.0
2023-10-22 19:26:47.402,9118,190,6,63,False,0,car,0 days 00:00:25.696000,0 days 01:25:45.169000,1516.5172222222222,14.0
2023-10-22 19:26:47.642,9328,194,6,70,False,0,car,0 days 00:00:25.936000,0 days 01:25:45.409000,1529.4505555555554,14.0
2023-10-22 19:26:47.882,9357,195,6,59,False,0,car,0 days 00:00:26.176000,0 days 01:25:45.649000,1542.4505555555554,14.0
2023-10-22 19:26:48.163,9484,197,6,55,False,0,car,0 days 00:00:26.457000,0 days 01:25:45.930000,1557.8274999999999,14.0
2023-10-22 19:26:48.443,9494,197,6,59,False,0,car,0 days 00:00:26.737000,0 days 01:25:46.210000,1573.149722222222,14.0
2023-10-22 19:26:48.683,9668,199,6,95,False,0,car,0 days 00:00:26.977000,0 days 01:25:46.450000,1586.4163888888888,14.0
2023-10-22 19:26:48.883,9828,203,6,100,False,0,car,0 days 00:00:27.177000,0 days 01:25:46.650000,1597.6941666666667,14.0
2023-10-22 19:26:49.083,9827,206,6,100,False,0,car,0 days 00:00:27.377000,0 days 01:25:46.850000,1609.138611111111,14.0
2023-10-22 19:26:49.243,9875,208,6,100,False,0,car,0 days 00:00:27.537000,0 days 01:25:47.010000,1618.3830555555555,14.0
2023-10-22 19:26:49.403,10058,210,6,76,False,0,car,0 days 00:00:27.697000,0 days 01:25:47.170000,1627.7163888888888,14.0
2023-10-22 19:26:49.563,10061,211,6,2,True,0,car,0 days 00:00:27.857000,0 days 01:25:47.330000,1637.0941666666665,14.0
2023-10-22 19:26:49.883,10419,201,6,0,True,0,car,0 days 00:00:28.177000,0 days 01:25:47.650000,1654.9608333333333,14.0
2023-10-22 19:26:50.123,10007,190,5,3,True,0,car,0 days 00:00:28.417000,0 days 01:25:47.890000,1667.6275,14.0
2023-10-22 19:26:50.563,9468,182,5,0,False,0,car,0 days 00:00:28.857000,0 days 01:25:48.330000,1689.8719444444444,14.0
2023-10-22 19:26:50.723,9338,177,5,21,False,0,car,0 days 00:00:29.017000,0 days 01:25:48.490000,1697.738611111111,14.0
2023-10-22 19:26:51.123,9476,173,5,54,False,0,car,0 days 00:00:29.417000,0 days 01:25:48.890000,1716.9608333333333,14.0
2023-10-22 19:26:51.323,9740,177,5,63,False,0,car,0 days 00:00:29.617000,0 days 01:25:49.090000,1726.7941666666666,14.0
2023-10-22 19:26:51.523,9934,179,5,69,False,0,car,0 days 00:00:29.817000,0 days 01:25:49.290000,1736.738611111111,14.0
2023-10-22 19:26:51.803,10064,182,5,70,False,0,car,0 days 00:00:30.097000,0 days 01:25:49.570000,1750.8941666666665,14.0
2023-10-22 19:26:52.003,10297,185,5,70,False,0,car,0 days 00:00:30.297000,0 days 01:25:49.770000,1761.1719444444443,14.0
2023-10-22 19:26:52.282,10259,186,5,0,True,0,car,0 days 00:00:30.576000,0 days 01:25:50.049000,1775.5869444444443,14.0
2023-10-22 19:26:52.562,10202,177,5,0,True,0,car,0 days 00:00:30.856000,0 days 01:25:50.329000,1789.353611111111,14.0
2023-10-22 19:26:52.722,9662,162,4,0,True,0,car,0 days 00:00:31.016000,0 days 01:25:50.489000,1796.5536111111107,14.0
2023-10-22 19:26:53.042,9257,154,4,0,True,0,car,0 days 00:00:31.336000,0 days 01:25:50.809000,1810.2424999999996,14.0
2023-10-22 19:26:53.282,8933,149,4,4,True,0,car,0 days 00:00:31.576000,0 days 01:25:51.049000,1820.175833333333,14.0
2023-10-22 19:26:53.522,8689,142,4,0,False,0,car,0 days 00:00:31.816000,0 days 01:25:51.289000,1829.6424999999997,14.0
2023-10-22 19:26:53.722,8530,139,4,0,False,0,car,0 days 00:00:32.016000,0 days 01:25:51.489000,1837.3647222222219,14.0
2023-10-22 19:26:54.042,8027,132,4,0,True,0,car,0 days 00:00:32.336000,0 days 01:25:51.809000,1849.0980555555552,14.0
2023-10-22 19:26:54.482,7616,124,4,22,False,0,car,0 days 00:00:32.776000,0 days 01:25:52.249000,1864.253611111111,14.0
2023-10-22 19:26:54.643,7686,122,4,26,False,0,car,0 days 00:00:32.937000,0 days 01:25:52.410000,1869.709722222222,14.0
2023-10-22 19:26:55.003,7964,122,4,44,False,0,car,0 days 00:00:33.297000,0 days 01:25:52.770000,1881.909722222222,14.0
2023-10-22 19:26:55.203,8117,126,4,49,False,0,car,0 days 00:00:33.497000,0 days 01:25:52.970000,1888.909722222222,14.0
2023-10-22 19:26:55.523,8501,129,4,65,False,0,car,0 days 00:00:33.817000,0 days 01:25:53.290000,1900.3763888888886,14.0
2023-10-22 19:26:55.963,9322,146,4,57,False,0,car,0 days 00:00:34.257000,0 days 01:25:53.730000,1918.220833333333,14.0
2023-10-22 19:26:56.283,9931,151,4,55,False,0,car,0 days 00:00:34.577000,0 days 01:25:54.050000,1931.6430555555553,14.0
2023-10-22 19:26:56.523,9658,154,4,49,False,0,car,0 days 00:00:34.817000,0 days 01:25:54.290000,1941.909722222222,14.0
2023-10-22 19:26:56.763,9787,154,4,52,False,0,car,0 days 00:00:35.057000,0 days 01:25:54.530000,1952.1763888888886,14.0
2023-10-22 19:26:57.163,10572,163,4,87,False,0,car,0 days 00:00:35.457000,0 days 01:25:54.930000,1970.2874999999997,14.0
2023-10-22 19:26:57.523,11337,178,4,100,False,0,car,0 days 00:00:35.817000,0 days 01:25:55.290000,1988.0874999999996,14.0
2023-10-22 19:26:57.723,11337,181,4,100,False,0,car,0 days 00:00:36.017000,0 days 01:25:55.490000,1998.1430555555553,14.0
2023-10-22 19:26:57.923,11477,188,4,100,False,0,car,0 days 00:00:36.217000,0 days 01:25:55.690000,2008.5874999999994,14.0
2023-10-22 19:26:58.403,11201,195,4,99,False,0,car,0 days 00:00:36.697000,0 days 01:25:56.170000,2034.5874999999996,14.0
2023-10-22 19:26:58.803,11770,208,4,99,False,0,car,0 days 00:00:37.097000,0 days 01:25:56.570000,2057.6986111111105,14.0
2023-10-22 19:26:59.042,10449,221,4,100,False,0,car,0 days 00:00:37.336000,0 days 01:25:56.809000,2072.370555555555,14.0
2023-10-22 19:26:59.442,10856,231,6,100,False,0,car,0 days 00:00:37.736000,0 days 01:25:57.209000,2098.0372222222213,14.0
2023-10-22 19:26:59.682,11459,236,6,100,False,0,car,0 days 00:00:37.976000,0 days 01:25:57.449000,2113.770555555555,14.0
2023-10-22 19:26:59.922,11582,239,6,100,False,0,car,0 days 00:00:38.216000,0 days 01:25:57.689000,2129.7038888888883,14.0
2023-10-22 19:27:00.202,11636,243,6,99,False,0,car,0 days 00:00:38.496000,0 days 01:25:57.969000,2148.6038888888884,14.0
2023-10-22 19:27:00.402,11709,243,6,100,False,0,car,0 days 00:00:38.696000,0 days 01:25:58.169000,2162.103888888888,14.0
2023-10-22 19:27:00.722,10556,252,7,99,False,0,car,0 days 00:00:39.016000,0 days 01:25:58.489000,2184.503888888888,14.0
2023-10-22 19:27:01.042,10636,255,7,100,False,0,car,0 days 00:00:39.336000,0 days 01:25:58.809000,2207.1705555555545,14.0
2023-10-22 19:27:01.443,10887,262,7,100,False,0,car,0 days 00:00:39.737000,0 days 01:25:59.210000,2236.3544444444437,14.0
2023-10-22 19:27:01.683,11048,266,7,100,False,0,car,0 days 00:00:39.977000,0 days 01:25:59.450000,2254.087777777777,14.0
2023-10-22 19:27:01.883,11048,268,7,100,False,0,car,0 days 00:00:40.177000,0 days 01:25:59.650000,2268.976666666666,14.0
2023-10-22 19:27:02.323,11327,274,7,100,False,0,car,0 days 00:00:40.617000,0 days 01:26:00.090000,2302.4655555555546,14.0
2023-10-22 19:27:02.483,11396,275,7,99,False,0,car,0 days 00:00:40.777000,0 days 01:26:00.250000,2314.6877777777772,14.0
2023-10-22 19:27:02.723,11396,278,7,99,False,0,car,0 days 00:00:41.017000,0 days 01:26:00.490000,2333.2211111111105,14.0
2023-10-22 19:27:02.963,11256,279,7,99,False,0,car,0 days 00:00:41.257000,0 days 01:26:00.730000,2351.82111111111,14.0
2023-10-22 19:27:03.323,9762,276,8,0,False,0,car,0 days 00:00:41.617000,0 days 01:26:01.090000,2379.42111111111,14.0
2023-10-22 19:27:03.523,9828,271,8,0,False,0,car,0 days 00:00:41.817000,0 days 01:26:01.290000,2394.4766666666656,14.0
2023-10-22 19:27:03.763,9197,259,8,0,True,0,car,0 days 00:00:42.057000,0 days 01:26:01.530000,2411.7433333333324,14.0
2023-10-22 19:27:04.003,9187,237,8,0,True,0,car,0 days 00:00:42.297000,0 days 01:26:01.770000,2427.543333333332,14.0
2023-10-22 19:27:04.283,9614,205,8,0,True,0,car,0 days 00:00:42.577000,0 days 01:26:02.050000,2443.4877777777765,14.0
2023-10-22 19:27:04.523,10295,179,8,0,True,0,car,0 days 00:00:42.817000,0 days 01:26:02.290000,2455.42111111111,14.0
2023-10-22 19:27:04.723,10165,163,8,0,True,0,car,0 days 00:00:43.017000,0 days 01:26:02.490000,2464.4766666666656,14.0
2023-10-22 19:27:04.923,10168,147,6,0,True,0,car,0 days 00:00:43.217000,0 days 01:26:02.690000,2472.643333333332,14.0
2023-10-22 19:27:05.203,8850,134,3,0,True,0,car,0 days 00:00:43.497000,0 days 01:26:02.970000,2483.0655555555545,14.0
2023-10-22 19:27:05.363,8323,121,3,0,True,0,car,0 days 00:00:43.657000,0 days 01:26:03.130000,2488.4433333333322,14.0
2023-10-22 19:27:05.802,6752,100,3,0,True,0,car,0 days 00:00:44.096000,0 days 01:26:03.569000,2500.6377777777766,14.0
2023-10-22 19:27:06.242,5785,84,3,0,True,0,car,0 days 00:00:44.536000,0 days 01:26:04.009000,2510.9044444444435,14.0
2023-10-22 19:27:06.562,5311,77,3,0,True,0,car,0 days 00:00:44.856000,0 days 01:26:04.329000,2517.748888888888,14.0
2023-10-22 19:27:06.842,5061,72,3,0,False,0,car,0 days 00:00:45.136000,0 days 01:26:04.609000,2523.348888888888,14.0
2023-10-22 19:27:07.282,4734,69,3,0,False,0,car,0 days 00:00:45.576000,0 days 01:26:05.049000,2531.782222222221,14.0
2023-10-22 19:27:07.602,4871,65,3,9,False,0,car,0 days 00:00:45.896000,0 days 01:26:05.369000,2537.559999999999,14.0
2023-10-22 19:27:08.003,5378,69,3,19,False,0,car,0 days 00:00:46.297000,0 days 01:26:05.770000,2545.2458333333325,14.0
2023-10-22 19:27:08.203,5456,71,3,24,False,0,car,0 days 00:00:46.497000,0 days 01:26:05.970000,2549.190277777777,14.0
2023-10-22 19:27:08.403,5616,73,3,29,False,0,car,0 days 00:00:46.697000,0 days 01:26:06.170000,2553.2458333333325,14.0
2023-10-22 19:27:08.803,6361,80,3,39,False,0,car,0 days 00:00:47.097000,0 days 01:26:06.570000,2562.134722222221,14.0
2023-10-22 19:27:09.123,7166,91,3,44,False,0,car,0 days 00:00:47.417000,0 days 01:26:06.890000,2570.22361111111,14.0
2023-10-22 19:27:09.563,7960,101,3,48,False,0,car,0 days 00:00:47.857000,0 days 01:26:07.330000,2582.5680555555546,14.0
2023-10-22 19:27:09.723,8153,107,3,51,False,0,car,0 days 00:00:48.017000,0 days 01:26:07.490000,2587.32361111111,14.0
2023-10-22 19:27:09.963,8966,115,3,68,False,0,car,0 days 00:00:48.257000,0 days 01:26:07.730000,2594.9902777777766,14.0
2023-10-22 19:27:10.123,9954,121,3,74,False,0,car,0 days 00:00:48.417000,0 days 01:26:07.890000,2600.3680555555543,14.0
2023-10-22 19:27:10.403,10507,131,3,88,False,0,car,0 days 00:00:48.697000,0 days 01:26:08.170000,2610.556944444443,14.0
2023-10-22 19:27:10.763,11601,153,3,100,False,0,car,0 days 00:00:49.057000,0 days 01:26:08.530000,2625.8569444444433,14.0
2023-10-22 19:27:10.963,10778,160,3,100,False,0,car,0 days 00:00:49.257000,0 days 01:26:08.730000,2634.745833333332,14.0
2023-10-22 19:27:11.203,11078,165,4,100,False,0,car,0 days 00:00:49.497000,0 days 01:26:08.970000,2645.745833333332,14.0
2023-10-22 19:27:11.363,11239,177,4,100,False,0,car,0 days 00:00:49.657000,0 days 01:26:09.130000,2653.6124999999984,14.0
2023-10-22 19:27:11.523,11697,185,4,100,False,0,car,0 days 00:00:49.817000,0 days 01:26:09.290000,2661.834722222221,14.0
2023-10-22 19:27:11.723,10521,193,4,100,False,0,car,0 days 00:00:50.017000,0 days 01:26:09.490000,2672.556944444443,14.0
2023-10-22 19:27:11.963,10981,199,5,100,False,0,car,0 days 00:00:50.257000,0 days 01:26:09.730000,2685.8236111111096,14.0
2023-10-22 19:27:12.123,11190,205,5,100,False,0,car,0 days 00:00:50.417000,0 days 01:26:09.890000,2694.934722222221,14.0
2023-10-22 19:27:12.283,11563,209,5,100,False,0,car,0 days 00:00:50.577000,0 days 01:26:10.050000,2704.2236111111097,14.0
2023-10-22 19:27:12.562,10416,217,5,100,False,0,car,0 days 00:00:50.856000,0 days 01:26:10.329000,2721.04111111111,14.0
2023-10-22 19:27:12.802,10668,222,6,100,False,0,car,0 days 00:00:51.096000,0 days 01:26:10.569000,2735.8411111111095,14.0
2023-10-22 19:27:13.242,11045,232,6,100,False,0,car,0 days 00:00:51.536000,0 days 01:26:11.009000,2764.1966666666654,14.0
2023-10-22 19:27:13.642,11462,240,6,100,False,0,car,0 days 00:00:51.936000,0 days 01:26:11.409000,2790.863333333332,14.0
2023-10-22 19:27:13.802,11598,244,6,100,False,0,car,0 days 00:00:52.096000,0 days 01:26:11.569000,2801.7077777777763,14.0
2023-10-22 19:27:13.962,10758,248,6,100,False,0,car,0 days 00:00:52.256000,0 days 01:26:11.729000,2812.7299999999987,14.0
2023-10-22 19:27:14.162,10470,251,6,100,False,0,car,0 days 00:00:52.456000,0 days 01:26:11.929000,2826.6744444444435,14.0
2023-10-22 19:27:14.362,10579,252,7,100,False,0,car,0 days 00:00:52.656000,0 days 01:26:12.129000,2840.674444444443,14.0
2023-10-22 19:27:14.723,10772,260,7,100,False,0,car,0 days 00:00:53.017000,0 days 01:26:12.490000,2866.7466666666655,14.0
2023-10-22 19:27:15.043,10998,264,7,100,False,0,car,0 days 00:00:53.337000,0 days 01:26:12.810000,2890.2133333333322,14.0
2023-10-22 19:27:15.243,11173,265,7,100,False,0,car,0 days 00:00:53.537000,0 days 01:26:13.010000,2904.935555555554,14.0
2023-10-22 19:27:15.683,11233,270,7,100,False,0,car,0 days 00:00:53.977000,0 days 01:26:13.450000,2937.935555555554,14.0
2023-10-22 19:27:15.883,11285,272,7,100,False,0,car,0 days 00:00:54.177000,0 days 01:26:13.650000,2953.0466666666653,14.0
2023-10-22 19:27:16.163,11446,275,7,100,False,0,car,0 days 00:00:54.457000,0 days 01:26:13.930000,2974.4355555555544,14.0
2023-10-22 19:27:16.363,11391,276,7,100,False,0,car,0 days 00:00:54.657000,0 days 01:26:14.130000,2989.7688888888874,14.0
2023-10-22 19:27:16.683,10546,278,7,100,False,0,car,0 days 00:00:54.977000,0 days 01:26:14.450000,3014.4799999999987,14.0
2023-10-22 19:27:16.883,10355,279,8,100,False,0,car,0 days 00:00:55.177000,0 days 01:26:14.650000,3029.9799999999987,14.0
2023-10-22 19:27:17.083,10352,281,8,100,False,0,car,0 days 00:00:55.377000,0 days 01:26:14.850000,3045.59111111111,14.0
2023-10-22 19:27:17.323,10434,282,8,100,False,0,car,0 days 00:00:55.617000,0 days 01:26:15.090000,3064.3911111111097,14.0
2023-10-22 19:27:17.763,10479,285,8,100,False,0,car,0 days 00:00:56.057000,0 days 01:26:15.530000,3099.2244444444436,14.0
2023-10-22 19:27:17.963,10525,286,8,100,False,0,car,0 days 00:00:56.257000,0 days 01:26:15.730000,3115.1133333333323,14.0
2023-10-22 19:27:18.283,10597,287,8,100,False,0,car,0 days 00:00:56.577000,0 days 01:26:16.050000,3140.6244444444433,14.0
2023-10-22 19:27:18.523,10657,290,8,100,False,0,car,0 days 00:00:56.817000,0 days 01:26:16.290000,3159.9577777777768,14.0
2023-10-22 19:27:18.763,10675,290,8,100,False,0,car,0 days 00:00:57.057000,0 days 01:26:16.530000,3179.2911111111102,14.0
2023-10-22 19:27:18.923,10698,291,8,100,False,0,car,0 days 00:00:57.217000,0 days 01:26:16.690000,3192.224444444443,14.0
2023-10-22 19:27:19.162,10787,293,8,100,False,0,car,0 days 00:00:57.456000,0 days 01:26:16.929000,3211.676388888888,14.0
2023-10-22 19:27:19.402,10798,293,8,100,False,0,car,0 days 00:00:57.696000,0 days 01:26:17.169000,3231.209722222221,14.0
2023-10-22 19:27:20.322,10841,296,8,100,False,0,car,0 days 00:00:58.616000,0 days 01:26:18.089000,3306.8541666666656,14.0
2023-10-22 19:27:20.482,10890,296,8,100,False,0,car,0 days 00:00:58.776000,0 days 01:26:18.249000,3320.0097222222216,14.0
2023-10-22 19:27:20.682,10939,296,8,100,False,0,car,0 days 00:00:58.976000,0 days 01:26:18.449000,3336.4541666666655,14.0
2023-10-22 19:27:21.043,10926,297,8,100,False,0,car,0 days 00:00:59.337000,0 days 01:26:18.810000,3366.2366666666658,14.0
2023-10-22 19:27:21.203,10959,298,8,100,False,0,car,0 days 00:00:59.497000,0 days 01:26:18.970000,3379.48111111111,14.0
2023-10-22 19:27:21.483,10928,297,8,100,False,0,car,0 days 00:00:59.777000,0 days 01:26:19.250000,3402.5811111111097,14.0
2023-10-22 19:27:21.643,10980,298,8,100,False,0,car,0 days 00:00:59.937000,0 days 01:26:19.410000,3415.825555555554,14.0
2023-10-22 19:27:21.883,10935,298,8,100,False,0,car,0 days 00:01:00.177000,0 days 01:26:19.650000,3435.6922222222206,14.0
2023-10-22 19:27:22.283,10978,298,8,100,False,0,car,0 days 00:01:00.577000,0 days 01:26:20.050000,3468.8033333333315,14.0
2023-10-22 19:27:22.563,11005,299,8,100,False,0,car,0 days 00:01:00.857000,0 days 01:26:20.330000,3492.058888888887,14.0
2023-10-22 19:27:22.803,10983,299,8,100,False,0,car,0 days 00:01:01.097000,0 days 01:26:20.570000,3511.9922222222203,14.0
2023-10-22 19:27:22.963,11012,299,8,100,False,0,car,0 days 00:01:01.257000,0 days 01:26:20.730000,3525.281111111109,14.0
2023-10-22 19:27:23.243,10938,299,8,100,False,0,car,0 days 00:01:01.537000,0 days 01:26:21.010000,3548.5366666666646,14.0
2023-10-22 19:27:23.683,10588,293,8,0,False,0,car,0 days 00:01:01.977000,0 days 01:26:21.450000,3584.3477777777757,14.0
2023-10-22 19:27:23.843,10325,288,8,0,False,0,car,0 days 00:01:02.137000,0 days 01:26:21.610000,3597.147777777776,14.0
2023-10-22 19:27:24.123,9372,260,8,0,True,0,car,0 days 00:01:02.417000,0 days 01:26:21.890000,3617.369999999998,14.0
2023-10-22 19:27:24.283,9741,248,8,0,True,0,car,0 days 00:01:02.577000,0 days 01:26:22.050000,3628.39222222222,14.0
2023-10-22 19:27:24.483,9332,224,7,0,True,0,car,0 days 00:01:02.777000,0 days 01:26:22.250000,3640.8366666666648,14.0
2023-10-22 19:27:24.643,9172,213,7,0,True,0,car,0 days 00:01:02.937000,0 days 01:26:22.410000,3650.303333333331,14.0
2023-10-22 19:27:24.963,9186,170,6,0,True,0,car,0 days 00:01:03.257000,0 days 01:26:22.730000,3665.4144444444423,14.0
2023-10-22 19:27:25.123,9451,153,5,0,True,0,car,0 days 00:01:03.417000,0 days 01:26:22.890000,3672.2144444444425,14.0
2023-10-22 19:27:25.483,8922,131,4,0,True,0,car,0 days 00:01:03.777000,0 days 01:26:23.250000,3685.3144444444424,14.0
2023-10-22 19:27:25.643,8577,122,3,0,True,0,car,0 days 00:01:03.937000,0 days 01:26:23.410000,3690.7366666666644,14.0
2023-10-22 19:27:25.882,7788,112,3,0,True,0,car,0 days 00:01:04.176000,0 days 01:26:23.649000,3698.17222222222,14.0
2023-10-22 19:27:26.122,7287,103,3,0,True,0,car,0 days 00:01:04.416000,0 days 01:26:23.889000,3705.0388888888865,14.0
2023-10-22 19:27:26.282,6956,101,3,0,True,0,car,0 days 00:01:04.576000,0 days 01:26:24.049000,3709.527777777775,14.0
2023-10-22 19:27:26.562,6581,97,3,0,True,0,car,0 days 00:01:04.856000,0 days 01:26:24.329000,3717.0722222222194,14.0
2023-10-22 19:27:27.002,6181,88,3,0,False,0,car,0 days 00:01:05.296000,0 days 01:26:24.769000,3727.8277777777753,14.0
2023-10-22 19:27:27.362,6088,83,3,5,False,0,car,0 days 00:01:05.656000,0 days 01:26:25.129000,3736.1277777777755,14.0
2023-10-22 19:27:27.683,6444,85,3,30,False,0,car,0 days 00:01:05.977000,0 days 01:26:25.450000,3743.706944444442,14.0
2023-10-22 19:27:27.963,6780,88,3,40,False,0,car,0 days 00:01:06.257000,0 days 01:26:25.730000,3750.5513888888863,14.0
2023-10-22 19:27:28.243,7205,95,3,49,False,0,car,0 days 00:01:06.537000,0 days 01:26:26.010000,3757.9402777777755,14.0
2023-10-22 19:27:28.643,8331,111,3,67,False,0,car,0 days 00:01:06.937000,0 days 01:26:26.410000,3770.2736111111085,14.0
2023-10-22 19:27:28.883,9437,115,3,80,False,0,car,0 days 00:01:07.177000,0 days 01:26:26.650000,3777.9402777777755,14.0
2023-10-22 19:27:29.123,10130,133,3,79,False,0,car,0 days 00:01:07.417000,0 days 01:26:26.890000,3786.806944444442,14.0
2023-10-22 19:27:29.363,10880,138,3,100,False,0,car,0 days 00:01:07.657000,0 days 01:26:27.130000,3796.0069444444416,14.0
2023-10-22 19:27:29.683,10931,157,3,100,False,0,car,0 days 00:01:07.977000,0 days 01:26:27.450000,3809.9624999999974,14.0
2023-10-22 19:27:29.883,10773,166,4,100,False,0,car,0 days 00:01:08.177000,0 days 01:26:27.650000,3819.1847222222195,14.0
2023-10-22 19:27:30.283,11248,180,4,100,False,0,car,0 days 00:01:08.577000,0 days 01:26:28.050000,3839.184722222219,14.0
2023-10-22 19:27:30.643,10348,191,4,100,False,0,car,0 days 00:01:08.937000,0 days 01:26:28.410000,3858.284722222219,14.0
2023-10-22 19:27:30.883,10280,195,5,0,True,0,car,0 days 00:01:09.177000,0 days 01:26:28.650000,3871.2847222222194,14.0
2023-10-22 19:27:31.083,10081,189,5,0,True,0,car,0 days 00:01:09.377000,0 days 01:26:28.850000,3881.784722222219,14.0
2023-10-22 19:27:31.283,10050,174,5,0,True,0,car,0 days 00:01:09.577000,0 days 01:26:29.050000,3891.451388888886,14.0
2023-10-22 19:27:31.723,10009,139,3,0,True,0,car,0 days 00:01:10.017000,0 days 01:26:29.490000,3908.4402777777746,14.0
2023-10-22 19:27:31.963,9110,130,3,0,True,0,car,0 days 00:01:10.257000,0 days 01:26:29.730000,3917.1069444444415,14.0
2023-10-22 19:27:32.163,8391,122,3,0,True,0,car,0 days 00:01:10.457000,0 days 01:26:29.930000,3923.884722222219,14.0
2023-10-22 19:27:32.443,7981,113,3,0,True,0,car,0 days 00:01:10.737000,0 days 01:26:30.210000,3932.6736111111077,14.0
2023-10-22 19:27:32.682,7541,108,3,0,True,0,car,0 days 00:01:10.976000,0 days 01:26:30.449000,3939.8436111111077,14.0
2023-10-22 19:27:32.922,7029,101,3,0,True,0,car,0 days 00:01:11.216000,0 days 01:26:30.689000,3946.576944444441,14.0
2023-10-22 19:27:33.122,6922,98,3,0,False,0,car,0 days 00:01:11.416000,0 days 01:26:30.889000,3952.021388888885,14.0
2023-10-22 19:27:33.362,6725,96,3,0,False,0,car,0 days 00:01:11.656000,0 days 01:26:31.129000,3958.4213888888853,14.0
2023-10-22 19:27:33.562,6447,93,3,0,False,0,car,0 days 00:01:11.856000,0 days 01:26:31.329000,3963.588055555552,14.0
2023-10-22 19:27:33.882,6734,89,3,25,False,0,car,0 days 00:01:12.176000,0 days 01:26:31.649000,3971.4991666666633,14.0
2023-10-22 19:27:34.123,6942,91,3,36,False,0,car,0 days 00:01:12.417000,0 days 01:26:31.890000,3977.5911111111077,14.0
2023-10-22 19:27:34.283,7149,92,3,40,False,0,car,0 days 00:01:12.577000,0 days 01:26:32.050000,3981.6799999999967,14.0
2023-10-22 19:27:34.643,7649,101,3,44,False,0,car,0 days 00:01:12.937000,0 days 01:26:32.410000,3991.7799999999966,14.0
2023-10-22 19:27:34.963,8217,107,3,50,False,0,car,0 days 00:01:13.257000,0 days 01:26:32.730000,4001.291111111108,14.0
2023-10-22 19:27:35.403,9252,119,3,59,False,0,car,0 days 00:01:13.697000,0 days 01:26:33.170000,4015.835555555552,14.0
2023-10-22 19:27:35.603,9754,124,3,67,False,0,car,0 days 00:01:13.897000,0 days 01:26:33.370000,4022.7244444444414,14.0
2023-10-22 19:27:35.803,10218,131,3,70,False,0,car,0 days 00:01:14.097000,0 days 01:26:33.570000,4030.0022222222187,14.0
2023-10-22 19:27:36.003,10749,138,3,85,False,0,car,0 days 00:01:14.297000,0 days 01:26:33.770000,4037.6688888888857,14.0
2023-10-22 19:27:36.203,11201,146,3,100,False,0,car,0 days 00:01:14.497000,0 days 01:26:33.970000,4045.779999999997,14.0
2023-10-22 19:27:36.723,10456,165,4,100,False,0,car,0 days 00:01:15.017000,0 days 01:26:34.490000,4069.61333333333,14.0
2023-10-22 19:27:36.883,10808,165,4,99,False,0,car,0 days 00:01:15.177000,0 days 01:26:34.650000,4076.946666666664,14.0
2023-10-22 19:27:37.083,11248,175,4,100,False,0,car,0 days 00:01:15.377000,0 days 01:26:34.850000,4086.6688888888857,14.0
2023-10-22 19:27:37.323,11692,183,4,99,False,0,car,0 days 00:01:15.617000,0 days 01:26:35.090000,4098.868888888886,14.0
2023-10-22 19:27:37.643,10397,191,4,100,False,0,car,0 days 00:01:15.937000,0 days 01:26:35.410000,4115.846666666664,14.0
2023-10-22 19:27:37.963,9726,186,5,0,True,0,car,0 days 00:01:16.257000,0 days 01:26:35.730000,4132.379999999997,14.0
2023-10-22 19:27:38.123,9726,171,5,0,True,0,car,0 days 00:01:16.417000,0 days 01:26:35.890000,4139.979999999997,14.0
2023-10-22 19:27:38.403,9960,160,4,0,True,0,car,0 days 00:01:16.697000,0 days 01:26:36.170000,4152.424444444441,14.0
2023-10-22 19:27:38.803,9525,140,3,0,True,0,car,0 days 00:01:17.097000,0 days 01:26:36.570000,4167.979999999997,14.0
2023-10-22 19:27:38.963,9112,131,3,0,True,0,car,0 days 00:01:17.257000,0 days 01:26:36.730000,4173.80222222222,14.0
2023-10-22 19:27:39.123,8732,123,3,0,True,0,car,0 days 00:01:17.417000,0 days 01:26:36.890000,4179.268888888886,14.0
2023-10-22 19:27:39.402,8039,117,3,0,True,0,car,0 days 00:01:17.696000,0 days 01:26:37.169000,4188.336388888886,14.0
2023-10-22 19:27:39.802,7174,105,3,0,True,0,car,0 days 00:01:18.096000,0 days 01:26:37.569000,4200.003055555553,14.0
2023-10-22 19:27:40.082,6715,97,3,0,True,0,car,0 days 00:01:18.376000,0 days 01:26:37.849000,4207.547499999998,14.0
2023-10-22 19:27:40.242,6598,92,3,0,True,0,car,0 days 00:01:18.536000,0 days 01:26:38.009000,4211.636388888886,14.0
2023-10-22 19:27:40.482,6008,88,3,0,True,0,car,0 days 00:01:18.776000,0 days 01:26:38.249000,4217.503055555553,14.0
2023-10-22 19:27:40.642,6036,85,3,0,True,0,car,0 days 00:01:18.936000,0 days 01:26:38.409000,4221.280833333331,14.0
2023-10-22 19:27:40.923,5780,82,3,0,False,0,car,0 days 00:01:19.217000,0 days 01:26:38.690000,4227.681388888886,14.0
2023-10-22 19:27:41.243,5521,79,3,0,False,0,car,0 days 00:01:19.537000,0 days 01:26:39.010000,4234.703611111109,14.0
2023-10-22 19:27:41.483,5894,76,3,15,False,0,car,0 days 00:01:19.777000,0 days 01:26:39.250000,4239.770277777776,14.0
2023-10-22 19:27:41.723,5947,78,3,24,False,0,car,0 days 00:01:20.017000,0 days 01:26:39.490000,4244.970277777776,14.0
2023-10-22 19:27:41.883,6220,79,3,32,False,0,car,0 days 00:01:20.177000,0 days 01:26:39.650000,4248.481388888887,14.0
2023-10-22 19:27:42.083,6386,82,3,38,False,0,car,0 days 00:01:20.377000,0 days 01:26:39.850000,4253.036944444442,14.0
2023-10-22 19:27:42.323,6706,88,3,43,False,0,car,0 days 00:01:20.617000,0 days 01:26:40.090000,4258.903611111109,14.0
2023-10-22 19:27:42.563,7266,93,3,49,False,0,car,0 days 00:01:20.857000,0 days 01:26:40.330000,4265.103611111109,14.0
2023-10-22 19:27:43.043,8044,110,3,59,False,0,car,0 days 00:01:21.337000,0 days 01:26:40.810000,4279.770277777776,14.0
2023-10-22 19:27:43.243,8780,117,3,67,False,0,car,0 days 00:01:21.537000,0 days 01:26:41.010000,4286.270277777776,14.0
2023-10-22 19:27:43.443,9668,125,3,78,False,0,car,0 days 00:01:21.737000,0 days 01:26:41.210000,4293.21472222222,14.0
2023-10-22 19:27:43.803,11052,139,3,98,False,0,car,0 days 00:01:22.097000,0 days 01:26:41.570000,4307.11472222222,14.0
2023-10-22 19:27:44.243,10951,162,3,100,False,0,car,0 days 00:01:22.537000,0 days 01:26:42.010000,4326.91472222222,14.0
2023-10-22 19:27:44.483,10789,162,4,100,False,0,car,0 days 00:01:22.777000,0 days 01:26:42.250000,4337.71472222222,14.0
2023-10-22 19:27:44.643,10789,179,4,100,False,0,car,0 days 00:01:22.937000,0 days 01:26:42.410000,4345.6702777777755,14.0
2023-10-22 19:27:45.083,10655,189,4,100,False,0,car,0 days 00:01:23.377000,0 days 01:26:42.850000,4368.770277777775,14.0
2023-10-22 19:27:45.443,11163,204,5,100,False,0,car,0 days 00:01:23.737000,0 days 01:26:43.210000,4389.170277777775,14.0
2023-10-22 19:27:45.643,11364,209,5,100,False,0,car,0 days 00:01:23.937000,0 days 01:26:43.410000,4400.781388888886,14.0
2023-10-22 19:27:45.803,10944,209,5,100,False,0,car,0 days 00:01:24.097000,0 days 01:26:43.570000,4410.070277777774,14.0
2023-10-22 19:27:46.122,10344,218,6,100,False,0,car,0 days 00:01:24.416000,0 days 01:26:43.889000,4429.387499999996,14.0
2023-10-22 19:27:46.282,10457,219,6,71,False,0,car,0 days 00:01:24.576000,0 days 01:26:44.049000,4439.12083333333,14.0
2023-10-22 19:27:46.442,10320,219,6,69,False,0,car,0 days 00:01:24.736000,0 days 01:26:44.209000,4448.854166666663,14.0
2023-10-22 19:27:46.682,10227,219,6,35,False,0,car,0 days 00:01:24.976000,0 days 01:26:44.449000,4463.454166666663,14.0
2023-10-22 19:27:47.122,10244,214,6,53,False,0,car,0 days 00:01:25.416000,0 days 01:26:44.889000,4489.609722222218,14.0
2023-10-22 19:27:47.443,10158,215,6,65,False,0,car,0 days 00:01:25.737000,0 days 01:26:45.210000,4508.7805555555515,14.0
2023-10-22 19:27:47.763,10308,217,6,77,False,0,car,0 days 00:01:26.057000,0 days 01:26:45.530000,4528.069444444441,14.0
2023-10-22 19:27:47.963,10417,219,6,82,False,0,car,0 days 00:01:26.257000,0 days 01:26:45.730000,4540.236111111108,14.0
2023-10-22 19:27:48.123,10693,222,6,83,False,0,car,0 days 00:01:26.417000,0 days 01:26:45.890000,4550.1027777777745,14.0
2023-10-22 19:27:48.283,10710,223,6,89,False,0,car,0 days 00:01:26.577000,0 days 01:26:46.050000,4560.013888888885,14.0
2023-10-22 19:27:48.603,10335,226,6,83,False,0,car,0 days 00:01:26.897000,0 days 01:26:46.370000,4580.1027777777745,14.0
2023-10-22 19:27:48.763,9603,229,6,83,False,0,car,0 days 00:01:27.057000,0 days 01:26:46.530000,4590.280555555552,14.0
2023-10-22 19:27:49.083,9756,231,7,83,False,0,car,0 days 00:01:27.377000,0 days 01:26:46.850000,4610.813888888885,14.0
2023-10-22 19:27:49.363,9843,235,7,83,False,0,car,0 days 00:01:27.657000,0 days 01:26:47.130000,4629.0916666666635,14.0
2023-10-22 19:27:49.683,10093,239,7,100,False,0,car,0 days 00:01:27.977000,0 days 01:26:47.450000,4650.336111111108,14.0
2023-10-22 19:27:50.003,10088,241,7,100,False,0,car,0 days 00:01:28.297000,0 days 01:26:47.770000,4671.75833333333,14.0
2023-10-22 19:27:50.163,10162,243,7,100,False,0,car,0 days 00:01:28.457000,0 days 01:26:47.930000,4682.55833333333,14.0
2023-10-22 19:27:50.323,10182,244,7,100,False,0,car,0 days 00:01:28.617000,0 days 01:26:48.090000,4693.402777777775,14.0
2023-10-22 19:27:50.603,10229,246,7,100,False,0,car,0 days 00:01:28.897000,0 days 01:26:48.370000,4712.536111111108,14.0
2023-10-22 19:27:50.763,10423,247,7,99,False,0,car,0 days 00:01:29.057000,0 days 01:26:48.530000,4723.513888888885,14.0
2023-10-22 19:27:51.083,10505,250,7,100,False,0,car,0 days 00:01:29.377000,0 days 01:26:48.850000,4745.736111111107,14.0
2023-10-22 19:27:51.323,10444,248,7,99,False,0,car,0 days 00:01:29.617000,0 days 01:26:49.090000,4762.2694444444405,14.0
2023-10-22 19:27:51.563,10501,252,7,100,False,0,car,0 days 00:01:29.857000,0 days 01:26:49.330000,4779.06944444444,14.0
2023-10-22 19:27:51.843,10538,254,7,99,False,0,car,0 days 00:01:30.137000,0 days 01:26:49.610000,4798.824999999995,14.0
2023-10-22 19:27:52.043,10623,255,7,100,False,0,car,0 days 00:01:30.337000,0 days 01:26:49.810000,4812.991666666662,14.0
2023-10-22 19:27:52.323,10660,257,7,100,False,0,car,0 days 00:01:30.617000,0 days 01:26:50.090000,4832.980555555551,14.0
2023-10-22 19:27:52.683,10793,259,7,100,False,0,car,0 days 00:01:30.977000,0 days 01:26:50.450000,4858.880555555551,14.0
2023-10-22 19:27:52.842,10823,261,7,100,False,0,car,0 days 00:01:31.136000,0 days 01:26:50.609000,4870.40805555555,14.0
2023-10-22 19:27:53.122,10258,258,7,5,True,0,car,0 days 00:01:31.416000,0 days 01:26:50.889000,4890.474722222217,14.0
2023-10-22 19:27:53.562,10444,227,7,0,True,0,car,0 days 00:01:31.856000,0 days 01:26:51.329000,4918.219166666661,14.0
2023-10-22 19:27:53.843,9561,209,6,1,True,0,car,0 days 00:01:32.137000,0 days 01:26:51.610000,4934.532777777773,14.0
2023-10-22 19:27:54.003,9751,204,6,1,True,0,car,0 days 00:01:32.297000,0 days 01:26:51.770000,4943.5994444444395,14.0
2023-10-22 19:27:54.323,9954,189,5,3,False,0,car,0 days 00:01:32.617000,0 days 01:26:52.090000,4960.39944444444,14.0
2023-10-22 19:27:54.763,9973,182,5,42,False,0,car,0 days 00:01:33.057000,0 days 01:26:52.530000,4982.643888888884,14.0
2023-10-22 19:27:55.163,9910,181,5,45,False,0,car,0 days 00:01:33.457000,0 days 01:26:52.930000,5002.754999999995,14.0
2023-10-22 19:27:55.563,10252,185,5,70,False,0,car,0 days 00:01:33.857000,0 days 01:26:53.330000,5023.31055555555,14.0
2023-10-22 19:27:55.803,10328,188,5,89,False,0,car,0 days 00:01:34.097000,0 days 01:26:53.570000,5035.843888888883,14.0
2023-10-22 19:27:56.043,10683,196,5,100,False,0,car,0 days 00:01:34.337000,0 days 01:26:53.810000,5048.910555555551,14.0
2023-10-22 19:27:56.403,11128,202,5,100,False,0,car,0 days 00:01:34.697000,0 days 01:26:54.170000,5069.1105555555505,14.0
2023-10-22 19:27:56.563,11266,206,5,100,False,0,car,0 days 00:01:34.857000,0 days 01:26:54.330000,5078.266111111106,14.0
2023-10-22 19:27:56.763,11511,210,5,100,False,0,car,0 days 00:01:35.057000,0 days 01:26:54.530000,5089.932777777773,14.0
2023-10-22 19:27:56.923,10956,214,5,100,False,0,car,0 days 00:01:35.217000,0 days 01:26:54.690000,5099.4438888888835,14.0
2023-10-22 19:27:57.203,10351,217,6,100,False,0,car,0 days 00:01:35.497000,0 days 01:26:54.970000,5116.321666666661,14.0
2023-10-22 19:27:57.523,10687,224,6,100,False,0,car,0 days 00:01:35.817000,0 days 01:26:55.290000,5136.232777777772,14.0
2023-10-22 19:27:57.803,10687,227,6,100,False,0,car,0 days 00:01:36.097000,0 days 01:26:55.570000,5153.888333333328,14.0
2023-10-22 19:27:58.043,10945,231,6,100,False,0,car,0 days 00:01:36.337000,0 days 01:26:55.810000,5169.288333333328,14.0
2023-10-22 19:27:58.483,10378,212,6,0,True,0,car,0 days 00:01:36.777000,0 days 01:26:56.250000,5195.199444444439,14.0
2023-10-22 19:27:58.763,10321,180,6,0,True,0,car,0 days 00:01:37.057000,0 days 01:26:56.530000,5209.199444444439,14.0
2023-10-22 19:27:59.083,10454,153,5,0,True,0,car,0 days 00:01:37.377000,0 days 01:26:56.850000,5222.799444444438,14.0
2023-10-22 19:27:59.443,9054,127,3,0,True,0,car,0 days 00:01:37.737000,0 days 01:26:57.210000,5235.499444444438,14.0
2023-10-22 19:27:59.722,8236,115,3,0,True,0,car,0 days 00:01:38.016000,0 days 01:26:57.489000,5244.411944444439,14.0
2023-10-22 19:28:00.122,7561,106,3,0,False,0,car,0 days 00:01:38.416000,0 days 01:26:57.889000,5256.189722222216,14.0
2023-10-22 19:28:00.563,6930,98,3,0,False,0,car,0 days 00:01:38.857000,0 days 01:26:58.330000,5268.194722222216,14.0
2023-10-22 19:28:00.923,6586,91,3,4,False,0,car,0 days 00:01:39.217000,0 days 01:26:58.690000,5277.2947222222165,14.0
2023-10-22 19:28:01.163,6685,89,3,17,False,0,car,0 days 00:01:39.457000,0 days 01:26:58.930000,5283.22805555555,14.0
2023-10-22 19:28:01.603,7267,92,3,39,False,0,car,0 days 00:01:39.897000,0 days 01:26:59.370000,5294.472499999994,14.0
2023-10-22 19:28:01.843,7695,97,3,42,False,0,car,0 days 00:01:40.137000,0 days 01:26:59.610000,5300.939166666661,14.0
2023-10-22 19:28:02.203,8248,104,3,56,False,0,car,0 days 00:01:40.497000,0 days 01:26:59.970000,5311.33916666666,14.0
2023-10-22 19:28:02.363,8767,107,3,59,False,0,car,0 days 00:01:40.657000,0 days 01:27:00.130000,5316.094722222216,14.0
2023-10-22 19:28:02.523,9314,118,3,65,False,0,car,0 days 00:01:40.817000,0 days 01:27:00.290000,5321.33916666666,14.0
2023-10-22 19:28:02.803,9754,121,3,72,False,0,car,0 days 00:01:41.097000,0 days 01:27:00.570000,5330.750277777772,14.0
2023-10-22 19:28:03.083,11023,133,3,91,False,0,car,0 days 00:01:41.377000,0 days 01:27:00.850000,5341.094722222217,14.0
2023-10-22 19:28:03.243,11071,147,3,99,False,0,car,0 days 00:01:41.537000,0 days 01:27:01.010000,5347.62805555555,14.0
2023-10-22 19:28:03.523,11231,156,3,100,False,0,car,0 days 00:01:41.817000,0 days 01:27:01.290000,5359.761388888884,14.0
2023-10-22 19:28:03.923,11481,177,4,100,False,0,car,0 days 00:01:42.217000,0 days 01:27:01.690000,5379.428055555551,14.0
2023-10-22 19:28:04.323,10503,191,4,100,False,0,car,0 days 00:01:42.617000,0 days 01:27:02.090000,5400.650277777773,14.0
2023-10-22 19:28:04.563,10872,197,5,100,False,0,car,0 days 00:01:42.857000,0 days 01:27:02.330000,5413.783611111106,14.0
2023-10-22 19:28:04.803,11267,203,5,100,False,0,car,0 days 00:01:43.097000,0 days 01:27:02.570000,5427.316944444439,14.0
2023-10-22 19:28:05.043,11611,209,5,100,False,0,car,0 days 00:00:00.003000,0 days 01:27:02.810000,0.17416666666666666,15.0
2023-10-22 19:28:05.283,11312,217,5,100,False,0,car,0 days 00:00:00.243000,0 days 01:27:03.050000,14.640833333333333,15.0
2023-10-22 19:28:05.603,10683,221,5,100,False,0,car,0 days 00:00:00.563000,0 days 01:27:03.370000,34.28527777777778,15.0
2023-10-22 19:28:05.883,11115,232,6,100,False,0,car,0 days 00:00:00.843000,0 days 01:27:03.650000,52.32972222222222,15.0
2023-10-22 19:28:06.163,11365,238,6,100,False,0,car,0 days 00:00:01.123000,0 days 01:27:03.930000,70.84083333333334,15.0
2023-10-22 19:28:06.442,11532,243,6,100,False,0,car,0 days 00:00:01.402000,0 days 01:27:04.209000,89.67333333333333,15.0
2023-10-22 19:28:06.802,10591,248,6,100,False,0,car,0 days 00:00:01.762000,0 days 01:27:04.569000,114.47333333333333,15.0
2023-10-22 19:28:07.043,10494,252,7,100,False,0,car,0 days 00:00:02.003000,0 days 01:27:04.810000,131.34333333333333,15.0
2023-10-22 19:28:07.323,10663,255,7,100,False,0,car,0 days 00:00:02.283000,0 days 01:27:05.090000,151.17666666666665,15.0
2023-10-22 19:28:07.603,10834,258,7,100,False,0,car,0 days 00:00:02.563000,0 days 01:27:05.370000,171.24333333333334,15.0
2023-10-22 19:28:07.923,10986,264,7,100,False,0,car,0 days 00:00:02.883000,0 days 01:27:05.690000,194.70999999999998,15.0
2023-10-22 19:28:08.203,11147,267,7,100,False,0,car,0 days 00:00:03.163000,0 days 01:27:05.970000,215.47666666666663,15.0
2023-10-22 19:28:08.403,11248,269,7,100,False,0,car,0 days 00:00:03.363000,0 days 01:27:06.170000,230.4211111111111,15.0
2023-10-22 19:28:08.563,11274,271,7,100,False,0,car,0 days 00:00:03.523000,0 days 01:27:06.330000,242.46555555555554,15.0
2023-10-22 19:28:08.843,11614,274,7,100,False,0,car,0 days 00:00:03.803000,0 days 01:27:06.610000,263.77666666666664,15.0
2023-10-22 19:28:09.203,11484,274,7,100,False,0,car,0 days 00:00:04.163000,0 days 01:27:06.970000,291.1766666666667,15.0
2023-10-22 19:28:09.483,11557,278,7,100,False,0,car,0 days 00:00:04.443000,0 days 01:27:07.250000,312.7988888888888,15.0
2023-10-22 19:28:09.723,10297,280,7,100,False,0,car,0 days 00:00:04.683000,0 days 01:27:07.490000,331.4655555555555,15.0
2023-10-22 19:28:10.043,10339,281,8,100,False,0,car,0 days 00:00:05.003000,0 days 01:27:07.810000,356.4433333333333,15.0
2023-10-22 19:28:10.283,10365,281,8,100,False,0,car,0 days 00:00:05.243000,0 days 01:27:08.050000,375.1766666666667,15.0
2023-10-22 19:28:10.683,10256,281,8,100,False,0,car,0 days 00:00:05.643000,0 days 01:27:08.450000,406.39888888888885,15.0
2023-10-22 19:28:11.123,10302,279,8,100,False,0,car,0 days 00:00:06.083000,0 days 01:27:08.890000,440.49888888888887,15.0
2023-10-22 19:28:11.363,10233,279,8,100,False,0,car,0 days 00:00:06.323000,0 days 01:27:09.130000,459.0988888888889,15.0
2023-10-22 19:28:11.723,10222,278,8,100,False,0,car,0 days 00:00:06.683000,0 days 01:27:09.490000,486.89888888888885,15.0
2023-10-22 19:28:11.923,9835,276,8,0,False,0,car,0 days 00:00:06.883000,0 days 01:27:09.690000,502.2322222222222,15.0
2023-10-22 19:28:12.123,9832,272,8,0,False,0,car,0 days 00:00:07.083000,0 days 01:27:09.890000,517.3433333333334,15.0
2023-10-22 19:28:12.323,9129,252,8,0,True,0,car,0 days 00:00:07.283000,0 days 01:27:10.090000,531.3433333333334,15.0
2023-10-22 19:28:12.763,8993,200,8,0,True,0,car,0 days 00:00:07.723000,0 days 01:27:10.530000,555.7877777777778,15.0
2023-10-22 19:28:13.002,8833,179,8,0,True,0,car,0 days 00:00:07.962000,0 days 01:27:10.769000,567.6713888888889,15.0
2023-10-22 19:28:13.282,8960,153,5,0,True,0,car,0 days 00:00:08.242000,0 days 01:27:11.049000,579.571388888889,15.0
2023-10-22 19:28:13.482,9558,136,5,0,True,0,car,0 days 00:00:08.442000,0 days 01:27:11.249000,587.1269444444446,15.0
2023-10-22 19:28:13.763,8388,122,4,0,True,0,car,0 days 00:00:08.723000,0 days 01:27:11.530000,596.6497222222224,15.0
2023-10-22 19:28:14.123,7413,106,3,0,True,0,car,0 days 00:00:09.083000,0 days 01:27:11.890000,607.2497222222224,15.0
2023-10-22 19:28:14.403,6797,101,3,0,True,0,car,0 days 00:00:09.363000,0 days 01:27:12.170000,615.1052777777779,15.0
2023-10-22 19:28:14.723,6345,91,3,0,True,0,car,0 days 00:00:09.683000,0 days 01:27:12.490000,623.1941666666668,15.0
2023-10-22 19:28:15.043,5963,85,3,0,True,0,car,0 days 00:00:10.003000,0 days 01:27:12.810000,630.7497222222223,15.0
2023-10-22 19:28:15.403,5729,81,3,0,False,0,car,0 days 00:00:10.363000,0 days 01:27:13.170000,638.8497222222223,15.0
2023-10-22 19:28:15.603,5706,79,3,0,False,0,car,0 days 00:00:10.563000,0 days 01:27:13.370000,643.2386111111113,15.0
2023-10-22 19:28:16.043,5610,78,3,19,False,0,car,0 days 00:00:11.003000,0 days 01:27:13.810000,652.7719444444446,15.0
2023-10-22 19:28:16.243,5936,80,3,30,False,0,car,0 days 00:00:11.203000,0 days 01:27:14.010000,657.216388888889,15.0
2023-10-22 19:28:16.443,6351,84,3,35,False,0,car,0 days 00:00:11.403000,0 days 01:27:14.210000,661.8830555555558,15.0
2023-10-22 19:28:16.603,6764,85,3,40,False,0,car,0 days 00:00:11.563000,0 days 01:27:14.370000,665.6608333333336,15.0
2023-10-22 19:28:16.763,7079,90,3,41,False,0,car,0 days 00:00:11.723000,0 days 01:27:14.530000,669.6608333333336,15.0
2023-10-22 19:28:17.043,7607,97,3,45,False,0,car,0 days 00:00:12.003000,0 days 01:27:14.810000,677.2052777777781,15.0
2023-10-22 19:28:17.403,8316,100,3,57,False,0,car,0 days 00:00:12.363000,0 days 01:27:15.170000,687.2052777777781,15.0
2023-10-22 19:28:17.683,9237,116,3,67,False,0,car,0 days 00:00:12.643000,0 days 01:27:15.450000,696.2275000000003,15.0
2023-10-22 19:28:17.963,10053,129,3,71,False,0,car,0 days 00:00:12.923000,0 days 01:27:15.730000,706.2608333333336,15.0
2023-10-22 19:28:18.243,10910,143,3,86,False,0,car,0 days 00:00:13.203000,0 days 01:27:16.010000,717.3830555555558,15.0
2023-10-22 19:28:18.403,11383,147,3,100,False,0,car,0 days 00:00:13.363000,0 days 01:27:16.170000,723.9163888888891,15.0
2023-10-22 19:28:18.723,10557,167,3,100,False,0,car,0 days 00:00:13.683000,0 days 01:27:16.490000,738.7608333333335,15.0
2023-10-22 19:28:19.003,11495,177,4,99,False,0,car,0 days 00:00:13.963000,0 days 01:27:16.770000,752.5275000000001,15.0
2023-10-22 19:28:19.243,10277,188,4,99,False,0,car,0 days 00:00:14.203000,0 days 01:27:17.010000,765.0608333333334,15.0
2023-10-22 19:28:19.403,10660,192,4,100,False,0,car,0 days 00:00:14.363000,0 days 01:27:17.170000,773.5941666666668,15.0
2023-10-22 19:28:19.762,11348,206,5,99,False,0,car,0 days 00:00:14.722000,0 days 01:27:17.529000,794.1369444444446,15.0
2023-10-22 19:28:19.962,11303,211,5,100,False,0,car,0 days 00:00:14.922000,0 days 01:27:17.729000,805.8591666666669,15.0
2023-10-22 19:28:20.363,10598,219,6,99,False,0,car,0 days 00:00:15.323000,0 days 01:27:18.130000,830.2533333333336,15.0
2023-10-22 19:28:20.803,11168,229,6,100,False,0,car,0 days 00:00:15.763000,0 days 01:27:18.570000,858.2422222222224,15.0
2023-10-22 19:28:21.043,11214,235,6,100,False,0,car,0 days 00:00:16.003000,0 days 01:27:18.810000,873.908888888889,15.0
2023-10-22 19:28:21.323,11371,241,6,99,False,0,car,0 days 00:00:16.283000,0 days 01:27:19.090000,892.6533333333335,15.0
2023-10-22 19:28:21.643,11617,245,6,100,False,0,car,0 days 00:00:16.603000,0 days 01:27:19.410000,914.4311111111114,15.0
2023-10-22 19:28:22.003,10652,249,6,100,False,0,car,0 days 00:00:16.963000,0 days 01:27:19.770000,939.3311111111113,15.0
2023-10-22 19:28:22.363,10666,255,7,100,False,0,car,0 days 00:00:17.323000,0 days 01:27:20.130000,964.8311111111113,15.0
2023-10-22 19:28:22.803,10789,260,7,100,False,0,car,0 days 00:00:17.763000,0 days 01:27:20.570000,996.6088888888892,15.0
2023-10-22 19:28:23.123,10978,264,7,99,False,0,car,0 days 00:00:18.083000,0 days 01:27:20.890000,1020.0755555555556,15.0
2023-10-22 19:28:23.443,11052,266,7,100,False,0,car,0 days 00:00:18.403000,0 days 01:27:21.210000,1043.72,15.0
2023-10-22 19:28:23.643,11065,268,7,100,False,0,car,0 days 00:00:18.603000,0 days 01:27:21.410000,1058.6088888888892,15.0
2023-10-22 19:28:24.003,11184,268,7,99,False,0,car,0 days 00:00:18.963000,0 days 01:27:21.770000,1085.4088888888891,15.0
2023-10-22 19:28:24.203,11177,270,7,99,False,0,car,0 days 00:00:19.163000,0 days 01:27:21.970000,1100.4088888888891,15.0
2023-10-22 19:28:24.483,11224,271,7,100,False,0,car,0 days 00:00:19.443000,0 days 01:27:22.250000,1121.486666666667,15.0
2023-10-22 19:28:24.683,11312,272,7,100,False,0,car,0 days 00:00:19.643000,0 days 01:27:22.450000,1136.597777777778,15.0
2023-10-22 19:28:25.043,11419,274,7,100,False,0,car,0 days 00:00:20.003000,0 days 01:27:22.810000,1163.9977777777779,15.0
2023-10-22 19:28:25.203,11198,270,7,99,False,0,car,0 days 00:00:20.163000,0 days 01:27:22.970000,1175.9977777777779,15.0
2023-10-22 19:28:25.363,11276,272,7,99,False,0,car,0 days 00:00:20.323000,0 days 01:27:23.130000,1188.0866666666668,15.0
2023-10-22 19:28:25.643,10832,270,7,13,True,0,car,0 days 00:00:20.603000,0 days 01:27:23.410000,1209.0866666666668,15.0
2023-10-22 19:28:25.923,10512,257,7,12,True,0,car,0 days 00:00:20.883000,0 days 01:27:23.690000,1229.0755555555556,15.0
2023-10-22 19:28:26.123,10258,250,7,23,False,0,car,0 days 00:00:21.083000,0 days 01:27:23.890000,1242.9644444444446,15.0
2023-10-22 19:28:26.283,10251,249,7,49,False,0,car,0 days 00:00:21.243000,0 days 01:27:24.050000,1254.0311111111112,15.0
2023-10-22 19:28:26.482,10176,244,7,68,False,0,car,0 days 00:00:21.442000,0 days 01:27:24.249000,1267.518888888889,15.0
2023-10-22 19:28:26.682,9996,244,7,5,False,0,car,0 days 00:00:21.642000,0 days 01:27:24.449000,1281.0744444444445,15.0
2023-10-22 19:28:27.043,10855,235,7,0,True,0,car,0 days 00:00:22.003000,0 days 01:27:24.810000,1304.6397222222222,15.0
2023-10-22 19:28:27.283,10595,228,6,23,False,0,car,0 days 00:00:22.243000,0 days 01:27:25.050000,1319.839722222222,15.0
2023-10-22 19:28:27.563,10409,221,6,32,False,0,car,0 days 00:00:22.523000,0 days 01:27:25.330000,1337.0286111111109,15.0
2023-10-22 19:28:27.763,10297,218,6,53,False,0,car,0 days 00:00:22.723000,0 days 01:27:25.530000,1349.139722222222,15.0
2023-10-22 19:28:28.043,10844,220,6,78,False,0,car,0 days 00:00:23.003000,0 days 01:27:25.810000,1366.250833333333,15.0
2023-10-22 19:28:28.203,10701,221,6,87,False,0,car,0 days 00:00:23.163000,0 days 01:27:25.970000,1376.0730555555554,15.0
2023-10-22 19:28:28.563,10595,230,6,47,False,0,car,0 days 00:00:23.523000,0 days 01:27:26.330000,1399.0730555555554,15.0
2023-10-22 19:28:28.723,10639,227,6,22,True,0,car,0 days 00:00:23.683000,0 days 01:27:26.490000,1409.1619444444443,15.0
2023-10-22 19:28:28.963,10336,222,6,18,False,0,car,0 days 00:00:23.923000,0 days 01:27:26.730000,1423.9619444444443,15.0
2023-10-22 19:28:29.283,10091,214,6,0,True,0,car,0 days 00:00:24.243000,0 days 01:27:27.050000,1442.9841666666666,15.0
2023-10-22 19:28:29.483,10928,206,6,0,True,0,car,0 days 00:00:24.443000,0 days 01:27:27.250000,1454.4286111111112,15.0
2023-10-22 19:28:29.763,10928,198,5,0,True,0,car,0 days 00:00:24.723000,0 days 01:27:27.530000,1469.828611111111,15.0
2023-10-22 19:28:29.923,10296,193,5,0,False,0,car,0 days 00:00:24.883000,0 days 01:27:27.690000,1478.4063888888888,15.0
2023-10-22 19:28:30.203,9890,190,5,7,False,0,car,0 days 00:00:25.163000,0 days 01:27:27.970000,1493.1841666666667,15.0
2023-10-22 19:28:30.443,9840,183,5,37,False,0,car,0 days 00:00:25.403000,0 days 01:27:28.210000,1505.3841666666665,15.0
2023-10-22 19:28:30.803,10162,184,5,69,False,0,car,0 days 00:00:25.763000,0 days 01:27:28.570000,1523.7841666666666,15.0
2023-10-22 19:28:31.203,10423,190,5,74,False,0,car,0 days 00:00:26.163000,0 days 01:27:28.970000,1544.8952777777777,15.0
2023-10-22 19:28:31.403,10572,194,5,80,False,0,car,0 days 00:00:26.363000,0 days 01:27:29.170000,1555.6730555555555,15.0
2023-10-22 19:28:31.603,10901,197,5,100,False,0,car,0 days 00:00:26.563000,0 days 01:27:29.370000,1566.6174999999998,15.0
2023-10-22 19:28:31.923,11142,204,5,100,False,0,car,0 days 00:00:26.883000,0 days 01:27:29.690000,1584.7508333333333,15.0
2023-10-22 19:28:32.123,11272,205,5,100,False,0,car,0 days 00:00:27.083000,0 days 01:27:29.890000,1596.1397222222222,15.0
2023-10-22 19:28:32.403,10364,210,5,100,False,0,car,0 days 00:00:27.363000,0 days 01:27:30.170000,1612.4730555555557,15.0
2023-10-22 19:28:32.803,10124,215,6,98,True,0,car,0 days 00:00:27.763000,0 days 01:27:30.570000,1636.3619444444446,15.0
2023-10-22 19:28:33.043,10263,205,6,0,True,0,car,0 days 00:00:28.003000,0 days 01:27:30.810000,1650.028611111111,15.0
2023-10-22 19:28:33.282,10411,197,5,1,True,0,car,0 days 00:00:28.242000,0 days 01:27:31.049000,1663.1072222222222,15.0
2023-10-22 19:28:33.483,9875,190,5,0,True,0,car,0 days 00:00:28.443000,0 days 01:27:31.250000,1673.7155555555555,15.0
2023-10-22 19:28:33.723,9597,181,5,1,False,0,car,0 days 00:00:28.683000,0 days 01:27:31.490000,1685.7822222222221,15.0
2023-10-22 19:28:34.043,9262,175,5,35,False,0,car,0 days 00:00:29.003000,0 days 01:27:31.810000,1701.3377777777778,15.0
2023-10-22 19:28:34.203,9588,175,5,54,False,0,car,0 days 00:00:29.163000,0 days 01:27:31.970000,1709.1155555555556,15.0
2023-10-22 19:28:34.363,9731,175,5,59,False,0,car,0 days 00:00:29.323000,0 days 01:27:32.130000,1716.8933333333334,15.0
2023-10-22 19:28:34.563,9987,178,5,73,False,0,car,0 days 00:00:29.523000,0 days 01:27:32.330000,1726.7822222222223,15.0
2023-10-22 19:28:34.883,10469,185,5,83,False,0,car,0 days 00:00:29.843000,0 days 01:27:32.650000,1743.226666666667,15.0
2023-10-22 19:28:35.323,10784,198,5,81,False,0,car,0 days 00:00:30.283000,0 days 01:27:33.090000,1767.426666666667,15.0
2023-10-22 19:28:35.603,10539,190,5,0,True,0,car,0 days 00:00:30.563000,0 days 01:27:33.370000,1782.2044444444446,15.0
2023-10-22 19:28:35.843,10448,171,5,0,True,0,car,0 days 00:00:30.803000,0 days 01:27:33.610000,1793.6044444444447,15.0
2023-10-22 19:28:36.043,9741,161,4,0,True,0,car,0 days 00:00:31.003000,0 days 01:27:33.810000,1802.548888888889,15.0
2023-10-22 19:28:36.243,9464,154,4,0,True,0,car,0 days 00:00:31.203000,0 days 01:27:34.010000,1811.1044444444444,15.0
2023-10-22 19:28:36.563,9185,144,4,0,True,0,car,0 days 00:00:31.523000,0 days 01:27:34.330000,1823.9044444444444,15.0
2023-10-22 19:28:36.803,8442,139,4,0,True,0,car,0 days 00:00:31.763000,0 days 01:27:34.570000,1833.171111111111,15.0
2023-10-22 19:28:37.163,8029,131,4,0,False,0,car,0 days 00:00:32.123000,0 days 01:27:34.930000,1846.271111111111,15.0
2023-10-22 19:28:37.443,7666,126,4,1,False,0,car,0 days 00:00:32.403000,0 days 01:27:35.210000,1856.071111111111,15.0
2023-10-22 19:28:37.683,7859,125,4,36,False,0,car,0 days 00:00:32.643000,0 days 01:27:35.450000,1864.4044444444444,15.0
2023-10-22 19:28:37.923,8025,124,4,43,False,0,car,0 days 00:00:32.883000,0 days 01:27:35.690000,1872.671111111111,15.0
2023-10-22 19:28:38.203,8144,126,4,45,False,0,car,0 days 00:00:33.163000,0 days 01:27:35.970000,1882.4711111111108,15.0
2023-10-22 19:28:38.483,8536,130,4,63,False,0,car,0 days 00:00:33.443000,0 days 01:27:36.250000,1892.5822222222218,15.0
2023-10-22 19:28:38.803,9141,139,4,78,False,0,car,0 days 00:00:33.763000,0 days 01:27:36.570000,1904.9377777777775,15.0
2023-10-22 19:28:38.963,9519,147,4,84,False,0,car,0 days 00:00:33.923000,0 days 01:27:36.730000,1911.471111111111,15.0
2023-10-22 19:28:39.283,9937,157,4,51,False,0,car,0 days 00:00:34.243000,0 days 01:27:37.050000,1925.4266666666665,15.0
2023-10-22 19:28:39.523,9779,158,4,37,False,0,car,0 days 00:00:34.483000,0 days 01:27:37.290000,1935.9599999999996,15.0
2023-10-22 19:28:39.763,9704,157,4,39,False,0,car,0 days 00:00:34.723000,0 days 01:27:37.530000,1946.4266666666663,15.0
2023-10-22 19:28:39.923,10107,156,4,50,False,0,car,0 days 00:00:34.883000,0 days 01:27:37.690000,1953.3599999999997,15.0
2023-10-22 19:28:40.203,10539,160,4,72,False,0,car,0 days 00:00:35.163000,0 days 01:27:37.970000,1965.8044444444438,15.0
2023-10-22 19:28:40.683,11495,175,4,100,False,0,car,0 days 00:00:35.643000,0 days 01:27:38.450000,1989.1377777777773,15.0
2023-10-22 19:28:40.843,11518,178,4,100,False,0,car,0 days 00:00:35.803000,0 days 01:27:38.610000,1997.0488888888883,15.0
2023-10-22 19:28:41.043,11378,185,4,100,False,0,car,0 days 00:00:36.003000,0 days 01:27:38.810000,2007.3266666666661,15.0
2023-10-22 19:28:41.483,10359,194,5,100,False,0,car,0 days 00:00:36.443000,0 days 01:27:39.250000,2031.0377777777771,15.0
2023-10-22 19:28:41.923,11448,213,5,100,False,0,car,0 days 00:00:36.883000,0 days 01:27:39.690000,2057.071111111111,15.0
2023-10-22 19:28:42.083,11308,216,5,100,False,0,car,0 days 00:00:37.043000,0 days 01:27:39.850000,2066.671111111111,15.0
2023-10-22 19:28:42.443,11045,226,6,100,False,0,car,0 days 00:00:37.403000,0 days 01:27:40.210000,2089.2711111111107,15.0
2023-10-22 19:28:42.723,11035,233,6,100,False,0,car,0 days 00:00:37.683000,0 days 01:27:40.490000,2107.393333333333,15.0
2023-10-22 19:28:42.923,11107,237,6,99,False,0,car,0 days 00:00:37.883000,0 days 01:27:40.690000,2120.56,15.0
2023-10-22 19:28:43.243,12240,242,6,99,False,0,car,0 days 00:00:38.203000,0 days 01:27:41.010000,2142.071111111111,15.0
2023-10-22 19:28:43.563,11703,246,6,100,False,0,car,0 days 00:00:38.523000,0 days 01:27:41.330000,2163.9377777777777,15.0
2023-10-22 19:28:43.763,11810,250,6,100,False,0,car,0 days 00:00:38.723000,0 days 01:27:41.530000,2177.8266666666664,15.0
2023-10-22 19:28:43.963,10498,253,6,100,False,0,car,0 days 00:00:38.923000,0 days 01:27:41.730000,2191.882222222222,15.0
2023-10-22 19:28:44.323,10711,259,7,100,False,0,car,0 days 00:00:39.283000,0 days 01:27:42.090000,2217.782222222222,15.0
2023-10-22 19:28:44.483,10711,260,7,100,False,0,car,0 days 00:00:39.443000,0 days 01:27:42.250000,2229.3377777777773,15.0
2023-10-22 19:28:44.683,10965,263,7,100,False,0,car,0 days 00:00:39.643000,0 days 01:27:42.450000,2243.9488888888886,15.0
2023-10-22 19:28:44.963,11047,266,7,100,False,0,car,0 days 00:00:39.923000,0 days 01:27:42.730000,2264.6377777777775,15.0
2023-10-22 19:28:45.363,11299,271,7,100,False,0,car,0 days 00:00:40.323000,0 days 01:27:43.130000,2294.7488888888884,15.0
2023-10-22 19:28:45.683,11475,275,7,100,False,0,car,0 days 00:00:40.643000,0 days 01:27:43.450000,2319.1933333333327,15.0
2023-10-22 19:28:45.923,11055,278,7,100,False,0,car,0 days 00:00:40.883000,0 days 01:27:43.690000,2337.726666666666,15.0
2023-10-22 19:28:46.243,10306,280,7,100,False,0,car,0 days 00:00:41.203000,0 days 01:27:44.010000,2362.6155555555547,15.0
2023-10-22 19:28:46.524,9913,279,8,0,False,0,car,0 days 00:00:41.484000,0 days 01:27:44.291000,2384.3930555555544,15.0
2023-10-22 19:28:46.803,9817,273,8,0,True,0,car,0 days 00:00:41.763000,0 days 01:27:44.570000,2405.550555555554,15.0
2023-10-22 19:28:47.203,9617,232,8,0,True,0,car,0 days 00:00:42.163000,0 days 01:27:44.970000,2431.328333333332,15.0
2023-10-22 19:28:47.363,9763,210,7,0,True,0,car,0 days 00:00:42.323000,0 days 01:27:45.130000,2440.6616666666655,15.0
2023-10-22 19:28:47.563,9968,188,7,0,True,0,car,0 days 00:00:42.523000,0 days 01:27:45.330000,2451.1061111111103,15.0
2023-10-22 19:28:47.883,9057,169,5,0,True,0,car,0 days 00:00:42.843000,0 days 01:27:45.650000,2466.1283333333326,15.0
2023-10-22 19:28:48.083,9843,152,5,0,True,0,car,0 days 00:00:43.043000,0 days 01:27:45.850000,2474.572777777777,15.0
2023-10-22 19:28:48.243,9501,141,5,0,True,0,car,0 days 00:00:43.203000,0 days 01:27:46.010000,2480.839444444444,15.0
2023-10-22 19:28:48.443,9501,128,4,0,True,0,car,0 days 00:00:43.403000,0 days 01:27:46.210000,2487.9505555555547,15.0
2023-10-22 19:28:48.643,8241,116,3,0,True,0,car,0 days 00:00:43.603000,0 days 01:27:46.410000,2494.394999999999,15.0
2023-10-22 19:28:48.883,7236,106,3,0,True,0,car,0 days 00:00:43.843000,0 days 01:27:46.650000,2501.4616666666657,15.0
2023-10-22 19:28:49.323,6065,94,3,0,True,0,car,0 days 00:00:44.283000,0 days 01:27:47.090000,2512.9505555555547,15.0
2023-10-22 19:28:49.723,5388,77,3,0,True,0,car,0 days 00:00:44.683000,0 days 01:27:47.490000,2521.5061111111104,15.0
2023-10-22 19:28:49.923,4999,73,3,0,True,0,car,0 days 00:00:44.883000,0 days 01:27:47.690000,2525.561666666666,15.0
2023-10-22 19:28:50.123,4924,71,3,0,False,0,car,0 days 00:00:45.083000,0 days 01:27:47.890000,2529.5061111111104,15.0
2023-10-22 19:28:50.323,4757,69,3,0,False,0,car,0 days 00:00:45.283000,0 days 01:27:48.090000,2533.339444444444,15.0
2023-10-22 19:28:50.483,4654,69,3,0,False,0,car,0 days 00:00:45.443000,0 days 01:27:48.250000,2536.4061111111105,15.0
2023-10-22 19:28:50.683,4779,67,3,7,False,0,car,0 days 00:00:45.643000,0 days 01:27:48.450000,2540.1283333333326,15.0
2023-10-22 19:28:50.883,4796,65,3,10,False,0,car,0 days 00:00:45.843000,0 days 01:27:48.650000,2543.739444444444,15.0
2023-10-22 19:28:51.163,5409,69,3,10,False,0,car,0 days 00:00:46.123000,0 days 01:27:48.930000,2549.1061111111103,15.0
2023-10-22 19:28:51.523,5389,72,3,21,False,0,car,0 days 00:00:46.483000,0 days 01:27:49.290000,2556.30611111111,15.0
2023-10-22 19:28:51.683,5867,75,3,35,False,0,car,0 days 00:00:46.643000,0 days 01:27:49.450000,2559.6394444444436,15.0
2023-10-22 19:28:52.003,6356,82,3,37,False,0,car,0 days 00:00:46.963000,0 days 01:27:49.770000,2566.9283333333324,15.0
2023-10-22 19:28:52.283,7163,86,3,46,False,0,car,0 days 00:00:47.243000,0 days 01:27:50.050000,2573.6172222222212,15.0
2023-10-22 19:28:52.563,7921,97,3,49,False,0,car,0 days 00:00:47.523000,0 days 01:27:50.330000,2581.1616666666655,15.0
2023-10-22 19:28:52.843,7879,105,3,50,False,0,car,0 days 00:00:47.803000,0 days 01:27:50.610000,2589.328333333332,15.0
2023-10-22 19:28:53.204,9119,116,3,72,False,0,car,0 days 00:00:48.164000,0 days 01:27:50.971000,2600.9605555555545,15.0
2023-10-22 19:28:53.523,10139,135,3,91,False,0,car,0 days 00:00:48.483000,0 days 01:27:51.290000,2612.923055555554,15.0
2023-10-22 19:28:53.723,10877,146,3,100,False,0,car,0 days 00:00:48.683000,0 days 01:27:51.490000,2621.0341666666654,15.0
2023-10-22 19:28:54.083,10391,160,3,100,False,0,car,0 days 00:00:49.043000,0 days 01:27:51.850000,2637.0341666666654,15.0
2023-10-22 19:28:54.403,11304,173,4,100,False,0,car,0 days 00:00:49.363000,0 days 01:27:52.170000,2652.411944444443,15.0
2023-10-22 19:28:54.563,11349,181,4,100,False,0,car,0 days 00:00:49.523000,0 days 01:27:52.330000,2660.456388888888,15.0
2023-10-22 19:28:54.723,10409,189,4,100,False,0,car,0 days 00:00:49.683000,0 days 01:27:52.490000,2668.8563888888875,15.0
2023-10-22 19:28:55.083,10831,199,5,100,False,0,car,0 days 00:00:50.043000,0 days 01:27:52.850000,2688.7563888888876,15.0
2023-10-22 19:28:55.283,11209,206,5,100,False,0,car,0 days 00:00:50.243000,0 days 01:27:53.050000,2700.2008333333324,15.0
2023-10-22 19:28:55.483,11547,212,5,100,False,0,car,0 days 00:00:50.443000,0 days 01:27:53.250000,2711.97861111111,15.0
2023-10-22 19:28:55.643,10987,217,5,100,False,0,car,0 days 00:00:50.603000,0 days 01:27:53.410000,2721.6230555555544,15.0
2023-10-22 19:28:55.803,10548,220,6,100,False,0,car,0 days 00:00:50.763000,0 days 01:27:53.570000,2731.400833333332,15.0
2023-10-22 19:28:56.003,10848,225,6,100,False,0,car,0 days 00:00:50.963000,0 days 01:27:53.770000,2743.900833333332,15.0
2023-10-22 19:28:56.323,11115,235,6,100,False,0,car,0 days 00:00:51.283000,0 days 01:27:54.090000,2764.7897222222205,15.0
2023-10-22 19:28:56.483,11277,237,6,100,False,0,car,0 days 00:00:51.443000,0 days 01:27:54.250000,2775.3230555555538,15.0
2023-10-22 19:28:56.803,11489,243,6,100,False,0,car,0 days 00:00:51.763000,0 days 01:27:54.570000,2796.9230555555537,15.0
2023-10-22 19:28:57.003,11601,246,6,100,False,0,car,0 days 00:00:51.963000,0 days 01:27:54.770000,2810.5897222222206,15.0
2023-10-22 19:28:57.243,10426,251,7,100,False,0,car,0 days 00:00:52.203000,0 days 01:27:55.010000,2827.323055555554,15.0
2023-10-22 19:28:57.403,10551,253,7,100,False,0,car,0 days 00:00:52.363000,0 days 01:27:55.170000,2838.5674999999983,15.0
2023-10-22 19:28:57.683,10693,257,7,100,False,0,car,0 days 00:00:52.643000,0 days 01:27:55.450000,2858.5563888888873,15.0
2023-10-22 19:28:58.003,10875,261,7,100,False,0,car,0 days 00:00:52.963000,0 days 01:27:55.770000,2881.756388888887,15.0
2023-10-22 19:28:58.323,11197,265,7,100,False,0,car,0 days 00:00:53.283000,0 days 01:27:56.090000,2905.311944444443,15.0
2023-10-22 19:28:58.523,11132,268,7,100,False,0,car,0 days 00:00:53.483000,0 days 01:27:56.290000,2920.2008333333315,15.0
2023-10-22 19:28:58.923,11306,272,7,100,False,0,car,0 days 00:00:53.883000,0 days 01:27:56.690000,2950.423055555554,15.0
2023-10-22 19:28:59.203,11570,274,7,100,False,0,car,0 days 00:00:54.163000,0 days 01:27:56.970000,2971.734166666665,15.0
2023-10-22 19:28:59.403,11479,276,7,100,False,0,car,0 days 00:00:54.363000,0 days 01:27:57.170000,2987.0674999999983,15.0
2023-10-22 19:28:59.644,11583,278,7,100,False,0,car,0 days 00:00:54.604000,0 days 01:27:57.411000,3005.678055555554,15.0
2023-10-22 19:29:00.004,10305,279,7,100,False,0,car,0 days 00:00:54.964000,0 days 01:27:57.771000,3033.578055555554,15.0
2023-10-22 19:29:00.163,10397,281,8,100,False,0,car,0 days 00:00:55.123000,0 days 01:27:57.930000,3045.9888888888872,15.0
2023-10-22 19:29:00.643,10449,284,8,100,False,0,car,0 days 00:00:55.603000,0 days 01:27:58.410000,3083.855555555554,15.0
2023-10-22 19:29:00.963,10543,286,8,100,False,0,car,0 days 00:00:55.923000,0 days 01:27:58.730000,3109.2777777777765,15.0
2023-10-22 19:29:01.203,10615,287,8,100,False,0,car,0 days 00:00:56.163000,0 days 01:27:58.970000,3128.411111111109,15.0
2023-10-22 19:29:01.443,10617,289,8,100,False,0,car,0 days 00:00:56.403000,0 days 01:27:59.210000,3147.677777777776,15.0
2023-10-22 19:29:01.763,10700,290,8,100,False,0,car,0 days 00:00:56.723000,0 days 01:27:59.530000,3173.455555555554,15.0
2023-10-22 19:29:01.963,10748,291,8,100,False,0,car,0 days 00:00:56.923000,0 days 01:27:59.730000,3189.622222222221,15.0
2023-10-22 19:29:02.203,10766,292,8,100,False,0,car,0 days 00:00:57.163000,0 days 01:27:59.970000,3209.088888888887,15.0
2023-10-22 19:29:02.443,10791,293,8,100,False,0,car,0 days 00:00:57.403000,0 days 01:28:00.210000,3228.6222222222204,15.0
2023-10-22 19:29:02.683,10873,294,8,100,False,0,car,0 days 00:00:57.643000,0 days 01:28:00.450000,3248.222222222221,15.0
2023-10-22 19:29:03.123,10879,296,8,100,False,0,car,0 days 00:00:58.083000,0 days 01:28:00.890000,3284.3999999999983,15.0
2023-10-22 19:29:03.283,10904,296,8,100,False,0,car,0 days 00:00:58.243000,0 days 01:28:01.050000,3297.5555555555543,15.0
2023-10-22 19:29:03.603,10931,297,8,100,False,0,car,0 days 00:00:58.563000,0 days 01:28:01.370000,3323.9555555555544,15.0
2023-10-22 19:29:03.803,10933,297,8,100,False,0,car,0 days 00:00:58.763000,0 days 01:28:01.570000,3340.455555555554,15.0
2023-10-22 19:29:04.003,10937,298,8,100,False,0,car,0 days 00:00:58.963000,0 days 01:28:01.770000,3357.0111111111096,15.0
2023-10-22 19:29:04.163,10930,298,8,100,False,0,car,0 days 00:00:59.123000,0 days 01:28:01.930000,3370.2555555555537,15.0
2023-10-22 19:29:04.483,10922,297,8,100,False,0,car,0 days 00:00:59.443000,0 days 01:28:02.250000,3396.6555555555537,15.0
2023-10-22 19:29:04.803,10954,297,8,100,False,0,car,0 days 00:00:59.763000,0 days 01:28:02.570000,3423.055555555554,15.0
2023-10-22 19:29:05.083,10974,297,8,99,False,0,car,0 days 00:01:00.043000,0 days 01:28:02.850000,3446.1555555555537,15.0
2023-10-22 19:29:05.563,10976,299,8,100,False,0,car,0 days 00:01:00.523000,0 days 01:28:03.330000,3486.0222222222205,15.0
2023-10-22 19:29:05.963,11010,298,8,100,False,0,car,0 days 00:01:00.923000,0 days 01:28:03.730000,3519.1333333333314,15.0
2023-10-22 19:29:06.404,10893,297,8,99,False,0,car,0 days 00:01:01.364000,0 days 01:28:04.171000,3555.515833333331,15.0
2023-10-22 19:29:06.803,10733,295,8,0,False,0,car,0 days 00:01:01.763000,0 days 01:28:04.570000,3588.2116666666643,15.0
2023-10-22 19:29:07.083,9852,279,8,0,True,0,car,0 days 00:01:02.043000,0 days 01:28:04.850000,3609.9116666666646,15.0
2023-10-22 19:29:07.323,9604,242,8,0,True,0,car,0 days 00:01:02.283000,0 days 01:28:05.090000,3626.0449999999983,15.0
2023-10-22 19:29:07.603,9203,220,8,0,True,0,car,0 days 00:01:02.563000,0 days 01:28:05.370000,3643.1561111111096,15.0
2023-10-22 19:29:07.843,9697,186,7,0,True,0,car,0 days 00:01:02.803000,0 days 01:28:05.610000,3655.556111111109,15.0
2023-10-22 19:29:08.043,9721,168,6,0,True,0,car,0 days 00:01:03.003000,0 days 01:28:05.810000,3664.8894444444427,15.0
2023-10-22 19:29:08.283,9341,151,4,0,True,0,car,0 days 00:01:03.243000,0 days 01:28:06.050000,3674.9561111111093,15.0
2023-10-22 19:29:08.603,9069,131,3,0,True,0,car,0 days 00:01:03.563000,0 days 01:28:06.370000,3686.600555555554,15.0
2023-10-22 19:29:08.923,7827,112,3,0,True,0,car,0 days 00:01:03.883000,0 days 01:28:06.690000,3696.5561111111097,15.0
2023-10-22 19:29:09.883,6150,90,3,0,True,0,car,0 days 00:01:04.843000,0 days 01:28:07.650000,3720.5561111111097,15.0
2023-10-22 19:29:10.043,6108,87,3,0,False,0,car,0 days 00:01:05.003000,0 days 01:28:07.810000,3724.4227777777764,15.0
2023-10-22 19:29:10.203,5868,86,3,0,False,0,car,0 days 00:01:05.163000,0 days 01:28:07.970000,3728.2449999999985,15.0
2023-10-22 19:29:10.443,5819,84,3,5,False,0,car,0 days 00:01:05.403000,0 days 01:28:08.210000,3733.844999999999,15.0
2023-10-22 19:29:10.603,6151,81,3,23,False,0,car,0 days 00:01:05.563000,0 days 01:28:08.370000,3737.444999999999,15.0
2023-10-22 19:29:10.963,6573,85,3,39,False,0,car,0 days 00:01:05.923000,0 days 01:28:08.730000,3745.944999999999,15.0
2023-10-22 19:29:11.323,7327,95,3,48,False,0,car,0 days 00:01:06.283000,0 days 01:28:09.090000,3755.444999999999,15.0
2023-10-22 19:29:11.483,7524,98,3,56,False,0,car,0 days 00:01:06.443000,0 days 01:28:09.250000,3759.800555555554,15.0
2023-10-22 19:29:11.723,8361,109,3,63,False,0,car,0 days 00:01:06.683000,0 days 01:28:09.490000,3767.067222222221,15.0
2023-10-22 19:29:11.923,8781,117,3,69,False,0,car,0 days 00:01:06.883000,0 days 01:28:09.690000,3773.5672222222206,15.0
2023-10-22 19:29:12.163,9676,122,3,76,False,0,car,0 days 00:01:07.123000,0 days 01:28:09.930000,3781.7005555555543,15.0
2023-10-22 19:29:12.643,11245,147,3,100,False,0,car,0 days 00:01:07.603000,0 days 01:28:10.410000,3801.3005555555537,15.0
2023-10-22 19:29:12.964,10935,161,3,100,False,0,car,0 days 00:01:07.924000,0 days 01:28:10.731000,3815.6563888888877,15.0
2023-10-22 19:29:13.444,10568,180,4,99,False,0,car,0 days 00:01:08.404000,0 days 01:28:11.211000,3839.6563888888872,15.0
2023-10-22 19:29:13.643,9879,185,5,99,False,0,car,0 days 00:01:08.603000,0 days 01:28:11.410000,3849.882777777776,15.0
2023-10-22 19:29:13.843,10155,190,5,100,False,0,car,0 days 00:01:08.803000,0 days 01:28:11.610000,3860.4383333333317,15.0
2023-10-22 19:29:14.203,10095,185,5,0,True,0,car,0 days 00:01:09.163000,0 days 01:28:11.970000,3878.9383333333317,15.0
2023-10-22 19:29:14.443,10090,166,5,0,True,0,car,0 days 00:01:09.403000,0 days 01:28:12.210000,3890.0049999999987,15.0
2023-10-22 19:29:14.803,9929,147,3,0,True,0,car,0 days 00:01:09.763000,0 days 01:28:12.570000,3904.7049999999986,15.0
2023-10-22 19:29:14.963,9494,135,3,0,True,0,car,0 days 00:01:09.923000,0 days 01:28:12.730000,3910.7049999999986,15.0
2023-10-22 19:29:15.243,8652,124,3,0,True,0,car,0 days 00:01:10.203000,0 days 01:28:13.010000,3920.349444444443,15.0
2023-10-22 19:29:15.443,8242,120,3,0,True,0,car,0 days 00:01:10.403000,0 days 01:28:13.210000,3927.01611111111,15.0
2023-10-22 19:29:15.683,7833,111,3,0,True,0,car,0 days 00:01:10.643000,0 days 01:28:13.450000,3934.41611111111,15.0
2023-10-22 19:29:16.043,7216,105,3,0,True,0,car,0 days 00:01:11.003000,0 days 01:28:13.810000,3944.91611111111,15.0
2023-10-22 19:29:16.323,6849,97,3,0,True,0,car,0 days 00:01:11.283000,0 days 01:28:14.090000,3952.460555555554,15.0
2023-10-22 19:29:16.683,6492,93,3,0,False,0,car,0 days 00:01:11.643000,0 days 01:28:14.450000,3961.760555555554,15.0
2023-10-22 19:29:17.043,6658,88,3,20,False,0,car,0 days 00:01:12.003000,0 days 01:28:14.810000,3970.5605555555544,15.0
2023-10-22 19:29:17.323,6956,92,3,34,False,0,car,0 days 00:01:12.283000,0 days 01:28:15.090000,3977.71611111111,15.0
2023-10-22 19:29:17.483,7041,92,3,40,False,0,car,0 days 00:01:12.443000,0 days 01:28:15.250000,3981.804999999999,15.0
2023-10-22 19:29:17.803,7663,98,3,44,False,0,car,0 days 00:01:12.763000,0 days 01:28:15.570000,3990.51611111111,15.0
2023-10-22 19:29:18.123,7995,108,3,48,False,0,car,0 days 00:01:13.083000,0 days 01:28:15.890000,4000.11611111111,15.0
2023-10-22 19:29:18.603,8913,118,3,57,False,0,car,0 days 00:01:13.563000,0 days 01:28:16.370000,4015.8494444444436,15.0
2023-10-22 19:29:18.883,9958,126,3,65,False,0,car,0 days 00:01:13.843000,0 days 01:28:16.650000,4025.649444444444,15.0
2023-10-22 19:29:19.203,10707,136,3,74,False,0,car,0 days 00:01:14.163000,0 days 01:28:16.970000,4037.7383333333323,15.0
2023-10-22 19:29:19.364,10745,143,3,75,False,0,car,0 days 00:01:14.324000,0 days 01:28:17.131000,4044.13361111111,15.0
2023-10-22 19:29:19.724,11527,159,3,99,False,0,car,0 days 00:01:14.684000,0 days 01:28:17.491000,4060.03361111111,15.0
2023-10-22 19:29:19.884,10687,162,4,100,False,0,car,0 days 00:01:14.844000,0 days 01:28:17.651000,4067.23361111111,15.0
2023-10-22 19:29:20.124,10812,171,4,100,False,0,car,0 days 00:01:15.084000,0 days 01:28:17.891000,4078.6336111111104,15.0
2023-10-22 19:29:20.403,11092,176,4,100,False,0,car,0 days 00:01:15.363000,0 days 01:28:18.170000,4092.2736111111103,15.0
2023-10-22 19:29:20.603,10443,182,4,100,False,0,car,0 days 00:01:15.563000,0 days 01:28:18.370000,4102.384722222221,15.0
2023-10-22 19:29:21.003,9831,193,5,0,True,0,car,0 days 00:01:15.963000,0 days 01:28:18.770000,4123.8291666666655,15.0
2023-10-22 19:29:21.483,9965,167,5,0,True,0,car,0 days 00:01:16.443000,0 days 01:28:19.250000,4146.095833333332,15.0
2023-10-22 19:29:21.763,10093,150,4,0,True,0,car,0 days 00:01:16.723000,0 days 01:28:19.530000,4157.762499999999,15.0
2023-10-22 19:29:21.963,9959,141,4,0,True,0,car,0 days 00:01:16.923000,0 days 01:28:19.730000,4165.595833333332,15.0
2023-10-22 19:29:22.163,9422,133,3,0,True,0,car,0 days 00:01:17.123000,0 days 01:28:19.930000,4172.984722222221,15.0
2023-10-22 19:29:22.363,8761,124,3,0,True,0,car,0 days 00:01:17.323000,0 days 01:28:20.130000,4179.873611111109,15.0
2023-10-22 19:29:22.723,7829,111,3,0,True,0,car,0 days 00:01:17.683000,0 days 01:28:20.490000,4190.97361111111,15.0
2023-10-22 19:29:23.003,7176,105,3,0,True,0,car,0 days 00:01:17.963000,0 days 01:28:20.770000,4199.140277777776,15.0
2023-10-22 19:29:23.163,7003,101,3,0,True,0,car,0 days 00:01:18.123000,0 days 01:28:20.930000,4203.629166666665,15.0
2023-10-22 19:29:23.403,6803,98,3,0,True,0,car,0 days 00:01:18.363000,0 days 01:28:21.170000,4210.162499999998,15.0
2023-10-22 19:29:23.683,6228,90,3,0,True,0,car,0 days 00:01:18.643000,0 days 01:28:21.450000,4217.162499999998,15.0
2023-10-22 19:29:23.923,6047,85,3,0,False,0,car,0 days 00:01:18.883000,0 days 01:28:21.690000,4222.829166666665,15.0
2023-10-22 19:29:24.163,5781,84,3,0,False,0,car,0 days 00:01:19.123000,0 days 01:28:21.930000,4228.429166666665,15.0
2023-10-22 19:29:24.603,5787,79,3,10,False,0,car,0 days 00:01:19.563000,0 days 01:28:22.370000,4238.08472222222,15.0
2023-10-22 19:29:24.963,5872,78,3,13,False,0,car,0 days 00:01:19.923000,0 days 01:28:22.730000,4245.88472222222,15.0
2023-10-22 19:29:25.363,6457,85,3,39,False,0,car,0 days 00:01:20.323000,0 days 01:28:23.130000,4255.329166666665,15.0
2023-10-22 19:29:25.683,7193,92,3,47,False,0,car,0 days 00:01:20.643000,0 days 01:28:23.450000,4263.5069444444425,15.0
2023-10-22 19:29:25.923,7826,100,3,51,False,0,car,0 days 00:01:20.883000,0 days 01:28:23.690000,4270.1736111111095,15.0
2023-10-22 19:29:26.244,8227,109,3,62,False,0,car,0 days 00:01:21.204000,0 days 01:28:24.011000,4279.892777777776,15.0
2023-10-22 19:29:26.444,8789,117,3,67,False,0,car,0 days 00:01:21.404000,0 days 01:28:24.211000,4286.392777777776,15.0
2023-10-22 19:29:26.884,10271,135,3,91,False,0,car,0 days 00:01:21.844000,0 days 01:28:24.651000,4302.892777777776,15.0
2023-10-22 19:29:27.043,11026,144,3,100,False,0,car,0 days 00:01:22.003000,0 days 01:28:24.810000,4309.252777777777,15.0
2023-10-22 19:29:27.483,10297,149,4,100,False,0,car,0 days 00:01:22.443000,0 days 01:28:25.250000,4327.463888888888,15.0
2023-10-22 19:29:27.843,11275,179,4,100,False,0,car,0 days 00:01:22.803000,0 days 01:28:25.610000,4345.363888888887,15.0
2023-10-22 19:29:28.043,11014,187,4,100,False,0,car,0 days 00:01:23.003000,0 days 01:28:25.810000,4355.752777777776,15.0
2023-10-22 19:29:28.323,10651,196,5,100,False,0,car,0 days 00:01:23.283000,0 days 01:28:26.090000,4370.99722222222,15.0
2023-10-22 19:29:28.483,10791,199,5,100,False,0,car,0 days 00:01:23.443000,0 days 01:28:26.250000,4379.841666666664,15.0
2023-10-22 19:29:28.723,11301,207,5,100,False,0,car,0 days 00:01:23.683000,0 days 01:28:26.490000,4393.641666666665,15.0
2023-10-22 19:29:29.443,10585,221,5,98,False,0,car,0 days 00:01:24.403000,0 days 01:28:27.210000,4437.841666666664,15.0
2023-10-22 19:29:29.803,10532,223,6,50,False,0,car,0 days 00:01:24.763000,0 days 01:28:27.570000,4460.141666666665,15.0
2023-10-22 19:29:30.083,10250,219,6,50,False,0,car,0 days 00:01:25.043000,0 days 01:28:27.850000,4477.174999999998,15.0
2023-10-22 19:29:30.243,10214,216,6,50,False,0,car,0 days 00:01:25.203000,0 days 01:28:28.010000,4486.774999999998,15.0
2023-10-22 19:29:30.603,10353,217,6,77,False,0,car,0 days 00:01:25.563000,0 days 01:28:28.370000,4508.474999999998,15.0
2023-10-22 19:29:30.843,10440,220,6,80,False,0,car,0 days 00:01:25.803000,0 days 01:28:28.610000,4523.141666666664,15.0
2023-10-22 19:29:31.203,10577,223,6,75,False,0,car,0 days 00:01:26.163000,0 days 01:28:28.970000,4545.441666666664,15.0
2023-10-22 19:29:31.483,10711,226,6,78,False,0,car,0 days 00:01:26.443000,0 days 01:28:29.250000,4563.019444444441,15.0
2023-10-22 19:29:31.803,10828,227,6,81,False,0,car,0 days 00:01:26.763000,0 days 01:28:29.570000,4583.197222222219,15.0
2023-10-22 19:29:31.963,10829,230,6,100,False,0,car,0 days 00:01:26.923000,0 days 01:28:29.730000,4593.419444444441,15.0
2023-10-22 19:29:32.323,11241,235,6,100,False,0,car,0 days 00:01:27.283000,0 days 01:28:30.090000,4616.919444444441,15.0
2023-10-22 19:29:32.724,11266,237,6,100,False,0,car,0 days 00:01:27.684000,0 days 01:28:30.491000,4643.318611111107,15.0
2023-10-22 19:29:33.084,11422,240,6,100,False,0,car,0 days 00:01:28.044000,0 days 01:28:30.851000,4667.318611111107,15.0
2023-10-22 19:29:33.324,11475,242,6,99,False,0,car,0 days 00:01:28.284000,0 days 01:28:31.091000,4683.451944444441,15.0
2023-10-22 19:29:33.564,11549,243,6,100,False,0,car,0 days 00:01:28.524000,0 days 01:28:31.331000,4699.651944444441,15.0
2023-10-22 19:29:33.723,10748,245,6,100,False,0,car,0 days 00:01:28.683000,0 days 01:28:31.490000,4710.472777777775,15.0
2023-10-22 19:29:34.123,10570,249,7,100,False,0,car,0 days 00:01:29.083000,0 days 01:28:31.890000,4738.139444444441,15.0
2023-10-22 19:29:34.483,10478,251,7,100,False,0,car,0 days 00:01:29.443000,0 days 01:28:32.250000,4763.239444444442,15.0
2023-10-22 19:29:34.803,10492,253,7,100,False,0,car,0 days 00:01:29.763000,0 days 01:28:32.570000,4785.728333333331,15.0
2023-10-22 19:29:35.123,10693,255,7,100,False,0,car,0 days 00:01:30.083000,0 days 01:28:32.890000,4808.394999999997,15.0
2023-10-22 19:29:35.363,10678,257,7,100,False,0,car,0 days 00:01:30.323000,0 days 01:28:33.130000,4825.52833333333,15.0
2023-10-22 19:29:35.723,10816,261,7,100,False,0,car,0 days 00:01:30.683000,0 days 01:28:33.490000,4851.628333333331,15.0
2023-10-22 19:29:36.203,10663,265,7,100,True,0,car,0 days 00:01:31.163000,0 days 01:28:33.970000,4886.961666666664,15.0
2023-10-22 19:29:36.523,9867,244,7,2,True,0,car,0 days 00:01:31.483000,0 days 01:28:34.290000,4908.650555555554,15.0
2023-10-22 19:29:36.723,10320,226,7,2,True,0,car,0 days 00:01:31.683000,0 days 01:28:34.490000,4921.20611111111,15.0
2023-10-22 19:29:37.043,10499,209,6,0,True,0,car,0 days 00:01:32.003000,0 days 01:28:34.810000,4939.783888888887,15.0
2023-10-22 19:29:37.323,10420,198,5,0,True,0,car,0 days 00:01:32.283000,0 days 01:28:35.090000,4955.183888888887,15.0
2023-10-22 19:29:37.523,10006,191,5,0,False,0,car,0 days 00:01:32.483000,0 days 01:28:35.290000,4965.794999999998,15.0
2023-10-22 19:29:37.843,9736,183,5,12,False,0,car,0 days 00:01:32.803000,0 days 01:28:35.610000,4982.061666666665,15.0
2023-10-22 19:29:38.163,9724,178,5,46,False,0,car,0 days 00:01:33.123000,0 days 01:28:35.930000,4997.883888888888,15.0
2023-10-22 19:29:38.403,9936,180,5,63,False,0,car,0 days 00:01:33.363000,0 days 01:28:36.170000,5009.883888888888,15.0
2023-10-22 19:29:38.643,10266,186,5,85,False,0,car,0 days 00:01:33.603000,0 days 01:28:36.410000,5022.283888888887,15.0
2023-10-22 19:29:38.843,10629,192,5,100,False,0,car,0 days 00:01:33.803000,0 days 01:28:36.610000,5032.950555555554,15.0
2023-10-22 19:29:39.164,11076,200,5,100,False,0,car,0 days 00:01:34.124000,0 days 01:28:36.931000,5050.783888888887,15.0
2023-10-22 19:29:39.364,11202,205,5,100,False,0,car,0 days 00:01:34.324000,0 days 01:28:37.131000,5062.172777777776,15.0
2023-10-22 19:29:39.564,12002,210,5,100,False,0,car,0 days 00:01:34.524000,0 days 01:28:37.331000,5073.839444444443,15.0
2023-10-22 19:29:39.764,10602,213,5,100,False,0,car,0 days 00:01:34.724000,0 days 01:28:37.531000,5085.672777777777,15.0
2023-10-22 19:29:39.924,10388,217,5,100,False,0,car,0 days 00:01:34.884000,0 days 01:28:37.691000,5095.317222222221,15.0
2023-10-22 19:29:40.204,10590,223,6,100,False,0,car,0 days 00:01:35.164000,0 days 01:28:37.971000,5112.661666666666,15.0
2023-10-22 19:29:40.443,10742,228,6,100,False,0,car,0 days 00:01:35.403000,0 days 01:28:38.210000,5127.798333333333,15.0
2023-10-22 19:29:40.683,10922,230,6,100,False,0,car,0 days 00:01:35.643000,0 days 01:28:38.450000,5143.131666666666,15.0
2023-10-22 19:29:41.003,11209,235,6,100,False,0,car,0 days 00:01:35.963000,0 days 01:28:38.770000,5164.020555555555,15.0
2023-10-22 19:29:41.243,11241,238,6,100,False,0,car,0 days 00:01:36.203000,0 days 01:28:39.010000,5179.887222222223,15.0
2023-10-22 19:29:41.443,11077,222,6,0,True,0,car,0 days 00:01:36.403000,0 days 01:28:39.210000,5192.2205555555565,15.0
2023-10-22 19:29:41.683,10340,201,6,0,True,0,car,0 days 00:01:36.643000,0 days 01:28:39.450000,5205.620555555556,15.0
2023-10-22 19:29:41.883,10744,182,5,0,True,0,car,0 days 00:01:36.843000,0 days 01:28:39.650000,5215.7316666666675,15.0
2023-10-22 19:29:42.043,9984,163,5,0,True,0,car,0 days 00:01:37.003000,0 days 01:28:39.810000,5222.976111111112,15.0
2023-10-22 19:29:42.323,10012,142,4,0,True,0,car,0 days 00:01:37.283000,0 days 01:28:40.090000,5234.020555555557,15.0
2023-10-22 19:29:42.483,9782,142,3,0,True,0,car,0 days 00:01:37.443000,0 days 01:28:40.250000,5240.331666666668,15.0
2023-10-22 19:29:42.723,8662,121,3,0,True,0,car,0 days 00:01:37.683000,0 days 01:28:40.490000,5248.398333333334,15.0
2023-10-22 19:29:42.963,7952,113,3,0,True,0,car,0 days 00:01:37.923000,0 days 01:28:40.730000,5255.931666666667,15.0
2023-10-22 19:29:43.163,7551,110,3,0,True,0,car,0 days 00:01:38.123000,0 days 01:28:40.930000,5262.042777777779,15.0
2023-10-22 19:29:43.523,6918,97,3,0,True,0,car,0 days 00:01:38.483000,0 days 01:28:41.290000,5271.742777777778,15.0
2023-10-22 19:29:43.683,6778,95,3,0,True,0,car,0 days 00:01:38.643000,0 days 01:28:41.450000,5275.965,15.0
2023-10-22 19:29:43.923,6334,91,3,0,False,0,car,0 days 00:01:38.883000,0 days 01:28:41.690000,5282.031666666667,15.0
2023-10-22 19:29:44.203,6367,88,3,18,False,0,car,0 days 00:01:39.163000,0 days 01:28:41.970000,5288.876111111112,15.0
2023-10-22 19:29:44.603,6953,89,3,38,False,0,car,0 days 00:01:39.563000,0 days 01:28:42.370000,5298.765,15.0
2023-10-22 19:29:44.963,7372,96,3,46,False,0,car,0 days 00:01:39.923000,0 days 01:28:42.730000,5308.365000000001,15.0
2023-10-22 19:29:45.163,7694,102,3,48,False,0,car,0 days 00:01:40.123000,0 days 01:28:42.930000,5314.031666666668,15.0
2023-10-22 19:29:45.603,8729,113,3,61,False,0,car,0 days 00:01:40.563000,0 days 01:28:43.370000,5327.842777777779,15.0
2023-10-22 19:29:46.004,9866,126,3,79,False,0,car,0 days 00:01:40.964000,0 days 01:28:43.771000,5341.877777777779,15.0
2023-10-22 19:29:46.164,10262,135,3,88,False,0,car,0 days 00:01:41.124000,0 days 01:28:43.931000,5347.877777777779,15.0
2023-10-22 19:29:46.604,11404,155,3,100,False,0,car,0 days 00:01:41.564000,0 days 01:28:44.371000,5366.822222222223,15.0
2023-10-22 19:29:46.964,10981,172,4,100,False,0,car,0 days 00:01:41.924000,0 days 01:28:44.731000,5384.022222222224,15.0
2023-10-22 19:29:47.163,11391,179,4,100,False,0,car,0 days 00:01:42.123000,0 days 01:28:44.930000,5393.916944444446,15.0
2023-10-22 19:29:47.363,10862,187,4,100,False,0,car,0 days 00:01:42.323000,0 days 01:28:45.130000,5404.305833333335,15.0
2023-10-22 19:29:47.523,10364,193,5,100,False,0,car,0 days 00:01:42.483000,0 days 01:28:45.290000,5412.883611111113,15.0
2023-10-22 19:29:47.763,10735,200,5,100,False,0,car,0 days 00:01:42.723000,0 days 01:28:45.530000,5426.216944444446,15.0
2023-10-22 19:29:48.043,11299,205,5,100,False,0,car,0 days 00:01:43.003000,0 days 01:28:45.810000,5442.1613888888905,15.0
2023-10-22 19:29:48.203,11310,205,5,100,False,0,car,0 days 00:00:00.011000,0 days 01:28:45.970000,0.6263888888888889,16.0
2023-10-22 19:29:48.443,10270,219,6,100,False,0,car,0 days 00:00:00.251000,0 days 01:28:46.210000,15.226388888888886,16.0
2023-10-22 19:29:48.683,10709,223,6,100,False,0,car,0 days 00:00:00.491000,0 days 01:28:46.450000,30.09305555555555,16.0
2023-10-22 19:29:49.083,11058,231,6,100,False,0,car,0 days 00:00:00.891000,0 days 01:28:46.850000,55.75972222222222,16.0
2023-10-22 19:29:49.323,11353,239,6,100,False,0,car,0 days 00:00:01.131000,0 days 01:28:47.090000,71.69305555555556,16.0
2023-10-22 19:29:49.723,11627,245,6,100,False,0,car,0 days 00:00:01.531000,0 days 01:28:47.490000,98.91527777777777,16.0
2023-10-22 19:29:49.883,10787,247,6,100,False,0,car,0 days 00:00:01.691000,0 days 01:28:47.650000,109.89305555555556,16.0
2023-10-22 19:29:50.163,10453,249,7,100,False,0,car,0 days 00:00:01.971000,0 days 01:28:47.930000,129.25972222222222,16.0
2023-10-22 19:29:50.523,10701,256,7,100,False,0,car,0 days 00:00:02.331000,0 days 01:28:48.290000,154.85972222222222,16.0
2023-10-22 19:29:50.683,10794,256,7,100,False,0,car,0 days 00:00:02.491000,0 days 01:28:48.450000,166.2375,16.0
2023-10-22 19:29:50.883,10908,261,7,100,False,0,car,0 days 00:00:02.691000,0 days 01:28:48.650000,180.73749999999998,16.0
2023-10-22 19:29:51.083,10968,263,7,100,False,0,car,0 days 00:00:02.891000,0 days 01:28:48.850000,195.3486111111111,16.0
2023-10-22 19:29:51.403,11100,265,7,100,False,0,car,0 days 00:00:03.211000,0 days 01:28:49.170000,218.90416666666664,16.0
2023-10-22 19:29:51.643,11175,269,7,100,False,0,car,0 days 00:00:03.451000,0 days 01:28:49.410000,236.83749999999998,16.0
2023-10-22 19:29:51.803,11277,271,7,100,False,0,car,0 days 00:00:03.611000,0 days 01:28:49.570000,248.88194444444443,16.0
2023-10-22 19:29:52.003,11309,272,7,100,False,0,car,0 days 00:00:03.811000,0 days 01:28:49.770000,263.99305555555554,16.0
2023-10-22 19:29:52.324,11434,275,7,100,False,0,car,0 days 00:00:04.132000,0 days 01:28:50.091000,288.51388888888886,16.0
2023-10-22 19:29:52.524,11450,276,7,100,False,0,car,0 days 00:00:04.332000,0 days 01:28:50.291000,303.84722222222223,16.0
2023-10-22 19:29:52.684,11457,277,7,100,False,0,car,0 days 00:00:04.492000,0 days 01:28:50.451000,316.15833333333336,16.0
2023-10-22 19:29:52.844,11537,278,7,100,False,0,car,0 days 00:00:04.652000,0 days 01:28:50.611000,328.5138888888889,16.0
2023-10-22 19:29:53.124,10548,279,7,100,False,0,car,0 days 00:00:04.932000,0 days 01:28:50.891000,350.21388888888896,16.0
2023-10-22 19:29:53.284,10371,280,8,100,False,0,car,0 days 00:00:05.092000,0 days 01:28:51.051000,362.65833333333336,16.0
2023-10-22 19:29:53.484,10371,280,8,100,False,0,car,0 days 00:00:05.292000,0 days 01:28:51.251000,378.2138888888889,16.0
2023-10-22 19:29:53.764,10334,281,8,100,False,0,car,0 days 00:00:05.572000,0 days 01:28:51.531000,400.06944444444446,16.0
2023-10-22 19:29:53.963,10393,282,8,100,False,0,car,0 days 00:00:05.771000,0 days 01:28:51.730000,415.65777777777777,16.0
2023-10-22 19:29:54.203,10459,283,8,100,False,0,car,0 days 00:00:06.011000,0 days 01:28:51.970000,434.52444444444444,16.0
2023-10-22 19:29:54.523,10335,281,8,100,False,0,car,0 days 00:00:06.331000,0 days 01:28:52.290000,459.50222222222226,16.0
2023-10-22 19:29:54.763,10335,280,8,100,False,0,car,0 days 00:00:06.571000,0 days 01:28:52.530000,478.1688888888889,16.0
2023-10-22 19:29:54.923,10025,280,8,78,False,0,car,0 days 00:00:06.731000,0 days 01:28:52.690000,490.61333333333334,16.0
2023-10-22 19:29:55.083,9965,274,8,0,False,0,car,0 days 00:00:06.891000,0 days 01:28:52.850000,502.79111111111115,16.0
2023-10-22 19:29:55.363,9340,272,8,0,True,0,car,0 days 00:00:07.171000,0 days 01:28:53.130000,523.9466666666667,16.0
2023-10-22 19:29:55.683,8595,221,7,0,True,0,car,0 days 00:00:07.491000,0 days 01:28:53.450000,543.5911111111111,16.0
2023-10-22 19:29:56.043,9169,189,7,0,True,0,car,0 days 00:00:07.851000,0 days 01:28:53.810000,562.4911111111111,16.0
2023-10-22 19:29:56.283,8616,163,6,0,True,0,car,0 days 00:00:08.091000,0 days 01:28:54.050000,573.3577777777778,16.0
2023-10-22 19:29:56.603,8952,143,5,0,True,0,car,0 days 00:00:08.411000,0 days 01:28:54.370000,586.0688888888889,16.0
2023-10-22 19:29:56.763,9425,130,5,0,True,0,car,0 days 00:00:08.571000,0 days 01:28:54.530000,591.8466666666667,16.0
2023-10-22 19:29:57.043,8021,115,3,0,True,0,car,0 days 00:00:08.851000,0 days 01:28:54.810000,600.7911111111111,16.0
2023-10-22 19:29:57.323,7280,104,3,0,True,0,car,0 days 00:00:09.131000,0 days 01:28:55.090000,608.88,16.0
2023-10-22 19:29:57.523,6860,100,3,0,True,0,car,0 days 00:00:09.331000,0 days 01:28:55.290000,614.4355555555555,16.0
2023-10-22 19:29:57.843,6293,90,3,0,True,0,car,0 days 00:00:09.651000,0 days 01:28:55.610000,622.4355555555555,16.0
2023-10-22 19:29:58.043,6065,87,3,0,True,0,car,0 days 00:00:09.851000,0 days 01:28:55.810000,627.2688888888889,16.0
2023-10-22 19:29:58.443,5646,81,3,0,False,0,car,0 days 00:00:10.251000,0 days 01:28:56.210000,636.2688888888889,16.0
2023-10-22 19:29:58.603,5546,81,3,0,False,0,car,0 days 00:00:10.411000,0 days 01:28:56.370000,639.8688888888889,16.0
2023-10-22 19:29:58.844,5720,76,3,5,False,0,car,0 days 00:00:10.652000,0 days 01:28:56.611000,644.9566666666667,16.0
2023-10-22 19:29:59.084,5914,74,3,22,False,0,car,0 days 00:00:10.892000,0 days 01:28:56.851000,649.8900000000001,16.0
2023-10-22 19:29:59.284,6146,76,3,27,False,0,car,0 days 00:00:11.092000,0 days 01:28:57.051000,654.1122222222224,16.0
2023-10-22 19:29:59.524,6679,82,3,32,False,0,car,0 days 00:00:11.332000,0 days 01:28:57.291000,659.5788888888891,16.0
2023-10-22 19:29:59.764,6885,85,3,36,False,0,car,0 days 00:00:11.572000,0 days 01:28:57.531000,665.2455555555557,16.0
2023-10-22 19:30:00.124,7014,94,3,43,False,0,car,0 days 00:00:11.932000,0 days 01:28:57.891000,674.6455555555557,16.0
2023-10-22 19:30:00.324,7630,97,3,48,False,0,car,0 days 00:00:12.132000,0 days 01:28:58.091000,680.0344444444446,16.0
2023-10-22 19:30:00.603,8499,108,3,59,False,0,car,0 days 00:00:12.411000,0 days 01:28:58.370000,688.4044444444446,16.0
2023-10-22 19:30:00.803,9338,108,3,60,False,0,car,0 days 00:00:12.611000,0 days 01:28:58.570000,694.4044444444446,16.0
2023-10-22 19:30:01.123,10436,129,3,67,False,0,car,0 days 00:00:12.931000,0 days 01:28:58.890000,705.8711111111112,16.0
2023-10-22 19:30:01.523,11503,144,3,72,False,0,car,0 days 00:00:13.331000,0 days 01:28:59.290000,721.8711111111112,16.0
2023-10-22 19:30:01.723,11418,152,3,100,False,0,car,0 days 00:00:13.531000,0 days 01:28:59.490000,730.3155555555556,16.0
2023-10-22 19:30:02.003,11118,152,3,99,False,0,car,0 days 00:00:13.811000,0 days 01:28:59.770000,742.1377777777778,16.0
2023-10-22 19:30:02.243,11327,175,4,99,False,0,car,0 days 00:00:14.051000,0 days 01:29:00.010000,753.8044444444445,16.0
2023-10-22 19:30:02.443,11641,184,4,99,False,0,car,0 days 00:00:14.251000,0 days 01:29:00.210000,764.0266666666666,16.0
2023-10-22 19:30:02.763,10449,196,4,100,False,0,car,0 days 00:00:14.571000,0 days 01:29:00.530000,781.4488888888889,16.0
2023-10-22 19:30:02.923,11084,202,5,100,False,0,car,0 days 00:00:14.731000,0 days 01:29:00.690000,790.4266666666666,16.0
2023-10-22 19:30:03.123,11292,205,5,100,False,0,car,0 days 00:00:14.931000,0 days 01:29:00.890000,801.8155555555554,16.0
2023-10-22 19:30:03.363,10897,214,5,100,False,0,car,0 days 00:00:15.171000,0 days 01:29:01.130000,816.0822222222221,16.0
2023-10-22 19:30:03.643,10444,223,6,99,False,0,car,0 days 00:00:15.451000,0 days 01:29:01.410000,833.4266666666666,16.0
2023-10-22 19:30:04.043,11015,230,6,100,False,0,car,0 days 00:00:15.851000,0 days 01:29:01.810000,858.9822222222222,16.0
2023-10-22 19:30:04.363,11165,234,6,99,False,0,car,0 days 00:00:16.171000,0 days 01:29:02.130000,879.7822222222221,16.0
2023-10-22 19:30:04.563,11392,238,6,100,False,0,car,0 days 00:00:16.371000,0 days 01:29:02.330000,893.0044444444443,16.0
2023-10-22 19:30:04.843,11584,244,6,100,False,0,car,0 days 00:00:16.651000,0 days 01:29:02.610000,911.9822222222222,16.0
2023-10-22 19:30:05.043,11086,247,6,99,False,0,car,0 days 00:00:16.851000,0 days 01:29:02.810000,925.7044444444443,16.0
2023-10-22 19:30:05.404,10448,250,7,100,False,0,car,0 days 00:00:17.212000,0 days 01:29:03.171000,950.7738888888888,16.0
2023-10-22 19:30:05.564,10598,253,7,100,False,0,car,0 days 00:00:17.372000,0 days 01:29:03.331000,962.0183333333332,16.0
2023-10-22 19:30:05.844,10669,256,7,100,False,0,car,0 days 00:00:17.652000,0 days 01:29:03.611000,981.9294444444444,16.0
2023-10-22 19:30:06.124,10858,260,7,100,False,0,car,0 days 00:00:17.932000,0 days 01:29:03.891000,1002.1516666666664,16.0
2023-10-22 19:30:06.324,10919,262,7,100,False,0,car,0 days 00:00:18.132000,0 days 01:29:04.091000,1016.7072222222222,16.0
2023-10-22 19:30:06.684,11093,266,7,100,False,0,car,0 days 00:00:18.492000,0 days 01:29:04.451000,1043.3072222222222,16.0
2023-10-22 19:30:06.844,10970,269,7,100,False,0,car,0 days 00:00:18.652000,0 days 01:29:04.611000,1055.2627777777777,16.0
2023-10-22 19:30:07.084,11170,269,7,100,False,0,car,0 days 00:00:18.892000,0 days 01:29:04.851000,1073.196111111111,16.0
2023-10-22 19:30:07.323,11197,270,7,100,False,0,car,0 days 00:00:19.131000,0 days 01:29:05.090000,1091.1211111111108,16.0
2023-10-22 19:30:07.603,11237,270,7,100,False,0,car,0 days 00:00:19.411000,0 days 01:29:05.370000,1112.1211111111108,16.0
2023-10-22 19:30:07.963,11263,271,7,100,False,0,car,0 days 00:00:19.771000,0 days 01:29:05.730000,1139.2211111111108,16.0
2023-10-22 19:30:08.123,11582,270,7,99,False,0,car,0 days 00:00:19.931000,0 days 01:29:05.890000,1151.2211111111108,16.0
2023-10-22 19:30:08.403,11221,269,7,100,False,0,car,0 days 00:00:20.211000,0 days 01:29:06.170000,1172.1433333333327,16.0
2023-10-22 19:30:08.683,11317,272,7,100,False,0,car,0 days 00:00:20.491000,0 days 01:29:06.450000,1193.2988888888883,16.0
2023-10-22 19:30:08.963,11046,272,7,54,False,0,car,0 days 00:00:20.771000,0 days 01:29:06.730000,1214.4544444444439,16.0
2023-10-22 19:30:09.163,10793,265,7,27,False,0,car,0 days 00:00:20.971000,0 days 01:29:06.930000,1229.176666666666,16.0
2023-10-22 19:30:09.403,10562,258,7,21,False,0,car,0 days 00:00:21.211000,0 days 01:29:07.170000,1246.3766666666659,16.0
2023-10-22 19:30:09.803,10288,253,7,10,False,0,car,0 days 00:00:21.611000,0 days 01:29:07.570000,1274.4877777777772,16.0
2023-10-22 19:30:10.003,10290,248,7,0,True,0,car,0 days 00:00:21.811000,0 days 01:29:07.770000,1288.265555555555,16.0
2023-10-22 19:30:10.283,10800,240,6,0,True,0,car,0 days 00:00:22.091000,0 days 01:29:08.050000,1306.9322222222218,16.0
2023-10-22 19:30:10.603,10317,224,6,10,False,0,car,0 days 00:00:22.411000,0 days 01:29:08.370000,1326.8433333333328,16.0
2023-10-22 19:30:10.803,10274,221,6,35,False,0,car,0 days 00:00:22.611000,0 days 01:29:08.570000,1339.1211111111106,16.0
2023-10-22 19:30:10.963,10407,218,6,48,False,0,car,0 days 00:00:22.771000,0 days 01:29:08.730000,1348.8099999999995,16.0
2023-10-22 19:30:11.163,10246,216,6,51,False,0,car,0 days 00:00:22.971000,0 days 01:29:08.930000,1360.8099999999995,16.0
2023-10-22 19:30:11.403,10263,217,6,62,False,0,car,0 days 00:00:23.211000,0 days 01:29:09.170000,1375.276666666666,16.0
2023-10-22 19:30:11.643,10016,219,6,25,False,0,car,0 days 00:00:23.451000,0 days 01:29:09.410000,1389.876666666666,16.0
2023-10-22 19:30:11.843,11276,216,6,0,True,0,car,0 days 00:00:23.651000,0 days 01:29:09.610000,1401.876666666666,16.0
2023-10-22 19:30:12.044,10964,208,5,4,True,0,car,0 days 00:00:23.852000,0 days 01:29:09.811000,1413.4899999999996,16.0
2023-10-22 19:30:12.204,10833,207,5,9,False,0,car,0 days 00:00:24.012000,0 days 01:29:09.971000,1422.6899999999996,16.0
2023-10-22 19:30:12.404,10581,203,5,2,False,0,car,0 days 00:00:24.212000,0 days 01:29:10.171000,1433.9677777777774,16.0
2023-10-22 19:30:12.644,10635,196,5,9,False,0,car,0 days 00:00:24.452000,0 days 01:29:10.411000,1447.0344444444443,16.0
2023-10-22 19:30:12.804,10453,194,5,35,False,0,car,0 days 00:00:24.612000,0 days 01:29:10.571000,1455.6566666666663,16.0
2023-10-22 19:30:13.164,10746,194,5,62,False,0,car,0 days 00:00:24.972000,0 days 01:29:10.931000,1475.0566666666664,16.0
2023-10-22 19:30:13.444,10906,198,5,71,False,0,car,0 days 00:00:25.252000,0 days 01:29:11.211000,1490.4566666666663,16.0
2023-10-22 19:30:13.604,10895,198,5,62,False,0,car,0 days 00:00:25.412000,0 days 01:29:11.371000,1499.2566666666662,16.0
2023-10-22 19:30:13.884,10908,200,5,68,False,0,car,0 days 00:00:25.692000,0 days 01:29:11.651000,1514.8122222222219,16.0
2023-10-22 19:30:14.243,9399,200,5,49,False,0,car,0 days 00:00:26.051000,0 days 01:29:12.010000,1534.7566666666662,16.0
2023-10-22 19:30:14.483,9168,198,6,42,False,0,car,0 days 00:00:26.291000,0 days 01:29:12.250000,1547.9566666666663,16.0
2023-10-22 19:30:14.643,9513,198,6,47,False,0,car,0 days 00:00:26.451000,0 days 01:29:12.410000,1556.7566666666662,16.0
2023-10-22 19:30:14.803,9420,197,6,56,False,0,car,0 days 00:00:26.611000,0 days 01:29:12.570000,1565.5122222222217,16.0
2023-10-22 19:30:15.083,9587,200,6,71,False,0,car,0 days 00:00:26.891000,0 days 01:29:12.850000,1581.067777777777,16.0
2023-10-22 19:30:15.243,9699,200,6,76,False,0,car,0 days 00:00:27.051000,0 days 01:29:13.010000,1589.956666666666,16.0
2023-10-22 19:30:15.523,9765,206,6,100,False,0,car,0 days 00:00:27.331000,0 days 01:29:13.290000,1605.9788888888884,16.0
2023-10-22 19:30:15.723,9889,208,6,100,False,0,car,0 days 00:00:27.531000,0 days 01:29:13.490000,1617.5344444444438,16.0
2023-10-22 19:30:15.923,9073,210,6,21,False,0,car,0 days 00:00:27.731000,0 days 01:29:13.690000,1629.2011111111105,16.0
2023-10-22 19:30:16.083,9913,206,6,0,True,0,car,0 days 00:00:27.891000,0 days 01:29:13.850000,1638.356666666666,16.0
2023-10-22 19:30:16.443,10302,194,5,1,True,0,car,0 days 00:00:28.251000,0 days 01:29:14.210000,1657.756666666666,16.0
2023-10-22 19:30:16.603,9807,188,5,0,True,0,car,0 days 00:00:28.411000,0 days 01:29:14.370000,1666.1122222222216,16.0
2023-10-22 19:30:16.843,9473,180,5,0,False,0,car,0 days 00:00:28.651000,0 days 01:29:14.610000,1678.1122222222216,16.0
2023-10-22 19:30:17.123,9532,175,5,25,False,0,car,0 days 00:00:28.931000,0 days 01:29:14.890000,1691.7233333333327,16.0
2023-10-22 19:30:17.363,9647,171,5,35,False,0,car,0 days 00:00:29.171000,0 days 01:29:15.130000,1703.1233333333325,16.0
2023-10-22 19:30:17.643,9663,176,5,57,False,0,car,0 days 00:00:29.451000,0 days 01:29:15.410000,1716.8122222222214,16.0
2023-10-22 19:30:18.003,9955,181,5,81,False,0,car,0 days 00:00:29.811000,0 days 01:29:15.770000,1734.9122222222213,16.0
2023-10-22 19:30:18.323,10458,191,5,100,False,0,car,0 days 00:00:30.131000,0 days 01:29:16.090000,1751.8899999999992,16.0
2023-10-22 19:30:18.644,10494,194,5,0,True,0,car,0 days 00:00:30.452000,0 days 01:29:16.411000,1769.1883333333326,16.0
2023-10-22 19:30:18.964,10931,183,5,0,True,0,car,0 days 00:00:30.772000,0 days 01:29:16.731000,1785.454999999999,16.0
2023-10-22 19:30:19.164,10231,167,4,0,True,0,car,0 days 00:00:30.972000,0 days 01:29:16.931000,1794.7327777777768,16.0
2023-10-22 19:30:19.324,9536,158,4,0,True,0,car,0 days 00:00:31.132000,0 days 01:29:17.091000,1801.754999999999,16.0
2023-10-22 19:30:19.484,9396,154,4,0,True,0,car,0 days 00:00:31.292000,0 days 01:29:17.251000,1808.5994444444434,16.0
2023-10-22 19:30:19.684,9097,151,4,9,False,0,car,0 days 00:00:31.492000,0 days 01:29:17.451000,1816.9883333333323,16.0
2023-10-22 19:30:19.884,9167,147,4,16,False,0,car,0 days 00:00:31.692000,0 days 01:29:17.651000,1825.154999999999,16.0
2023-10-22 19:30:20.164,8616,142,4,0,False,0,car,0 days 00:00:31.972000,0 days 01:29:17.931000,1836.1994444444435,16.0
2023-10-22 19:30:20.444,8303,136,4,0,False,0,car,0 days 00:00:32.252000,0 days 01:29:18.211000,1846.7772222222213,16.0
2023-10-22 19:30:20.604,8151,135,4,0,False,0,car,0 days 00:00:32.412000,0 days 01:29:18.371000,1852.777222222221,16.0
2023-10-22 19:30:20.803,8351,132,4,32,False,0,car,0 days 00:00:32.611000,0 days 01:29:18.570000,1860.0738888888877,16.0
2023-10-22 19:30:21.203,8286,131,4,37,False,0,car,0 days 00:00:33.011000,0 days 01:29:18.970000,1874.6294444444434,16.0
2023-10-22 19:30:21.563,8275,130,4,39,False,0,car,0 days 00:00:33.371000,0 days 01:29:19.330000,1887.6294444444434,16.0
2023-10-22 19:30:21.803,8868,133,4,62,False,0,car,0 days 00:00:33.611000,0 days 01:29:19.570000,1896.49611111111,16.0
2023-10-22 19:30:21.963,8819,138,4,72,False,0,car,0 days 00:00:33.771000,0 days 01:29:19.730000,1902.6294444444434,16.0
2023-10-22 19:30:22.163,9006,145,4,80,False,0,car,0 days 00:00:33.971000,0 days 01:29:19.930000,1910.6849999999988,16.0
2023-10-22 19:30:22.403,9376,149,4,48,False,0,car,0 days 00:00:34.211000,0 days 01:29:20.170000,1920.6183333333322,16.0
2023-10-22 19:30:22.763,9621,151,4,44,False,0,car,0 days 00:00:34.571000,0 days 01:29:20.530000,1935.718333333332,16.0
2023-10-22 19:30:23.003,9844,153,4,53,False,0,car,0 days 00:00:34.811000,0 days 01:29:20.770000,1945.9183333333322,16.0
2023-10-22 19:30:23.283,10339,157,4,67,False,0,car,0 days 00:00:35.091000,0 days 01:29:21.050000,1958.1294444444434,16.0
2023-10-22 19:30:23.523,11022,164,4,75,False,0,car,0 days 00:00:35.331000,0 days 01:29:21.290000,1969.0627777777768,16.0
2023-10-22 19:30:23.883,11066,174,4,100,False,0,car,0 days 00:00:35.691000,0 days 01:29:21.650000,1986.4627777777766,16.0
2023-10-22 19:30:24.123,11558,177,4,100,False,0,car,0 days 00:00:35.931000,0 days 01:29:21.890000,1998.2627777777764,16.0
2023-10-22 19:30:24.363,10438,187,4,100,False,0,car,0 days 00:00:36.171000,0 days 01:29:22.130000,2010.729444444443,16.0
2023-10-22 19:30:24.683,10772,191,5,100,False,0,car,0 days 00:00:36.491000,0 days 01:29:22.450000,2027.707222222221,16.0
2023-10-22 19:30:24.963,11623,207,5,100,False,0,car,0 days 00:00:36.771000,0 days 01:29:22.730000,2043.807222222221,16.0
2023-10-22 19:30:25.284,11484,216,5,100,False,0,car,0 days 00:00:37.092000,0 days 01:29:23.051000,2063.067222222221,16.0
2023-10-22 19:30:25.524,10516,224,5,100,False,0,car,0 days 00:00:37.332000,0 days 01:29:23.291000,2078.0005555555545,16.0
2023-10-22 19:30:25.764,10903,229,6,99,False,0,car,0 days 00:00:37.572000,0 days 01:29:23.531000,2093.2672222222213,16.0
2023-10-22 19:30:26.044,11149,234,6,99,False,0,car,0 days 00:00:37.852000,0 days 01:29:23.811000,2111.467222222221,16.0
2023-10-22 19:30:26.324,11213,242,6,100,False,0,car,0 days 00:00:38.132000,0 days 01:29:24.091000,2130.2894444444432,16.0
2023-10-22 19:30:26.484,11773,242,6,100,False,0,car,0 days 00:00:38.292000,0 days 01:29:24.251000,2141.044999999999,16.0
2023-10-22 19:30:26.644,10653,244,6,100,False,0,car,0 days 00:00:38.452000,0 days 01:29:24.411000,2151.8894444444436,16.0
2023-10-22 19:30:26.844,10382,246,7,99,False,0,car,0 days 00:00:38.652000,0 days 01:29:24.611000,2165.5561111111106,16.0
2023-10-22 19:30:27.004,10462,250,7,99,False,0,car,0 days 00:00:38.812000,0 days 01:29:24.771000,2176.6672222222214,16.0
2023-10-22 19:30:27.324,10627,256,7,99,False,0,car,0 days 00:00:39.132000,0 days 01:29:25.091000,2199.422777777777,16.0
2023-10-22 19:30:27.483,10713,258,7,100,False,0,car,0 days 00:00:39.291000,0 days 01:29:25.250000,2210.817777777777,16.0
2023-10-22 19:30:27.643,10748,259,7,100,False,0,car,0 days 00:00:39.451000,0 days 01:29:25.410000,2222.3288888888883,16.0
2023-10-22 19:30:28.003,11062,265,7,100,False,0,car,0 days 00:00:39.811000,0 days 01:29:25.770000,2248.8288888888883,16.0
2023-10-22 19:30:28.323,11189,270,7,99,False,0,car,0 days 00:00:40.131000,0 days 01:29:26.090000,2272.8288888888883,16.0
2023-10-22 19:30:28.523,11260,272,7,99,False,0,car,0 days 00:00:40.331000,0 days 01:29:26.290000,2287.9399999999996,16.0
2023-10-22 19:30:28.763,11358,275,7,100,False,0,car,0 days 00:00:40.571000,0 days 01:29:26.530000,2306.2733333333326,16.0
2023-10-22 19:30:29.003,11465,276,7,99,False,0,car,0 days 00:00:40.811000,0 days 01:29:26.770000,2324.6733333333327,16.0
2023-10-22 19:30:29.443,10278,280,8,99,False,0,car,0 days 00:00:41.251000,0 days 01:29:27.210000,2358.895555555555,16.0
2023-10-22 19:30:29.643,9488,281,8,42,False,0,car,0 days 00:00:41.451000,0 days 01:29:27.410000,2374.506666666666,16.0
2023-10-22 19:30:30.043,9785,265,8,0,True,0,car,0 days 00:00:41.851000,0 days 01:29:27.810000,2403.9511111111105,16.0
2023-10-22 19:30:30.323,9591,234,8,0,True,0,car,0 days 00:00:42.131000,0 days 01:29:28.090000,2422.151111111111,16.0
2023-10-22 19:30:30.683,9311,202,7,0,True,0,car,0 days 00:00:42.491000,0 days 01:29:28.450000,2442.3511111111106,16.0
2023-10-22 19:30:30.963,9173,171,6,0,True,0,car,0 days 00:00:42.771000,0 days 01:29:28.730000,2455.651111111111,16.0
2023-10-22 19:30:31.243,9218,151,5,0,True,0,car,0 days 00:00:43.051000,0 days 01:29:29.010000,2467.3955555555553,16.0
2023-10-22 19:30:31.523,9373,130,4,0,True,0,car,0 days 00:00:43.331000,0 days 01:29:29.290000,2477.5066666666667,16.0
2023-10-22 19:30:31.683,9200,123,3,0,True,0,car,0 days 00:00:43.491000,0 days 01:29:29.450000,2482.9733333333334,16.0
2023-10-22 19:30:32.124,6861,99,3,0,True,0,car,0 days 00:00:43.932000,0 days 01:29:29.891000,2495.1008333333334,16.0
2023-10-22 19:30:32.444,6409,88,3,0,True,0,car,0 days 00:00:44.252000,0 days 01:29:30.211000,2502.9230555555555,16.0
2023-10-22 19:30:32.764,5594,81,3,0,True,0,car,0 days 00:00:44.572000,0 days 01:29:30.531000,2510.1230555555553,16.0
2023-10-22 19:30:33.004,5254,77,3,0,True,0,car,0 days 00:00:44.812000,0 days 01:29:30.771000,2515.2563888888885,16.0
2023-10-22 19:30:33.204,5070,73,3,0,False,0,car,0 days 00:00:45.012000,0 days 01:29:30.971000,2519.311944444444,16.0
2023-10-22 19:30:33.524,4954,69,3,0,False,0,car,0 days 00:00:45.332000,0 days 01:29:31.291000,2525.4452777777774,16.0
2023-10-22 19:30:33.684,4638,69,3,0,False,0,car,0 days 00:00:45.492000,0 days 01:29:31.451000,2528.511944444444,16.0
2023-10-22 19:30:33.964,4865,65,3,6,False,0,car,0 days 00:00:45.772000,0 days 01:29:31.731000,2533.5674999999997,16.0
2023-10-22 19:30:34.243,5320,69,3,15,False,0,car,0 days 00:00:46.051000,0 days 01:29:32.010000,2538.9149999999995,16.0
2023-10-22 19:30:34.563,5598,71,3,21,False,0,car,0 days 00:00:46.371000,0 days 01:29:32.330000,2545.2261111111106,16.0
2023-10-22 19:30:34.843,5976,75,3,29,False,0,car,0 days 00:00:46.651000,0 days 01:29:32.610000,2551.059444444444,16.0
2023-10-22 19:30:35.003,6215,79,3,35,False,0,car,0 days 00:00:46.811000,0 days 01:29:32.770000,2554.570555555555,16.0
2023-10-22 19:30:35.403,7095,87,3,38,False,0,car,0 days 00:00:47.211000,0 days 01:29:33.170000,2564.2372222222216,16.0
2023-10-22 19:30:35.563,7501,91,3,39,False,0,car,0 days 00:00:47.371000,0 days 01:29:33.330000,2568.2816666666663,16.0
2023-10-22 19:30:35.803,7619,96,3,44,False,0,car,0 days 00:00:47.611000,0 days 01:29:33.570000,2574.681666666666,16.0
2023-10-22 19:30:36.083,8139,107,3,59,False,0,car,0 days 00:00:47.891000,0 days 01:29:33.850000,2583.003888888888,16.0
2023-10-22 19:30:36.243,8795,113,3,61,False,0,car,0 days 00:00:48.051000,0 days 01:29:34.010000,2588.0261111111104,16.0
2023-10-22 19:30:36.483,9315,121,3,71,False,0,car,0 days 00:00:48.291000,0 days 01:29:34.250000,2596.092777777777,16.0
2023-10-22 19:30:36.723,10460,136,3,84,False,0,car,0 days 00:00:48.531000,0 days 01:29:34.490000,2605.1594444444436,16.0
2023-10-22 19:30:36.963,11173,147,3,100,False,0,car,0 days 00:00:48.771000,0 days 01:29:34.730000,2614.9594444444438,16.0
2023-10-22 19:30:37.403,10834,166,4,100,False,0,car,0 days 00:00:49.211000,0 days 01:29:35.170000,2635.2483333333325,16.0
2023-10-22 19:30:37.563,10867,174,4,100,False,0,car,0 days 00:00:49.371000,0 days 01:29:35.330000,2642.981666666666,16.0
2023-10-22 19:30:37.723,11636,182,4,100,False,0,car,0 days 00:00:49.531000,0 days 01:29:35.490000,2651.0705555555546,16.0
2023-10-22 19:30:38.043,10592,194,4,100,False,0,car,0 days 00:00:49.851000,0 days 01:29:35.810000,2668.314999999999,16.0
2023-10-22 19:30:38.243,10939,197,5,100,False,0,car,0 days 00:00:50.051000,0 days 01:29:36.010000,2679.259444444444,16.0
2023-10-22 19:30:38.684,11626,213,5,100,False,0,car,0 days 00:00:50.492000,0 days 01:29:36.451000,2705.3519444444437,16.0
2023-10-22 19:30:38.964,10408,218,5,100,False,0,car,0 days 00:00:50.772000,0 days 01:29:36.731000,2722.3074999999994,16.0
2023-10-22 19:30:39.124,10660,226,6,100,False,0,car,0 days 00:00:50.932000,0 days 01:29:36.891000,2732.351944444444,16.0
2023-10-22 19:30:39.484,11138,234,6,100,False,0,car,0 days 00:00:51.292000,0 days 01:29:37.251000,2755.7519444444442,16.0
2023-10-22 19:30:39.764,11307,240,6,100,False,0,car,0 days 00:00:51.572000,0 days 01:29:37.531000,2774.418611111111,16.0
2023-10-22 19:30:40.124,11778,247,6,100,False,0,car,0 days 00:00:51.932000,0 days 01:29:37.891000,2799.118611111111,16.0
2023-10-22 19:30:40.284,11078,248,6,100,False,0,car,0 days 00:00:52.092000,0 days 01:29:38.051000,2810.140833333333,16.0
2023-10-22 19:30:40.484,10385,251,7,100,False,0,car,0 days 00:00:52.292000,0 days 01:29:38.251000,2824.0852777777777,16.0
2023-10-22 19:30:40.644,10591,255,7,100,False,0,car,0 days 00:00:52.452000,0 days 01:29:38.411000,2835.4186111111107,16.0
2023-10-22 19:30:40.923,10658,257,7,100,False,0,car,0 days 00:00:52.731000,0 days 01:29:38.690000,2855.3361111111108,16.0
2023-10-22 19:30:41.203,10658,257,7,100,False,0,car,0 days 00:00:53.011000,0 days 01:29:38.970000,2875.325,16.0
2023-10-22 19:30:41.523,10922,266,7,100,False,0,car,0 days 00:00:53.331000,0 days 01:29:39.290000,2898.9694444444444,16.0
2023-10-22 19:30:41.963,11170,269,7,100,False,0,car,0 days 00:00:53.771000,0 days 01:29:39.730000,2931.847222222222,16.0
2023-10-22 19:30:42.163,11260,272,7,100,False,0,car,0 days 00:00:53.971000,0 days 01:29:39.930000,2946.958333333333,16.0
2023-10-22 19:30:42.483,11447,275,7,100,False,0,car,0 days 00:00:54.291000,0 days 01:29:40.250000,2971.4027777777774,16.0
2023-10-22 19:30:42.683,11498,276,7,100,False,0,car,0 days 00:00:54.491000,0 days 01:29:40.450000,2986.736111111111,16.0
2023-10-22 19:30:42.923,10518,279,7,100,False,0,car,0 days 00:00:54.731000,0 days 01:29:40.690000,3005.336111111111,16.0
2023-10-22 19:30:43.163,10339,281,8,100,False,0,car,0 days 00:00:54.971000,0 days 01:29:40.930000,3024.0694444444443,16.0
2023-10-22 19:30:43.483,10457,283,8,100,False,0,car,0 days 00:00:55.291000,0 days 01:29:41.250000,3049.225,16.0
2023-10-22 19:30:43.683,10468,284,8,100,False,0,car,0 days 00:00:55.491000,0 days 01:29:41.450000,3065.0027777777777,16.0
2023-10-22 19:30:43.843,10548,285,8,100,False,0,car,0 days 00:00:55.651000,0 days 01:29:41.610000,3077.6694444444447,16.0
2023-10-22 19:30:44.163,10611,288,8,100,False,0,car,0 days 00:00:55.971000,0 days 01:29:41.930000,3103.269444444444,16.0
2023-10-22 19:30:44.403,10700,289,8,100,False,0,car,0 days 00:00:56.211000,0 days 01:29:42.170000,3122.536111111111,16.0
2023-10-22 19:30:44.603,10722,291,8,100,False,0,car,0 days 00:00:56.411000,0 days 01:29:42.370000,3138.702777777778,16.0
2023-10-22 19:30:44.763,10754,292,8,100,False,0,car,0 days 00:00:56.571000,0 days 01:29:42.530000,3151.6805555555557,16.0
2023-10-22 19:30:45.044,10805,294,8,100,False,0,car,0 days 00:00:56.852000,0 days 01:29:42.811000,3174.628888888889,16.0
2023-10-22 19:30:45.284,10849,295,8,100,False,0,car,0 days 00:00:57.092000,0 days 01:29:43.051000,3194.295555555556,16.0
2023-10-22 19:30:45.564,10857,296,8,100,False,0,car,0 days 00:00:57.372000,0 days 01:29:43.331000,3217.3177777777782,16.0
2023-10-22 19:30:45.844,10879,298,8,100,False,0,car,0 days 00:00:57.652000,0 days 01:29:43.611000,3240.495555555556,16.0
2023-10-22 19:30:46.164,10958,297,8,100,False,0,car,0 days 00:00:57.972000,0 days 01:29:43.931000,3266.8955555555563,16.0
2023-10-22 19:30:46.484,10948,298,8,100,False,0,car,0 days 00:00:58.292000,0 days 01:29:44.251000,3293.3844444444453,16.0
2023-10-22 19:30:46.804,11043,299,8,100,False,0,car,0 days 00:00:58.612000,0 days 01:29:44.571000,3319.9622222222233,16.0
2023-10-22 19:30:47.084,11038,300,8,100,False,0,car,0 days 00:00:58.892000,0 days 01:29:44.851000,3343.295555555557,16.0
2023-10-22 19:30:47.324,11125,300,8,100,False,0,car,0 days 00:00:59.132000,0 days 01:29:45.091000,3363.2955555555563,16.0
2023-10-22 19:30:47.524,10999,300,8,100,False,0,car,0 days 00:00:59.332000,0 days 01:29:45.291000,3379.9622222222233,16.0
2023-10-22 19:30:47.803,11024,300,8,100,False,0,car,0 days 00:00:59.611000,0 days 01:29:45.570000,3403.212222222223,16.0
2023-10-22 19:30:47.963,11036,300,8,100,False,0,car,0 days 00:00:59.771000,0 days 01:29:45.730000,3416.5455555555563,16.0
2023-10-22 19:30:48.323,11035,299,8,100,False,0,car,0 days 00:01:00.131000,0 days 01:29:46.090000,3446.4455555555564,16.0
2023-10-22 19:30:48.523,11073,300,8,100,False,0,car,0 days 00:01:00.331000,0 days 01:29:46.290000,3463.1122222222234,16.0
2023-10-22 19:30:48.763,11033,300,8,100,False,0,car,0 days 00:01:00.571000,0 days 01:29:46.530000,3483.112222222223,16.0
2023-10-22 19:30:48.963,11049,300,8,100,False,0,car,0 days 00:01:00.771000,0 days 01:29:46.730000,3499.77888888889,16.0
2023-10-22 19:30:49.123,11074,301,8,100,False,0,car,0 days 00:01:00.931000,0 days 01:29:46.890000,3513.156666666667,16.0
2023-10-22 19:30:49.323,11062,300,8,100,False,0,car,0 days 00:01:01.131000,0 days 01:29:47.090000,3529.823333333334,16.0
2023-10-22 19:30:49.523,11057,300,8,100,False,0,car,0 days 00:01:01.331000,0 days 01:29:47.290000,3546.490000000001,16.0
2023-10-22 19:30:49.683,11397,298,8,0,False,0,car,0 days 00:01:01.491000,0 days 01:29:47.450000,3559.734444444445,16.0
2023-10-22 19:30:49.963,10569,289,8,0,False,0,car,0 days 00:01:01.771000,0 days 01:29:47.730000,3582.212222222223,16.0
2023-10-22 19:30:50.163,10101,277,8,0,True,0,car,0 days 00:01:01.971000,0 days 01:29:47.930000,3597.6011111111115,16.0
2023-10-22 19:30:50.443,9524,242,8,0,True,0,car,0 days 00:01:02.251000,0 days 01:29:48.210000,3616.4233333333336,16.0
2023-10-22 19:30:50.723,9773,209,7,0,True,0,car,0 days 00:01:02.531000,0 days 01:29:48.490000,3632.678888888889,16.0
2023-10-22 19:30:50.923,10027,188,7,0,True,0,car,0 days 00:01:02.731000,0 days 01:29:48.690000,3643.123333333334,16.0
2023-10-22 19:30:51.123,10001,169,7,0,True,0,car,0 days 00:01:02.931000,0 days 01:29:48.890000,3652.5122222222226,16.0
2023-10-22 19:30:51.443,9808,161,5,0,True,0,car,0 days 00:01:03.251000,0 days 01:29:49.210000,3666.8233333333337,16.0
2023-10-22 19:30:51.724,9590,130,3,0,True,0,car,0 days 00:01:03.532000,0 days 01:29:49.491000,3676.970555555556,16.0
2023-10-22 19:30:51.964,9756,130,3,0,True,0,car,0 days 00:01:03.772000,0 days 01:29:49.731000,3685.6372222222226,16.0
2023-10-22 19:30:52.164,8923,111,2,0,True,0,car,0 days 00:01:03.972000,0 days 01:29:49.931000,3691.8038888888896,16.0
2023-10-22 19:30:52.364,8417,104,2,0,True,0,car,0 days 00:01:04.172000,0 days 01:29:50.131000,3697.5816666666674,16.0
2023-10-22 19:30:52.564,8103,97,2,0,True,0,car,0 days 00:01:04.372000,0 days 01:29:50.331000,3702.9705555555565,16.0
2023-10-22 19:30:52.764,7888,93,2,0,True,0,car,0 days 00:01:04.572000,0 days 01:29:50.531000,3708.137222222223,16.0
2023-10-22 19:30:53.044,7338,88,2,0,False,0,car,0 days 00:01:04.852000,0 days 01:29:50.811000,3714.9816666666675,16.0
2023-10-22 19:30:53.244,7235,86,2,0,False,0,car,0 days 00:01:05.052000,0 days 01:29:51.011000,3719.7594444444453,16.0
2023-10-22 19:30:53.484,7039,84,2,2,False,0,car,0 days 00:01:05.292000,0 days 01:29:51.251000,3725.359444444445,16.0
2023-10-22 19:30:53.644,7160,82,2,3,False,0,car,0 days 00:01:05.452000,0 days 01:29:51.411000,3729.0038888888894,16.0
2023-10-22 19:30:53.924,7397,84,2,28,False,0,car,0 days 00:01:05.732000,0 days 01:29:51.691000,3735.5372222222227,16.0
2023-10-22 19:30:54.284,7907,84,2,44,False,0,car,0 days 00:01:06.092000,0 days 01:29:52.051000,3743.9372222222228,16.0
2023-10-22 19:30:54.603,8792,98,2,51,False,0,car,0 days 00:01:06.411000,0 days 01:29:52.370000,3752.6211111111115,16.0
2023-10-22 19:30:54.843,9679,98,2,59,False,0,car,0 days 00:01:06.651000,0 days 01:29:52.610000,3759.154444444445,16.0
2023-10-22 19:30:55.123,10738,122,2,75,False,0,car,0 days 00:01:06.931000,0 days 01:29:52.890000,3768.643333333334,16.0
2023-10-22 19:30:55.363,11196,130,2,83,False,0,car,0 days 00:01:07.171000,0 days 01:29:53.130000,3777.310000000001,16.0
2023-10-22 19:30:55.763,11338,151,3,100,False,0,car,0 days 00:01:07.571000,0 days 01:29:53.530000,3794.0877777777782,16.0
2023-10-22 19:30:55.923,11099,159,3,100,False,0,car,0 days 00:01:07.731000,0 days 01:29:53.690000,3801.154444444445,16.0
2023-10-22 19:30:56.163,10618,168,3,100,False,0,car,0 days 00:01:07.971000,0 days 01:29:53.930000,3812.354444444445,16.0
2023-10-22 19:30:56.323,11142,176,4,100,False,0,car,0 days 00:01:08.131000,0 days 01:29:54.090000,3820.176666666667,16.0
2023-10-22 19:30:56.603,11509,178,4,100,False,0,car,0 days 00:01:08.411000,0 days 01:29:54.370000,3834.0211111111116,16.0
2023-10-22 19:30:56.963,10375,191,4,100,False,0,car,0 days 00:01:08.771000,0 days 01:29:54.730000,3853.1211111111115,16.0
2023-10-22 19:30:57.163,10849,193,5,99,True,0,car,0 days 00:01:08.971000,0 days 01:29:54.930000,3863.8433333333337,16.0
2023-10-22 19:30:57.363,10794,180,5,0,True,0,car,0 days 00:01:09.171000,0 days 01:29:55.130000,3873.8433333333337,16.0
2023-10-22 19:30:57.563,11290,166,4,0,True,0,car,0 days 00:01:09.371000,0 days 01:29:55.330000,3883.0655555555554,16.0
2023-10-22 19:30:57.723,11131,150,4,0,True,0,car,0 days 00:01:09.531000,0 days 01:29:55.490000,3889.7322222222224,16.0
2023-10-22 19:30:58.044,9426,136,3,0,True,0,car,0 days 00:01:09.852000,0 days 01:29:55.811000,3901.858888888889,16.0
2023-10-22 19:30:58.444,8367,122,3,0,True,0,car,0 days 00:01:10.252000,0 days 01:29:56.211000,3915.414444444444,16.0
2023-10-22 19:30:58.604,8036,115,3,0,True,0,car,0 days 00:01:10.412000,0 days 01:29:56.371000,3920.5255555555555,16.0
2023-10-22 19:30:58.964,7386,105,3,0,True,0,car,0 days 00:01:10.772000,0 days 01:29:56.731000,3931.0255555555555,16.0
2023-10-22 19:30:59.164,7081,102,3,0,False,0,car,0 days 00:01:10.972000,0 days 01:29:56.931000,3936.692222222222,16.0
2023-10-22 19:30:59.364,6999,99,3,0,False,0,car,0 days 00:01:11.172000,0 days 01:29:57.131000,3942.192222222222,16.0
2023-10-22 19:30:59.604,6659,96,3,0,False,0,car,0 days 00:01:11.412000,0 days 01:29:57.371000,3948.592222222222,16.0
2023-10-22 19:30:59.764,6668,94,3,0,False,0,car,0 days 00:01:11.572000,0 days 01:29:57.531000,3952.7699999999995,16.0
2023-10-22 19:31:00.004,6991,92,3,12,False,0,car,0 days 00:01:11.812000,0 days 01:29:57.771000,3958.9033333333327,16.0
2023-10-22 19:31:00.284,6896,91,3,27,False,0,car,0 days 00:01:12.092000,0 days 01:29:58.051000,3965.9811111111107,16.0
2023-10-22 19:31:00.444,7017,93,3,30,False,0,car,0 days 00:01:12.252000,0 days 01:29:58.211000,3970.114444444444,16.0
2023-10-22 19:31:00.684,7244,96,3,36,False,0,car,0 days 00:01:12.492000,0 days 01:29:58.451000,3976.514444444444,16.0
2023-10-22 19:31:00.844,7497,99,3,39,False,0,car,0 days 00:01:12.652000,0 days 01:29:58.611000,3980.914444444444,16.0
2023-10-22 19:31:01.163,8037,105,3,45,False,0,car,0 days 00:01:12.971000,0 days 01:29:58.930000,3990.218611111111,16.0
2023-10-22 19:31:01.483,8550,112,3,53,False,0,car,0 days 00:01:13.291000,0 days 01:29:59.250000,4000.174166666666,16.0
2023-10-22 19:31:01.803,9397,121,3,61,False,0,car,0 days 00:01:13.611000,0 days 01:29:59.570000,4010.929722222222,16.0
2023-10-22 19:31:02.043,10200,131,3,63,False,0,car,0 days 00:01:13.851000,0 days 01:29:59.810000,4019.6630555555553,16.0
2023-10-22 19:31:02.323,10771,142,3,73,False,0,car,0 days 00:01:14.131000,0 days 01:30:00.090000,4030.7075,16.0
2023-10-22 19:31:02.523,11427,150,3,80,False,0,car,0 days 00:01:14.331000,0 days 01:30:00.290000,4039.0408333333335,16.0
2023-10-22 19:31:02.683,11484,154,3,100,False,0,car,0 days 00:01:14.491000,0 days 01:30:00.450000,4045.885277777778,16.0
2023-10-22 19:31:02.963,10106,163,3,99,False,0,car,0 days 00:01:14.771000,0 days 01:30:00.730000,4058.563055555556,16.0
2023-10-22 19:31:03.163,10666,170,4,99,False,0,car,0 days 00:01:14.971000,0 days 01:30:00.930000,4068.0075000000006,16.0
2023-10-22 19:31:03.363,10943,175,4,100,False,0,car,0 days 00:01:15.171000,0 days 01:30:01.130000,4077.729722222223,16.0
2023-10-22 19:31:03.683,10083,184,4,100,False,0,car,0 days 00:01:15.491000,0 days 01:30:01.450000,4094.085277777778,16.0
2023-10-22 19:31:03.963,10402,192,5,100,False,0,car,0 days 00:01:15.771000,0 days 01:30:01.730000,4109.018611111112,16.0
2023-10-22 19:31:04.363,9966,183,5,0,True,0,car,0 days 00:01:16.171000,0 days 01:30:02.130000,4129.3519444444455,16.0
2023-10-22 19:31:04.563,9966,163,5,0,True,0,car,0 days 00:01:16.371000,0 days 01:30:02.330000,4138.4075,16.0
2023-10-22 19:31:04.804,9756,159,4,0,True,0,car,0 days 00:01:16.612000,0 days 01:30:02.571000,4149.051666666667,16.0
2023-10-22 19:31:05.004,10003,149,3,0,True,0,car,0 days 00:01:16.812000,0 days 01:30:02.771000,4157.3294444444455,16.0
2023-10-22 19:31:05.164,9505,139,3,0,True,0,car,0 days 00:01:16.972000,0 days 01:30:02.931000,4163.507222222223,16.0
2023-10-22 19:31:05.364,8862,125,3,0,True,0,car,0 days 00:01:17.172000,0 days 01:30:03.131000,4170.451666666668,16.0
2023-10-22 19:31:05.764,8065,111,3,0,True,0,car,0 days 00:01:17.572000,0 days 01:30:03.531000,4182.785000000002,16.0
2023-10-22 19:31:06.044,7232,103,3,0,True,0,car,0 days 00:01:17.852000,0 days 01:30:03.811000,4190.796111111113,16.0
2023-10-22 19:31:06.324,6758,96,3,0,True,0,car,0 days 00:01:18.132000,0 days 01:30:04.091000,4198.262777777779,16.0
2023-10-22 19:31:06.564,6330,91,3,0,True,0,car,0 days 00:01:18.372000,0 days 01:30:04.331000,4204.3294444444455,16.0
2023-10-22 19:31:06.844,6128,87,3,0,False,0,car,0 days 00:01:18.652000,0 days 01:30:04.611000,4211.096111111112,16.0
2023-10-22 19:31:07.084,5812,85,3,0,False,0,car,0 days 00:01:18.892000,0 days 01:30:04.851000,4216.762777777779,16.0
2023-10-22 19:31:07.444,5760,80,3,0,False,0,car,0 days 00:01:19.252000,0 days 01:30:05.211000,4224.762777777779,16.0
2023-10-22 19:31:07.764,6007,78,3,15,False,0,car,0 days 00:01:19.572000,0 days 01:30:05.531000,4231.696111111112,16.0
2023-10-22 19:31:07.963,6224,81,3,23,False,0,car,0 days 00:01:19.771000,0 days 01:30:05.730000,4236.173611111112,16.0
2023-10-22 19:31:08.203,6402,82,3,36,False,0,car,0 days 00:01:20.011000,0 days 01:30:05.970000,4241.6402777777785,16.0
2023-10-22 19:31:08.483,6762,90,3,43,False,0,car,0 days 00:01:20.291000,0 days 01:30:06.250000,4248.6402777777785,16.0
2023-10-22 19:31:08.643,7203,96,3,46,False,0,car,0 days 00:01:20.451000,0 days 01:30:06.410000,4252.906944444445,16.0
2023-10-22 19:31:08.883,7656,101,3,52,False,0,car,0 days 00:01:20.691000,0 days 01:30:06.650000,4259.6402777777785,16.0
2023-10-22 19:31:09.203,8705,111,3,61,False,0,car,0 days 00:01:21.011000,0 days 01:30:06.970000,4269.506944444445,16.0
2023-10-22 19:31:09.523,9724,126,3,72,False,0,car,0 days 00:01:21.331000,0 days 01:30:07.290000,4280.706944444445,16.0
2023-10-22 19:31:09.883,11091,137,3,100,False,0,car,0 days 00:01:21.691000,0 days 01:30:07.650000,4294.406944444445,16.0
2023-10-22 19:31:10.043,11339,152,3,99,False,0,car,0 days 00:01:21.851000,0 days 01:30:07.810000,4301.1625,16.0
2023-10-22 19:31:10.403,10194,160,4,100,False,0,car,0 days 00:01:22.211000,0 days 01:30:08.170000,4317.1625,16.0
2023-10-22 19:31:10.723,11209,181,4,100,False,0,car,0 days 00:01:22.531000,0 days 01:30:08.490000,4333.25138888889,16.0
2023-10-22 19:31:10.923,10393,188,4,100,False,0,car,0 days 00:01:22.731000,0 days 01:30:08.690000,4343.695833333333,16.0
2023-10-22 19:31:11.083,10416,191,5,100,False,0,car,0 days 00:01:22.891000,0 days 01:30:08.850000,4352.184722222222,16.0
2023-10-22 19:31:11.324,10897,200,5,100,False,0,car,0 days 00:01:23.132000,0 days 01:30:09.091000,4365.573611111111,16.0
2023-10-22 19:31:11.684,11408,208,5,100,False,0,car,0 days 00:01:23.492000,0 days 01:30:09.451000,4386.373611111111,16.0
2023-10-22 19:31:11.924,11687,212,5,100,False,0,car,0 days 00:01:23.732000,0 days 01:30:09.691000,4400.506944444444,16.0
2023-10-22 19:31:12.324,10643,222,6,100,False,0,car,0 days 00:01:24.132000,0 days 01:30:10.091000,4425.173611111111,16.0
2023-10-22 19:31:12.524,10671,224,6,100,False,0,car,0 days 00:01:24.332000,0 days 01:30:10.291000,4437.618055555555,16.0
2023-10-22 19:31:12.724,10871,228,6,100,False,0,car,0 days 00:01:24.532000,0 days 01:30:10.491000,4450.284722222222,16.0
2023-10-22 19:31:12.884,10871,228,6,100,False,0,car,0 days 00:01:24.692000,0 days 01:30:10.651000,4460.418055555555,16.0
2023-10-22 19:31:13.124,10993,231,6,84,False,0,car,0 days 00:01:24.932000,0 days 01:30:10.891000,4475.8180555555555,16.0
2023-10-22 19:31:13.284,11032,232,6,79,False,0,car,0 days 00:01:25.092000,0 days 01:30:11.051000,4486.129166666667,16.0
2023-10-22 19:31:13.524,10998,234,6,74,False,0,car,0 days 00:01:25.332000,0 days 01:30:11.291000,4501.729166666666,16.0
2023-10-22 19:31:13.804,11018,233,6,67,False,0,car,0 days 00:01:25.612000,0 days 01:30:11.571000,4519.851388888888,16.0
2023-10-22 19:31:14.244,11114,232,6,72,False,0,car,0 days 00:01:26.052000,0 days 01:30:12.011000,4548.206944444445,16.0
2023-10-22 19:31:14.643,11163,234,6,82,False,0,car,0 days 00:01:26.451000,0 days 01:30:12.410000,4574.141944444445,16.0
2023-10-22 19:31:14.843,11386,235,6,100,False,0,car,0 days 00:01:26.651000,0 days 01:30:12.610000,4587.1975,16.0
2023-10-22 19:31:15.003,11428,235,6,100,False,0,car,0 days 00:01:26.811000,0 days 01:30:12.770000,4597.6419444444455,16.0
2023-10-22 19:31:15.163,11491,238,6,100,False,0,car,0 days 00:01:26.971000,0 days 01:30:12.930000,4608.219722222223,16.0
2023-10-22 19:31:15.403,11505,241,6,100,False,0,car,0 days 00:01:27.211000,0 days 01:30:13.170000,4624.28638888889,16.0
2023-10-22 19:31:15.723,10938,246,6,100,False,0,car,0 days 00:01:27.531000,0 days 01:30:13.490000,4646.153055555556,16.0
2023-10-22 19:31:15.963,10437,250,7,100,False,0,car,0 days 00:01:27.771000,0 days 01:30:13.730000,4662.8197222222225,16.0
2023-10-22 19:31:16.163,10506,252,7,100,False,0,car,0 days 00:01:27.971000,0 days 01:30:13.930000,4676.8197222222225,16.0
2023-10-22 19:31:16.363,10471,252,7,100,False,0,car,0 days 00:01:28.171000,0 days 01:30:14.130000,4690.8197222222225,16.0
2023-10-22 19:31:16.683,10613,254,7,100,False,0,car,0 days 00:01:28.491000,0 days 01:30:14.450000,4713.3975,16.0
2023-10-22 19:31:16.843,10890,254,7,100,False,0,car,0 days 00:01:28.651000,0 days 01:30:14.610000,4724.686388888888,16.0
2023-10-22 19:31:17.043,10633,254,7,100,False,0,car,0 days 00:01:28.851000,0 days 01:30:14.810000,4738.7975,16.0
2023-10-22 19:31:17.203,10726,257,7,100,False,0,car,0 days 00:01:29.011000,0 days 01:30:14.970000,4750.219722222221,16.0
2023-10-22 19:31:17.443,10827,258,7,100,False,0,car,0 days 00:01:29.251000,0 days 01:30:15.210000,4767.419722222222,16.0
2023-10-22 19:31:17.723,10708,258,7,100,False,0,car,0 days 00:01:29.531000,0 days 01:30:15.490000,4787.4863888888885,16.0
2023-10-22 19:31:18.164,10796,261,7,100,False,0,car,0 days 00:01:29.972000,0 days 01:30:15.931000,4819.4588888888875,16.0
2023-10-22 19:31:18.444,10921,263,7,99,False,0,car,0 days 00:01:30.252000,0 days 01:30:16.211000,4839.914444444443,16.0
2023-10-22 19:31:18.804,11020,266,7,100,False,0,car,0 days 00:01:30.612000,0 days 01:30:16.571000,4866.514444444443,16.0
2023-10-22 19:31:18.964,11029,265,7,99,False,0,car,0 days 00:01:30.772000,0 days 01:30:16.731000,4878.292222222221,16.0
2023-10-22 19:31:19.204,10077,250,7,1,True,0,car,0 days 00:01:31.012000,0 days 01:30:16.971000,4894.9588888888875,16.0
2023-10-22 19:31:19.604,10000,236,6,0,True,0,car,0 days 00:01:31.412000,0 days 01:30:17.371000,4921.18111111111,16.0
2023-10-22 19:31:19.764,10322,211,6,0,True,0,car,0 days 00:01:31.572000,0 days 01:30:17.531000,4930.558888888888,16.0
2023-10-22 19:31:20.044,10410,197,5,0,True,0,car,0 days 00:01:31.852000,0 days 01:30:17.811000,4945.88111111111,16.0
2023-10-22 19:31:20.404,9775,186,5,0,True,0,car,0 days 00:01:32.212000,0 days 01:30:18.171000,4964.48111111111,16.0
2023-10-22 19:31:20.804,9652,181,5,1,False,0,car,0 days 00:01:32.612000,0 days 01:30:18.571000,4984.592222222221,16.0
2023-10-22 19:31:21.044,9586,175,5,40,False,0,car,0 days 00:01:32.852000,0 days 01:30:18.811000,4996.258888888888,16.0
2023-10-22 19:31:21.443,10055,182,5,63,False,0,car,0 days 00:01:33.251000,0 days 01:30:19.210000,5016.430555555555,16.0
2023-10-22 19:31:21.683,10403,184,5,94,False,0,car,0 days 00:01:33.491000,0 days 01:30:19.450000,5028.697222222221,16.0
2023-10-22 19:31:21.923,10759,193,5,100,False,0,car,0 days 00:01:33.731000,0 days 01:30:19.690000,5041.563888888888,16.0
2023-10-22 19:31:22.243,11375,204,5,100,True,0,car,0 days 00:01:34.051000,0 days 01:30:20.010000,5059.697222222222,16.0
2023-10-22 19:31:22.643,11033,214,5,100,False,0,car,0 days 00:01:34.451000,0 days 01:30:20.410000,5083.474999999999,16.0
2023-10-22 19:31:22.843,10209,217,6,100,False,0,car,0 days 00:01:34.651000,0 days 01:30:20.610000,5095.530555555555,16.0
2023-10-22 19:31:23.043,10486,222,6,100,False,0,car,0 days 00:01:34.851000,0 days 01:30:20.810000,5107.863888888889,16.0
2023-10-22 19:31:23.323,10741,227,6,100,False,0,car,0 days 00:01:35.131000,0 days 01:30:21.090000,5125.519444444445,16.0
2023-10-22 19:31:23.483,10851,228,6,100,False,0,car,0 days 00:01:35.291000,0 days 01:30:21.250000,5135.652777777778,16.0
2023-10-22 19:31:23.683,10869,231,6,100,False,0,car,0 days 00:01:35.491000,0 days 01:30:21.450000,5148.486111111112,16.0
2023-10-22 19:31:23.883,11068,234,6,100,False,0,car,0 days 00:01:35.691000,0 days 01:30:21.650000,5161.486111111112,16.0
2023-10-22 19:31:24.123,10925,235,6,100,True,0,car,0 days 00:01:35.931000,0 days 01:30:21.890000,5177.152777777778,16.0
2023-10-22 19:31:24.404,10938,214,6,0,True,0,car,0 days 00:01:36.212000,0 days 01:30:22.171000,5193.8566666666675,16.0
2023-10-22 19:31:24.684,10545,179,6,0,True,0,car,0 days 00:01:36.492000,0 days 01:30:22.451000,5207.77888888889,16.0
2023-10-22 19:31:24.924,11108,154,4,0,True,0,car,0 days 00:01:36.732000,0 days 01:30:22.691000,5218.045555555556,16.0
2023-10-22 19:31:25.124,10128,140,3,0,True,0,car,0 days 00:01:36.932000,0 days 01:30:22.891000,5225.823333333335,16.0
2023-10-22 19:31:25.284,9430,135,3,0,True,0,car,0 days 00:01:37.092000,0 days 01:30:23.051000,5231.823333333335,16.0
2023-10-22 19:31:25.484,8740,124,3,0,True,0,car,0 days 00:01:37.292000,0 days 01:30:23.251000,5238.712222222223,16.0
2023-10-22 19:31:25.724,7777,111,3,0,True,0,car,0 days 00:01:37.532000,0 days 01:30:23.491000,5246.112222222223,16.0
2023-10-22 19:31:26.004,7239,104,3,0,True,0,car,0 days 00:01:37.812000,0 days 01:30:23.771000,5254.2011111111115,16.0
2023-10-22 19:31:26.364,6565,94,3,0,True,0,car,0 days 00:01:38.172000,0 days 01:30:24.131000,5263.601111111111,16.0
2023-10-22 19:31:26.644,6271,89,3,0,False,0,car,0 days 00:01:38.452000,0 days 01:30:24.411000,5270.5233333333335,16.0
2023-10-22 19:31:26.964,6643,86,3,1,False,0,car,0 days 00:01:38.772000,0 days 01:30:24.731000,5278.167777777779,16.0
2023-10-22 19:31:27.124,6383,86,3,19,False,0,car,0 days 00:01:38.932000,0 days 01:30:24.891000,5281.990000000001,16.0
2023-10-22 19:31:27.324,6676,88,3,27,False,0,car,0 days 00:01:39.132000,0 days 01:30:25.091000,5286.878888888889,16.0
2023-10-22 19:31:27.524,6954,90,3,34,False,0,car,0 days 00:01:39.332000,0 days 01:30:25.291000,5291.878888888889,16.0
2023-10-22 19:31:27.844,7343,97,3,42,False,0,car,0 days 00:01:39.652000,0 days 01:30:25.611000,5300.501111111112,16.0
2023-10-22 19:31:28.203,7967,105,3,52,False,0,car,0 days 00:01:40.011000,0 days 01:30:25.970000,5310.9719444444445,16.0
2023-10-22 19:31:28.683,9359,122,3,76,False,0,car,0 days 00:01:40.491000,0 days 01:30:26.450000,5327.238611111111,16.0
2023-10-22 19:31:29.003,10514,135,3,83,False,0,car,0 days 00:01:40.811000,0 days 01:30:26.770000,5339.238611111111,16.0
2023-10-22 19:31:29.163,10917,135,3,98,False,0,car,0 days 00:01:40.971000,0 days 01:30:26.930000,5345.238611111111,16.0
2023-10-22 19:31:29.323,11468,157,3,100,False,0,car,0 days 00:01:41.131000,0 days 01:30:27.090000,5352.216388888888,16.0
2023-10-22 19:31:29.563,10908,163,3,100,False,0,car,0 days 00:01:41.371000,0 days 01:30:27.330000,5363.083055555555,16.0
2023-10-22 19:31:29.843,11331,172,4,100,False,0,car,0 days 00:01:41.651000,0 days 01:30:27.610000,5376.460833333333,16.0
2023-10-22 19:31:30.123,11707,186,4,99,False,0,car,0 days 00:01:41.931000,0 days 01:30:27.890000,5390.9275,16.0
2023-10-22 19:31:30.403,10689,193,5,100,False,0,car,0 days 00:01:42.211000,0 days 01:30:28.170000,5405.938611111111,16.0
2023-10-22 19:31:30.723,11285,205,5,100,False,0,car,0 days 00:01:42.531000,0 days 01:30:28.490000,5424.160833333333,16.0
2023-10-22 19:31:31.044,11621,214,5,100,False,0,car,0 days 00:00:00.062000,0 days 01:30:28.811000,3.6855555555555553,17.0
2023-10-22 19:31:31.524,10694,226,6,100,False,0,car,0 days 00:00:00.542000,0 days 01:30:29.291000,33.81888888888889,17.0
2023-10-22 19:31:31.964,11080,232,6,100,False,0,car,0 days 00:00:00.982000,0 days 01:30:29.731000,62.17444444444445,17.0
2023-10-22 19:31:32.124,11281,238,6,100,False,0,car,0 days 00:00:01.142000,0 days 01:30:29.891000,72.75222222222222,17.0
2023-10-22 19:31:32.444,11469,243,6,100,False,0,car,0 days 00:00:01.462000,0 days 01:30:30.211000,94.35222222222222,17.0
2023-10-22 19:31:32.644,11618,246,6,100,False,0,car,0 days 00:00:01.662000,0 days 01:30:30.411000,108.01888888888888,17.0
2023-10-22 19:31:32.964,10438,249,7,100,False,0,car,0 days 00:00:01.982000,0 days 01:30:30.731000,130.15222222222224,17.0
2023-10-22 19:31:33.244,10513,253,7,100,False,0,car,0 days 00:00:02.262000,0 days 01:30:31.011000,149.83,17.0
2023-10-22 19:31:33.484,10695,258,7,100,False,0,car,0 days 00:00:02.502000,0 days 01:30:31.251000,167.03,17.0
2023-10-22 19:31:33.724,10806,261,7,100,False,0,car,0 days 00:00:02.742000,0 days 01:30:31.491000,184.43,17.0
2023-10-22 19:31:33.884,10874,263,7,100,False,0,car,0 days 00:00:02.902000,0 days 01:30:31.651000,196.1188888888889,17.0
2023-10-22 19:31:34.204,11098,266,7,100,False,0,car,0 days 00:00:03.222000,0 days 01:30:31.971000,219.76333333333332,17.0
2023-10-22 19:31:34.404,11132,268,7,100,False,0,car,0 days 00:00:03.422000,0 days 01:30:32.171000,234.65222222222224,17.0
2023-10-22 19:31:34.604,11231,270,7,100,False,0,car,0 days 00:00:03.622000,0 days 01:30:32.371000,249.6522222222222,17.0
2023-10-22 19:31:34.963,11380,273,7,100,False,0,car,0 days 00:00:03.981000,0 days 01:30:32.730000,276.87638888888887,17.0
2023-10-22 19:31:35.123,11426,275,7,100,False,0,car,0 days 00:00:04.141000,0 days 01:30:32.890000,289.0986111111111,17.0
2023-10-22 19:31:35.323,11469,276,7,100,False,0,car,0 days 00:00:04.341000,0 days 01:30:33.090000,304.43194444444447,17.0
2023-10-22 19:31:35.483,11514,277,7,100,False,0,car,0 days 00:00:04.501000,0 days 01:30:33.250000,316.7430555555556,17.0
2023-10-22 19:31:35.723,11563,279,7,100,False,0,car,0 days 00:00:04.741000,0 days 01:30:33.490000,335.34305555555557,17.0
2023-10-22 19:31:36.083,10413,280,8,100,False,0,car,0 days 00:00:05.101000,0 days 01:30:33.850000,363.34305555555557,17.0
2023-10-22 19:31:36.483,10405,282,8,100,False,0,car,0 days 00:00:05.501000,0 days 01:30:34.250000,394.67638888888894,17.0
2023-10-22 19:31:36.643,10408,282,8,100,False,0,car,0 days 00:00:05.661000,0 days 01:30:34.410000,407.20972222222224,17.0
2023-10-22 19:31:36.843,10376,282,8,100,False,0,car,0 days 00:00:05.861000,0 days 01:30:34.610000,422.8763888888889,17.0
2023-10-22 19:31:37.123,10362,282,8,100,False,0,car,0 days 00:00:06.141000,0 days 01:30:34.890000,444.80972222222226,17.0
2023-10-22 19:31:37.323,10318,281,8,100,False,0,car,0 days 00:00:06.341000,0 days 01:30:35.090000,460.4208333333334,17.0
2023-10-22 19:31:37.604,10227,280,8,100,False,0,car,0 days 00:00:06.622000,0 days 01:30:35.371000,482.27638888888896,17.0
2023-10-22 19:31:37.844,9853,278,8,100,False,0,car,0 days 00:00:06.862000,0 days 01:30:35.611000,500.8097222222223,17.0
2023-10-22 19:31:38.084,10054,270,8,0,True,0,car,0 days 00:00:07.102000,0 days 01:30:35.851000,518.8097222222224,17.0
2023-10-22 19:31:38.404,9644,260,8,0,True,0,car,0 days 00:00:07.422000,0 days 01:30:36.171000,541.9208333333335,17.0
2023-10-22 19:31:38.684,9098,201,8,0,True,0,car,0 days 00:00:07.702000,0 days 01:30:36.451000,557.5541666666668,17.0
2023-10-22 19:31:39.124,8297,153,6,0,True,0,car,0 days 00:00:08.142000,0 days 01:30:36.891000,576.2541666666667,17.0
2023-10-22 19:31:39.324,9077,139,5,0,True,0,car,0 days 00:00:08.342000,0 days 01:30:37.091000,583.976388888889,17.0
2023-10-22 19:31:39.524,9012,128,5,0,True,0,car,0 days 00:00:08.542000,0 days 01:30:37.291000,591.0875000000001,17.0
2023-10-22 19:31:39.724,8379,128,3,0,True,0,car,0 days 00:00:08.742000,0 days 01:30:37.491000,598.1986111111113,17.0
2023-10-22 19:31:39.884,7983,115,3,0,True,0,car,0 days 00:00:08.902000,0 days 01:30:37.651000,603.3097222222224,17.0
2023-10-22 19:31:40.124,7361,105,3,0,True,0,car,0 days 00:00:09.142000,0 days 01:30:37.891000,610.3097222222224,17.0
2023-10-22 19:31:40.404,6747,101,3,0,True,0,car,0 days 00:00:09.422000,0 days 01:30:38.171000,618.165277777778,17.0
2023-10-22 19:31:40.684,6457,91,3,0,True,0,car,0 days 00:00:09.702000,0 days 01:30:38.451000,625.2430555555558,17.0
2023-10-22 19:31:40.964,6047,86,3,0,False,0,car,0 days 00:00:09.982000,0 days 01:30:38.731000,631.9319444444446,17.0
2023-10-22 19:31:41.404,5670,83,3,0,False,0,car,0 days 00:00:10.422000,0 days 01:30:39.171000,642.0763888888891,17.0
2023-10-22 19:31:41.683,6013,77,3,10,False,0,car,0 days 00:00:10.701000,0 days 01:30:39.450000,648.0438888888891,17.0
2023-10-22 19:31:41.963,5866,78,3,20,False,0,car,0 days 00:00:10.981000,0 days 01:30:39.730000,654.1105555555557,17.0
2023-10-22 19:31:42.163,5970,80,3,25,False,0,car,0 days 00:00:11.181000,0 days 01:30:39.930000,658.5550000000002,17.0
2023-10-22 19:31:42.483,6442,83,3,36,False,0,car,0 days 00:00:11.501000,0 days 01:30:40.250000,665.9327777777779,17.0
2023-10-22 19:31:42.723,6966,91,3,39,False,0,car,0 days 00:00:11.741000,0 days 01:30:40.490000,671.9994444444446,17.0
2023-10-22 19:31:42.883,7192,93,3,42,False,0,car,0 days 00:00:11.901000,0 days 01:30:40.650000,676.132777777778,17.0
2023-10-22 19:31:43.083,7601,99,3,46,False,0,car,0 days 00:00:12.101000,0 days 01:30:40.850000,681.632777777778,17.0
2023-10-22 19:31:43.283,7988,104,3,49,False,0,car,0 days 00:00:12.301000,0 days 01:30:41.050000,687.4105555555557,17.0
2023-10-22 19:31:43.483,8513,110,3,55,False,0,car,0 days 00:00:12.501000,0 days 01:30:41.250000,693.5216666666668,17.0
2023-10-22 19:31:43.843,9587,126,3,62,False,0,car,0 days 00:00:12.861000,0 days 01:30:41.610000,706.1216666666668,17.0
2023-10-22 19:31:44.084,10521,134,3,75,False,0,car,0 days 00:00:13.102000,0 days 01:30:41.851000,715.0922222222223,17.0
2023-10-22 19:31:44.444,10810,152,3,91,False,0,car,0 days 00:00:13.462000,0 days 01:30:42.211000,730.2922222222222,17.0
2023-10-22 19:31:44.924,11066,175,4,100,False,0,car,0 days 00:00:13.942000,0 days 01:30:42.691000,753.6255555555556,17.0
2023-10-22 19:31:45.324,10546,188,4,100,False,0,car,0 days 00:00:14.342000,0 days 01:30:43.091000,774.5144444444445,17.0
2023-10-22 19:31:45.684,10995,199,5,100,False,0,car,0 days 00:00:14.702000,0 days 01:30:43.451000,794.4144444444445,17.0
2023-10-22 19:31:45.924,11486,210,5,100,False,0,car,0 days 00:00:14.942000,0 days 01:30:43.691000,808.4144444444445,17.0
2023-10-22 19:31:46.204,10223,218,6,100,False,0,car,0 days 00:00:15.222000,0 days 01:30:43.971000,825.37,17.0
2023-10-22 19:31:46.524,11044,226,6,99,False,0,car,0 days 00:00:15.542000,0 days 01:30:44.291000,845.458888888889,17.0
2023-10-22 19:31:46.724,10825,229,6,100,False,0,car,0 days 00:00:15.742000,0 days 01:30:44.491000,858.1811111111112,17.0
2023-10-22 19:31:46.884,11096,232,6,100,False,0,car,0 days 00:00:15.902000,0 days 01:30:44.651000,868.4922222222223,17.0
2023-10-22 19:31:47.044,11182,236,6,100,False,0,car,0 days 00:00:16.062000,0 days 01:30:44.811000,878.9811111111113,17.0
2023-10-22 19:31:47.204,11358,237,6,100,False,0,car,0 days 00:00:16.222000,0 days 01:30:44.971000,889.5144444444446,17.0
2023-10-22 19:31:47.484,11455,243,6,99,False,0,car,0 days 00:00:16.502000,0 days 01:30:45.251000,908.4144444444445,17.0
2023-10-22 19:31:47.644,11656,245,6,100,False,0,car,0 days 00:00:16.662000,0 days 01:30:45.411000,919.3033333333334,17.0
2023-10-22 19:31:47.964,10446,250,6,100,False,0,car,0 days 00:00:16.982000,0 days 01:30:45.731000,941.5255555555557,17.0
2023-10-22 19:31:48.363,10589,255,7,100,False,0,car,0 days 00:00:17.381000,0 days 01:30:46.130000,969.7880555555557,17.0
2023-10-22 19:31:48.563,10674,257,7,100,False,0,car,0 days 00:00:17.581000,0 days 01:30:46.330000,984.0658333333334,17.0
2023-10-22 19:31:48.723,10768,258,7,99,False,0,car,0 days 00:00:17.741000,0 days 01:30:46.490000,995.5325000000001,17.0
2023-10-22 19:31:49.003,10919,258,7,100,False,0,car,0 days 00:00:18.021000,0 days 01:30:46.770000,1015.5991666666669,17.0
2023-10-22 19:31:49.363,10908,266,7,100,False,0,car,0 days 00:00:18.381000,0 days 01:30:47.130000,1042.1991666666668,17.0
2023-10-22 19:31:49.723,11111,269,7,100,False,0,car,0 days 00:00:18.741000,0 days 01:30:47.490000,1069.0991666666666,17.0
2023-10-22 19:31:50.003,11173,269,7,100,False,0,car,0 days 00:00:19.021000,0 days 01:30:47.770000,1090.0213888888889,17.0
2023-10-22 19:31:50.203,11182,270,7,100,False,0,car,0 days 00:00:19.221000,0 days 01:30:47.970000,1105.0213888888889,17.0
2023-10-22 19:31:50.443,11222,270,7,100,False,0,car,0 days 00:00:19.461000,0 days 01:30:48.210000,1123.0213888888886,17.0
2023-10-22 19:31:50.844,11255,269,7,99,False,0,car,0 days 00:00:19.862000,0 days 01:30:48.611000,1152.9849999999997,17.0
2023-10-22 19:31:51.124,11237,270,7,99,False,0,car,0 days 00:00:20.142000,0 days 01:30:48.891000,1173.9849999999997,17.0
2023-10-22 19:31:51.404,11224,270,7,100,False,0,car,0 days 00:00:20.422000,0 days 01:30:49.171000,1194.9849999999997,17.0
2023-10-22 19:31:51.604,10664,272,7,8,True,0,car,0 days 00:00:20.622000,0 days 01:30:49.371000,1210.0961111111108,17.0
2023-10-22 19:31:51.764,10718,264,7,0,True,0,car,0 days 00:00:20.782000,0 days 01:30:49.531000,1221.829444444444,17.0
2023-10-22 19:31:52.164,10347,250,7,25,False,0,car,0 days 00:00:21.182000,0 days 01:30:49.931000,1249.6072222222217,17.0
2023-10-22 19:31:52.364,10150,247,7,47,False,0,car,0 days 00:00:21.382000,0 days 01:30:50.131000,1263.329444444444,17.0
2023-10-22 19:31:52.564,10293,246,7,65,False,0,car,0 days 00:00:21.582000,0 days 01:30:50.331000,1276.9961111111106,17.0
2023-10-22 19:31:52.724,10048,244,7,45,True,0,car,0 days 00:00:21.742000,0 days 01:30:50.491000,1287.840555555555,17.0
2023-10-22 19:31:52.964,10923,242,7,0,True,0,car,0 days 00:00:21.982000,0 days 01:30:50.731000,1303.9738888888883,17.0
2023-10-22 19:31:53.124,10528,228,6,0,True,0,car,0 days 00:00:22.142000,0 days 01:30:50.891000,1314.1072222222217,17.0
2023-10-22 19:31:53.444,10217,220,6,20,False,0,car,0 days 00:00:22.462000,0 days 01:30:51.211000,1333.6627777777774,17.0
2023-10-22 19:31:53.604,10207,217,6,37,False,0,car,0 days 00:00:22.622000,0 days 01:30:51.371000,1343.3072222222218,17.0
2023-10-22 19:31:53.964,10226,216,6,59,False,0,car,0 days 00:00:22.982000,0 days 01:30:51.731000,1364.9072222222217,17.0
2023-10-22 19:31:54.164,10435,217,6,74,False,0,car,0 days 00:00:23.182000,0 days 01:30:51.931000,1376.962777777777,17.0
2023-10-22 19:31:54.404,10593,222,6,90,False,0,car,0 days 00:00:23.422000,0 days 01:30:52.171000,1391.7627777777773,17.0
2023-10-22 19:31:54.564,10593,227,6,91,False,0,car,0 days 00:00:23.582000,0 days 01:30:52.331000,1401.8516666666662,17.0
2023-10-22 19:31:54.923,10398,224,6,25,False,0,car,0 days 00:00:23.941000,0 days 01:30:52.690000,1424.189444444444,17.0
2023-10-22 19:31:55.323,9794,212,6,0,True,0,car,0 days 00:00:24.341000,0 days 01:30:53.090000,1447.7449999999997,17.0
2023-10-22 19:31:55.683,9832,204,6,48,False,0,car,0 days 00:00:24.701000,0 days 01:30:53.450000,1468.1449999999995,17.0
2023-10-22 19:31:56.043,9683,207,6,63,False,0,car,0 days 00:00:25.061000,0 days 01:30:53.810000,1488.8449999999996,17.0
2023-10-22 19:31:56.323,9659,207,6,61,False,0,car,0 days 00:00:25.341000,0 days 01:30:54.090000,1504.9449999999997,17.0
2023-10-22 19:31:56.523,9565,206,6,0,False,0,car,0 days 00:00:25.541000,0 days 01:30:54.290000,1516.389444444444,17.0
2023-10-22 19:31:56.843,9250,197,6,29,False,0,car,0 days 00:00:25.861000,0 days 01:30:54.610000,1533.9005555555552,17.0
2023-10-22 19:31:57.163,9218,196,6,44,False,0,car,0 days 00:00:26.181000,0 days 01:30:54.930000,1551.3227777777774,17.0
2023-10-22 19:31:57.524,9379,197,6,61,False,0,car,0 days 00:00:26.542000,0 days 01:30:55.291000,1571.0774999999996,17.0
2023-10-22 19:31:58.004,9785,203,6,100,False,0,car,0 days 00:00:27.022000,0 days 01:30:55.771000,1598.144166666666,17.0
2023-10-22 19:31:58.164,9779,206,6,100,False,0,car,0 days 00:00:27.182000,0 days 01:30:55.931000,1607.2997222222216,17.0
2023-10-22 19:31:58.404,9854,207,6,100,False,0,car,0 days 00:00:27.422000,0 days 01:30:56.171000,1621.0997222222218,17.0
2023-10-22 19:31:58.604,9213,212,6,12,True,0,car,0 days 00:00:27.622000,0 days 01:30:56.371000,1632.8774999999996,17.0
2023-10-22 19:31:58.884,10441,203,6,0,True,0,car,0 days 00:00:27.902000,0 days 01:30:56.651000,1648.6663888888886,17.0
2023-10-22 19:31:59.124,10348,192,5,2,True,0,car,0 days 00:00:28.142000,0 days 01:30:56.891000,1661.4663888888886,17.0
2023-10-22 19:31:59.364,9897,186,5,3,True,0,car,0 days 00:00:28.382000,0 days 01:30:57.131000,1673.8663888888887,17.0
2023-10-22 19:31:59.644,9405,180,5,3,False,0,car,0 days 00:00:28.662000,0 days 01:30:57.411000,1687.8663888888884,17.0
2023-10-22 19:32:00.004,9617,174,5,42,False,0,car,0 days 00:00:29.022000,0 days 01:30:57.771000,1705.2663888888883,17.0
2023-10-22 19:32:00.364,9641,177,5,55,False,0,car,0 days 00:00:29.382000,0 days 01:30:58.131000,1722.9663888888883,17.0
2023-10-22 19:32:00.524,9920,180,5,65,False,0,car,0 days 00:00:29.542000,0 days 01:30:58.291000,1730.9663888888883,17.0
2023-10-22 19:32:00.764,10186,184,5,75,False,0,car,0 days 00:00:29.782000,0 days 01:30:58.531000,1743.233055555555,17.0
2023-10-22 19:32:01.004,10449,188,5,78,False,0,car,0 days 00:00:30.022000,0 days 01:30:58.771000,1755.7663888888883,17.0
2023-10-22 19:32:01.324,9927,192,5,32,True,0,car,0 days 00:00:30.342000,0 days 01:30:59.091000,1772.833055555555,17.0
2023-10-22 19:32:01.723,10571,177,4,0,True,0,car,0 days 00:00:30.741000,0 days 01:30:59.490000,1792.450555555555,17.0
2023-10-22 19:32:01.923,9939,163,4,0,True,0,car,0 days 00:00:30.941000,0 days 01:30:59.690000,1801.5061111111104,17.0
2023-10-22 19:32:02.243,9339,154,4,0,True,0,car,0 days 00:00:31.261000,0 days 01:31:00.010000,1815.1949999999993,17.0
2023-10-22 19:32:02.403,9199,152,4,0,False,0,car,0 days 00:00:31.421000,0 days 01:31:00.170000,1821.9505555555547,17.0
2023-10-22 19:32:02.643,8846,146,4,4,False,0,car,0 days 00:00:31.661000,0 days 01:31:00.410000,1831.683888888888,17.0
2023-10-22 19:32:02.923,8867,141,4,30,False,0,car,0 days 00:00:31.941000,0 days 01:31:00.690000,1842.6505555555545,17.0
2023-10-22 19:32:03.123,8444,139,4,0,True,0,car,0 days 00:00:32.141000,0 days 01:31:00.890000,1850.3727777777767,17.0
2023-10-22 19:32:03.363,8192,135,4,0,True,0,car,0 days 00:00:32.381000,0 days 01:31:01.130000,1859.3727777777767,17.0
2023-10-22 19:32:03.563,8096,129,4,0,False,0,car,0 days 00:00:32.581000,0 days 01:31:01.330000,1866.5394444444435,17.0
2023-10-22 19:32:03.763,8090,128,4,24,False,0,car,0 days 00:00:32.781000,0 days 01:31:01.530000,1873.6505555555543,17.0
2023-10-22 19:32:04.084,8098,129,4,40,False,0,car,0 days 00:00:33.102000,0 days 01:31:01.851000,1885.1530555555541,17.0
2023-10-22 19:32:04.404,8424,128,4,51,False,0,car,0 days 00:00:33.422000,0 days 01:31:02.171000,1896.5308333333319,17.0
2023-10-22 19:32:04.564,8559,134,4,57,False,0,car,0 days 00:00:33.582000,0 days 01:31:02.331000,1902.4863888888876,17.0
2023-10-22 19:32:04.844,9267,145,4,82,False,0,car,0 days 00:00:33.862000,0 days 01:31:02.611000,1913.7641666666655,17.0
2023-10-22 19:32:05.164,9576,150,4,49,False,0,car,0 days 00:00:34.182000,0 days 01:31:02.931000,1927.0974999999987,17.0
2023-10-22 19:32:05.404,9353,148,4,41,False,0,car,0 days 00:00:34.422000,0 days 01:31:03.171000,1936.9641666666653,17.0
2023-10-22 19:32:05.604,9628,150,4,44,False,0,car,0 days 00:00:34.622000,0 days 01:31:03.371000,1945.2974999999988,17.0
2023-10-22 19:32:05.844,10274,153,4,53,False,0,car,0 days 00:00:34.862000,0 days 01:31:03.611000,1955.4974999999988,17.0
2023-10-22 19:32:06.044,9883,155,4,57,False,0,car,0 days 00:00:35.062000,0 days 01:31:03.811000,1964.1086111111097,17.0
2023-10-22 19:32:06.204,10161,158,4,70,False,0,car,0 days 00:00:35.222000,0 days 01:31:03.971000,1971.130833333332,17.0
2023-10-22 19:32:06.404,10706,164,4,83,False,0,car,0 days 00:00:35.422000,0 days 01:31:04.171000,1980.2419444444429,17.0
2023-10-22 19:32:06.764,11638,171,4,99,False,0,car,0 days 00:00:35.782000,0 days 01:31:04.531000,1997.3419444444428,17.0
2023-10-22 19:32:06.964,11491,182,4,99,False,0,car,0 days 00:00:35.982000,0 days 01:31:04.731000,2007.453055555554,17.0
2023-10-22 19:32:07.204,10706,192,5,100,False,0,car,0 days 00:00:36.222000,0 days 01:31:04.971000,2020.2530555555543,17.0
2023-10-22 19:32:07.484,11475,202,5,100,False,0,car,0 days 00:00:36.502000,0 days 01:31:05.251000,2035.9641666666655,17.0
2023-10-22 19:32:07.684,11414,208,5,100,False,0,car,0 days 00:00:36.702000,0 days 01:31:05.451000,2047.5197222222207,17.0
2023-10-22 19:32:07.964,11058,216,5,100,False,0,car,0 days 00:00:36.982000,0 days 01:31:05.731000,2064.3197222222207,17.0
2023-10-22 19:32:08.164,10532,222,6,100,False,0,car,0 days 00:00:37.182000,0 days 01:31:05.931000,2076.653055555554,17.0
2023-10-22 19:32:08.403,10861,227,6,100,False,0,car,0 days 00:00:37.421000,0 days 01:31:06.170000,2091.7233333333315,17.0
2023-10-22 19:32:08.643,11060,231,6,100,False,0,car,0 days 00:00:37.661000,0 days 01:31:06.410000,2107.1233333333316,17.0
2023-10-22 19:32:08.843,11343,237,6,100,False,0,car,0 days 00:00:37.861000,0 days 01:31:06.610000,2120.289999999998,17.0
2023-10-22 19:32:09.083,10749,242,6,100,False,0,car,0 days 00:00:38.101000,0 days 01:31:06.850000,2136.423333333332,17.0
2023-10-22 19:32:09.403,10526,246,7,100,False,0,car,0 days 00:00:38.421000,0 days 01:31:07.170000,2158.2899999999986,17.0
2023-10-22 19:32:09.723,10577,253,7,100,False,0,car,0 days 00:00:38.741000,0 days 01:31:07.490000,2180.7788888888876,17.0
2023-10-22 19:32:10.003,10701,255,7,100,False,0,car,0 days 00:00:39.021000,0 days 01:31:07.770000,2200.612222222221,17.0
2023-10-22 19:32:10.363,10908,262,7,100,False,0,car,0 days 00:00:39.381000,0 days 01:31:08.130000,2226.812222222221,17.0
2023-10-22 19:32:10.524,11013,265,7,100,False,0,car,0 days 00:00:39.542000,0 days 01:31:08.291000,2238.6636111111097,17.0
2023-10-22 19:32:10.844,11064,265,7,99,False,0,car,0 days 00:00:39.862000,0 days 01:31:08.611000,2262.2191666666654,17.0
2023-10-22 19:32:11.164,11317,273,7,99,False,0,car,0 days 00:00:40.182000,0 days 01:31:08.931000,2286.4858333333323,17.0
2023-10-22 19:32:11.364,11408,275,7,100,False,0,car,0 days 00:00:40.382000,0 days 01:31:09.131000,2301.7636111111096,17.0
2023-10-22 19:32:11.644,11536,279,7,99,False,0,car,0 days 00:00:40.662000,0 days 01:31:09.411000,2323.46361111111,17.0
2023-10-22 19:32:11.844,11609,280,7,99,False,0,car,0 days 00:00:40.862000,0 days 01:31:09.611000,2339.0191666666656,17.0
2023-10-22 19:32:12.004,11662,281,7,99,False,0,car,0 days 00:00:41.022000,0 days 01:31:09.771000,2351.508055555554,17.0
2023-10-22 19:32:12.164,11711,282,7,100,False,0,car,0 days 00:00:41.182000,0 days 01:31:09.931000,2364.041388888888,17.0
2023-10-22 19:32:12.524,11438,277,7,0,False,0,car,0 days 00:00:41.542000,0 days 01:31:10.291000,2391.7413888888877,17.0
2023-10-22 19:32:12.804,11124,273,7,0,True,0,car,0 days 00:00:41.822000,0 days 01:31:10.571000,2412.9747222222213,17.0
2023-10-22 19:32:12.964,10564,253,7,0,True,0,car,0 days 00:00:41.982000,0 days 01:31:10.731000,2424.2191666666654,17.0
2023-10-22 19:32:13.164,10462,228,7,0,True,0,car,0 days 00:00:42.182000,0 days 01:31:10.931000,2436.8858333333324,17.0
2023-10-22 19:32:13.484,9837,197,6,0,True,0,car,0 days 00:00:42.502000,0 days 01:31:11.251000,2454.3969444444433,17.0
2023-10-22 19:32:13.724,10325,169,5,0,True,0,car,0 days 00:00:42.742000,0 days 01:31:11.491000,2465.6636111111097,17.0
2023-10-22 19:32:14.084,10133,153,4,0,True,0,car,0 days 00:00:43.102000,0 days 01:31:11.851000,2480.96361111111,17.0
2023-10-22 19:32:14.324,9153,129,3,0,True,0,car,0 days 00:00:43.342000,0 days 01:31:12.091000,2489.56361111111,17.0
2023-10-22 19:32:14.604,8441,118,3,0,False,0,car,0 days 00:00:43.622000,0 days 01:31:12.371000,2498.7413888888877,17.0
2023-10-22 19:32:14.884,8686,110,3,0,True,0,car,0 days 00:00:43.902000,0 days 01:31:12.651000,2507.2969444444434,17.0
2023-10-22 19:32:15.083,8202,102,2,0,True,0,car,0 days 00:00:44.101000,0 days 01:31:12.850000,2512.9352777777767,17.0
2023-10-22 19:32:15.323,8250,94,2,0,True,0,car,0 days 00:00:44.341000,0 days 01:31:13.090000,2519.2019444444436,17.0
2023-10-22 19:32:15.683,7279,84,2,0,True,0,car,0 days 00:00:44.701000,0 days 01:31:13.450000,2527.6019444444437,17.0
2023-10-22 19:32:16.083,5966,71,2,0,True,0,car,0 days 00:00:45.101000,0 days 01:31:13.850000,2535.4908333333324,17.0
2023-10-22 19:32:16.283,5457,65,2,0,True,0,car,0 days 00:00:45.301000,0 days 01:31:14.050000,2539.1019444444437,17.0
2023-10-22 19:32:16.523,4896,60,2,0,True,0,car,0 days 00:00:45.541000,0 days 01:31:14.290000,2543.1019444444437,17.0
2023-10-22 19:32:16.723,4679,57,2,0,True,0,car,0 days 00:00:45.741000,0 days 01:31:14.490000,2546.26861111111,17.0
2023-10-22 19:32:16.923,4440,54,2,0,True,0,car,0 days 00:00:45.941000,0 days 01:31:14.690000,2549.26861111111,17.0
2023-10-22 19:32:17.204,4194,51,2,0,False,0,car,0 days 00:00:46.222000,0 days 01:31:14.971000,2553.2494444444437,17.0
2023-10-22 19:32:17.444,4527,51,2,0,False,0,car,0 days 00:00:46.462000,0 days 01:31:15.211000,2556.649444444444,17.0
2023-10-22 19:32:17.644,5127,55,2,14,False,0,car,0 days 00:00:46.662000,0 days 01:31:15.411000,2559.7049999999995,17.0
2023-10-22 19:32:17.924,5476,59,2,18,False,0,car,0 days 00:00:46.942000,0 days 01:31:15.691000,2564.2938888888884,17.0
2023-10-22 19:32:18.284,5830,65,2,34,False,0,car,0 days 00:00:47.302000,0 days 01:31:16.051000,2570.7938888888884,17.0
2023-10-22 19:32:18.524,6807,74,2,40,False,0,car,0 days 00:00:47.542000,0 days 01:31:16.291000,2575.727222222222,17.0
2023-10-22 19:32:18.724,7165,81,2,40,False,0,car,0 days 00:00:47.742000,0 days 01:31:16.491000,2580.227222222222,17.0
2023-10-22 19:32:18.884,8082,81,2,49,False,0,car,0 days 00:00:47.902000,0 days 01:31:16.651000,2583.8272222222217,17.0
2023-10-22 19:32:19.164,8735,95,2,55,False,0,car,0 days 00:00:48.182000,0 days 01:31:16.931000,2591.216111111111,17.0
2023-10-22 19:32:20.404,11130,144,3,93,False,0,car,0 days 00:00:49.422000,0 days 01:31:18.171000,2640.816111111111,17.0
2023-10-22 19:32:20.684,11048,159,3,100,False,0,car,0 days 00:00:49.702000,0 days 01:31:18.451000,2653.1827777777776,17.0
2023-10-22 19:32:20.924,10873,167,4,100,False,0,car,0 days 00:00:49.942000,0 days 01:31:18.691000,2664.316111111111,17.0
2023-10-22 19:32:21.284,11352,180,4,100,False,0,car,0 days 00:00:50.302000,0 days 01:31:19.051000,2682.316111111111,17.0
2023-10-22 19:32:21.644,10782,198,5,100,False,0,car,0 days 00:00:50.662000,0 days 01:31:19.411000,2702.116111111111,17.0
2023-10-22 19:32:22.003,11442,208,5,100,False,0,car,0 days 00:00:51.021000,0 days 01:31:19.770000,2722.858333333333,17.0
2023-10-22 19:32:22.203,11489,211,5,100,False,0,car,0 days 00:00:51.221000,0 days 01:31:19.970000,2734.5805555555553,17.0
2023-10-22 19:32:22.483,10524,222,6,100,False,0,car,0 days 00:00:51.501000,0 days 01:31:20.250000,2751.847222222222,17.0
2023-10-22 19:32:22.803,10971,230,6,100,False,0,car,0 days 00:00:51.821000,0 days 01:31:20.570000,2772.2916666666665,17.0
2023-10-22 19:32:23.043,11154,236,6,100,False,0,car,0 days 00:00:52.061000,0 days 01:31:20.810000,2788.025,17.0
2023-10-22 19:32:23.283,11352,241,6,100,False,0,car,0 days 00:00:52.301000,0 days 01:31:21.050000,2804.0916666666667,17.0
2023-10-22 19:32:23.443,11575,244,6,100,False,0,car,0 days 00:00:52.461000,0 days 01:31:21.210000,2814.936111111111,17.0
2023-10-22 19:32:23.724,11281,250,6,100,False,0,car,0 days 00:00:52.742000,0 days 01:31:21.491000,2834.45,17.0
2023-10-22 19:32:24.084,10614,254,7,100,False,0,car,0 days 00:00:53.102000,0 days 01:31:21.851000,2859.85,17.0
2023-10-22 19:32:24.244,10685,257,7,100,False,0,car,0 days 00:00:53.262000,0 days 01:31:22.011000,2871.2722222222224,17.0
2023-10-22 19:32:24.524,10814,259,7,100,False,0,car,0 days 00:00:53.542000,0 days 01:31:22.291000,2891.416666666667,17.0
2023-10-22 19:32:24.804,10988,262,7,100,False,0,car,0 days 00:00:53.822000,0 days 01:31:22.571000,2911.7944444444447,17.0
2023-10-22 19:32:25.004,11133,266,7,100,False,0,car,0 days 00:00:54.022000,0 days 01:31:22.771000,2926.572222222222,17.0
2023-10-22 19:32:25.444,11261,271,7,100,False,0,car,0 days 00:00:54.462000,0 days 01:31:23.211000,2959.694444444445,17.0
2023-10-22 19:32:25.604,11329,272,7,100,False,0,car,0 days 00:00:54.622000,0 days 01:31:23.371000,2971.7833333333333,17.0
2023-10-22 19:32:25.764,11350,274,7,100,False,0,car,0 days 00:00:54.782000,0 days 01:31:23.531000,2983.9611111111108,17.0
2023-10-22 19:32:25.964,11391,275,7,100,False,0,car,0 days 00:00:54.982000,0 days 01:31:23.731000,2999.2388888888886,17.0
2023-10-22 19:32:26.244,11357,278,7,100,False,0,car,0 days 00:00:55.262000,0 days 01:31:24.011000,3020.861111111111,17.0
2023-10-22 19:32:26.484,10282,279,7,100,False,0,car,0 days 00:00:55.502000,0 days 01:31:24.251000,3039.461111111111,17.0
2023-10-22 19:32:26.844,10407,282,8,100,False,0,car,0 days 00:00:55.862000,0 days 01:31:24.611000,3067.661111111111,17.0
2023-10-22 19:32:27.204,10470,283,8,100,False,0,car,0 days 00:00:56.222000,0 days 01:31:24.971000,3095.961111111111,17.0
2023-10-22 19:32:27.404,10499,284,8,100,False,0,car,0 days 00:00:56.422000,0 days 01:31:25.171000,3111.7388888888886,17.0
2023-10-22 19:32:27.684,10533,287,8,100,False,0,car,0 days 00:00:56.702000,0 days 01:31:25.451000,3134.061111111111,17.0
2023-10-22 19:32:27.844,10604,287,8,100,False,0,car,0 days 00:00:56.862000,0 days 01:31:25.611000,3146.816666666667,17.0
2023-10-22 19:32:28.044,10678,289,8,100,False,0,car,0 days 00:00:57.062000,0 days 01:31:25.811000,3162.8722222222223,17.0
2023-10-22 19:32:28.204,10643,290,8,100,False,0,car,0 days 00:00:57.222000,0 days 01:31:25.971000,3175.7611111111114,17.0
2023-10-22 19:32:28.444,10697,290,8,100,False,0,car,0 days 00:00:57.462000,0 days 01:31:26.211000,3195.094444444445,17.0
2023-10-22 19:32:28.763,10819,292,8,100,False,0,car,0 days 00:00:57.781000,0 days 01:31:26.530000,3220.968888888889,17.0
2023-10-22 19:32:29.163,10880,295,8,100,False,0,car,0 days 00:00:58.181000,0 days 01:31:26.930000,3253.746666666667,17.0
2023-10-22 19:32:29.443,10847,296,8,100,False,0,car,0 days 00:00:58.461000,0 days 01:31:27.210000,3276.7688888888893,17.0
2023-10-22 19:32:29.603,10897,297,8,100,False,0,car,0 days 00:00:58.621000,0 days 01:31:27.370000,3289.9688888888895,17.0
2023-10-22 19:32:29.923,10943,297,8,100,False,0,car,0 days 00:00:58.941000,0 days 01:31:27.690000,3316.3688888888896,17.0
2023-10-22 19:32:30.204,10951,298,8,100,False,0,car,0 days 00:00:59.222000,0 days 01:31:27.971000,3339.629444444445,17.0
2023-10-22 19:32:30.604,10964,298,8,100,False,0,car,0 days 00:00:59.622000,0 days 01:31:28.371000,3372.740555555556,17.0
2023-10-22 19:32:31.004,10982,299,8,100,False,0,car,0 days 00:01:00.022000,0 days 01:31:28.771000,3405.9627777777782,17.0
2023-10-22 19:32:31.244,11010,300,8,100,False,0,car,0 days 00:01:00.262000,0 days 01:31:29.011000,3425.9627777777782,17.0
2023-10-22 19:32:31.604,11043,300,8,100,False,0,car,0 days 00:01:00.622000,0 days 01:31:29.371000,3455.9627777777782,17.0
2023-10-22 19:32:31.764,11019,300,8,100,False,0,car,0 days 00:01:00.782000,0 days 01:31:29.531000,3469.2961111111113,17.0
2023-10-22 19:32:32.164,11052,301,8,100,False,0,car,0 days 00:01:01.182000,0 days 01:31:29.931000,3502.740555555556,17.0
2023-10-22 19:32:32.364,11092,301,8,100,False,0,car,0 days 00:01:01.382000,0 days 01:31:30.131000,3519.462777777778,17.0
2023-10-22 19:32:32.604,11044,301,8,100,False,0,car,0 days 00:01:01.622000,0 days 01:31:30.371000,3539.5294444444444,17.0
2023-10-22 19:32:32.884,11050,302,8,100,False,0,car,0 days 00:01:01.902000,0 days 01:31:30.651000,3563.0183333333334,17.0
2023-10-22 19:32:33.204,10924,301,8,100,False,0,car,0 days 00:01:02.222000,0 days 01:31:30.971000,3589.773888888889,17.0
2023-10-22 19:32:33.364,10768,293,8,0,True,0,car,0 days 00:01:02.382000,0 days 01:31:31.131000,3602.796111111111,17.0
2023-10-22 19:32:33.684,9661,261,8,0,True,0,car,0 days 00:01:02.702000,0 days 01:31:31.451000,3625.9961111111106,17.0
2023-10-22 19:32:33.924,8951,235,8,0,True,0,car,0 days 00:01:02.942000,0 days 01:31:31.691000,3641.6627777777776,17.0
2023-10-22 19:32:34.244,9490,212,8,0,True,0,car,0 days 00:01:03.262000,0 days 01:31:32.011000,3660.507222222222,17.0
2023-10-22 19:32:34.524,9392,186,7,0,True,0,car,0 days 00:01:03.542000,0 days 01:31:32.291000,3674.9738888888887,17.0
2023-10-22 19:32:34.844,9264,162,6,0,True,0,car,0 days 00:01:03.862000,0 days 01:31:32.611000,3689.373888888889,17.0
2023-10-22 19:32:35.204,9522,140,5,0,True,0,car,0 days 00:01:04.222000,0 days 01:31:32.971000,3703.3738888888884,17.0
2023-10-22 19:32:35.403,8897,132,3,0,True,0,car,0 days 00:01:04.421000,0 days 01:31:33.170000,3710.6705555555554,17.0
2023-10-22 19:32:35.643,8038,117,3,0,True,0,car,0 days 00:01:04.661000,0 days 01:31:33.410000,3718.470555555555,17.0
2023-10-22 19:32:35.963,7298,104,3,0,True,0,car,0 days 00:01:04.981000,0 days 01:31:33.730000,3727.7149999999992,17.0
2023-10-22 19:32:36.323,6826,96,3,0,True,0,car,0 days 00:01:05.341000,0 days 01:31:34.090000,3737.314999999999,17.0
2023-10-22 19:32:36.483,6433,94,3,0,True,0,car,0 days 00:01:05.501000,0 days 01:31:34.250000,3741.492777777777,17.0
2023-10-22 19:32:36.683,6520,91,3,0,True,0,car,0 days 00:01:05.701000,0 days 01:31:34.450000,3746.5483333333323,17.0
2023-10-22 19:32:36.884,6125,87,3,0,False,0,car,0 days 00:01:05.902000,0 days 01:31:34.651000,3751.4058333333323,17.0
2023-10-22 19:32:37.204,5993,84,3,0,False,0,car,0 days 00:01:06.222000,0 days 01:31:34.971000,3758.872499999999,17.0
2023-10-22 19:32:37.444,6157,83,3,19,False,0,car,0 days 00:01:06.462000,0 days 01:31:35.211000,3764.405833333333,17.0
2023-10-22 19:32:37.604,6411,83,3,29,False,0,car,0 days 00:01:06.622000,0 days 01:31:35.371000,3768.0947222222217,17.0
2023-10-22 19:32:37.844,6645,89,3,40,False,0,car,0 days 00:01:06.862000,0 days 01:31:35.611000,3774.028055555555,17.0
2023-10-22 19:32:38.204,7667,97,3,51,False,0,car,0 days 00:01:07.222000,0 days 01:31:35.971000,3783.728055555555,17.0
2023-10-22 19:32:38.524,8335,112,3,62,False,0,car,0 days 00:01:07.542000,0 days 01:31:36.291000,3793.6836111111106,17.0
2023-10-22 19:32:38.924,9824,130,3,79,False,0,car,0 days 00:01:07.942000,0 days 01:31:36.691000,3808.128055555555,17.0
2023-10-22 19:32:39.204,10807,140,3,100,False,0,car,0 days 00:01:08.222000,0 days 01:31:36.971000,3819.016944444444,17.0
2023-10-22 19:32:39.444,11279,155,3,100,False,0,car,0 days 00:01:08.462000,0 days 01:31:37.211000,3829.350277777778,17.0
2023-10-22 19:32:39.724,10483,167,4,100,False,0,car,0 days 00:01:08.742000,0 days 01:31:37.491000,3842.339166666667,17.0
2023-10-22 19:32:39.884,10815,172,4,100,False,0,car,0 days 00:01:08.902000,0 days 01:31:37.651000,3849.9836111111113,17.0
2023-10-22 19:32:40.044,11235,179,4,100,False,0,car,0 days 00:01:09.062000,0 days 01:31:37.811000,3857.9391666666666,17.0
2023-10-22 19:32:40.204,11218,182,4,100,False,0,car,0 days 00:01:09.222000,0 days 01:31:37.971000,3866.028055555555,17.0
2023-10-22 19:32:40.524,10413,192,5,100,False,0,car,0 days 00:01:09.542000,0 days 01:31:38.291000,3883.094722222222,17.0
2023-10-22 19:32:40.844,10293,186,5,0,True,0,car,0 days 00:01:09.862000,0 days 01:31:38.611000,3899.628055555555,17.0
2023-10-22 19:32:41.044,10389,171,5,0,True,0,car,0 days 00:01:10.062000,0 days 01:31:38.811000,3909.128055555555,17.0
2023-10-22 19:32:41.364,10872,149,4,0,True,0,car,0 days 00:01:10.382000,0 days 01:31:39.131000,3922.3724999999995,17.0
2023-10-22 19:32:41.564,9839,141,3,0,True,0,car,0 days 00:01:10.582000,0 days 01:31:39.331000,3930.2058333333325,17.0
2023-10-22 19:32:41.764,9168,130,3,0,True,0,car,0 days 00:01:10.782000,0 days 01:31:39.531000,3937.4280555555547,17.0
2023-10-22 19:32:42.043,8471,119,3,0,True,0,car,0 days 00:01:11.061000,0 days 01:31:39.810000,3946.650555555555,17.0
2023-10-22 19:32:42.323,7984,112,3,0,True,0,car,0 days 00:01:11.341000,0 days 01:31:40.090000,3955.3616666666658,17.0
2023-10-22 19:32:42.563,7633,107,3,0,True,0,car,0 days 00:01:11.581000,0 days 01:31:40.330000,3962.4949999999994,17.0
2023-10-22 19:32:42.803,7269,105,3,1,False,0,car,0 days 00:01:11.821000,0 days 01:31:40.570000,3969.4949999999994,17.0
2023-10-22 19:32:43.243,6902,97,3,0,False,0,car,0 days 00:01:12.261000,0 days 01:31:41.010000,3981.350555555555,17.0
2023-10-22 19:32:43.404,6818,96,3,1,False,0,car,0 days 00:01:12.422000,0 days 01:31:41.171000,3985.6438888888883,17.0
2023-10-22 19:32:43.604,6907,93,3,13,False,0,car,0 days 00:01:12.622000,0 days 01:31:41.371000,3990.810555555555,17.0
2023-10-22 19:32:43.884,7017,93,3,25,False,0,car,0 days 00:01:12.902000,0 days 01:31:41.651000,3998.0438888888884,17.0
2023-10-22 19:32:44.244,7268,97,3,31,False,0,car,0 days 00:01:13.262000,0 days 01:31:42.011000,4007.7438888888883,17.0
2023-10-22 19:32:44.604,7577,101,3,39,False,0,car,0 days 00:01:13.622000,0 days 01:31:42.371000,4017.843888888888,17.0
2023-10-22 19:32:44.844,8010,104,3,45,False,0,car,0 days 00:01:13.862000,0 days 01:31:42.611000,4024.7772222222216,17.0
2023-10-22 19:32:45.084,8408,111,3,49,False,0,car,0 days 00:01:14.102000,0 days 01:31:42.851000,4032.1772222222216,17.0
2023-10-22 19:32:45.324,8955,119,3,53,False,0,car,0 days 00:01:14.342000,0 days 01:31:43.091000,4040.1105555555546,17.0
2023-10-22 19:32:45.644,9814,128,3,61,False,0,car,0 days 00:01:14.662000,0 days 01:31:43.411000,4051.488333333333,17.0
2023-10-22 19:32:45.844,10355,135,3,70,False,0,car,0 days 00:01:14.862000,0 days 01:31:43.611000,4058.9883333333323,17.0
2023-10-22 19:32:46.164,11160,144,3,88,False,0,car,0 days 00:01:15.182000,0 days 01:31:43.931000,4071.7883333333325,17.0
2023-10-22 19:32:46.324,11502,154,3,99,False,0,car,0 days 00:01:15.342000,0 days 01:31:44.091000,4078.632777777777,17.0
2023-10-22 19:32:46.564,10242,161,3,100,False,0,car,0 days 00:01:15.582000,0 days 01:31:44.331000,4089.36611111111,17.0
2023-10-22 19:32:46.724,10655,167,4,99,False,0,car,0 days 00:01:15.742000,0 days 01:31:44.491000,4096.788333333333,17.0
2023-10-22 19:32:46.884,10800,170,4,99,False,0,car,0 days 00:01:15.902000,0 days 01:31:44.651000,4104.343888888889,17.0
2023-10-22 19:32:47.124,11209,179,4,99,False,0,car,0 days 00:01:16.142000,0 days 01:31:44.891000,4116.277222222222,17.0
2023-10-22 19:32:47.564,10267,190,5,100,False,0,car,0 days 00:01:16.582000,0 days 01:31:45.331000,4139.499444444444,17.0
2023-10-22 19:32:47.724,10148,185,5,0,True,0,car,0 days 00:01:16.742000,0 days 01:31:45.491000,4147.721666666666,17.0
2023-10-22 19:32:48.124,9823,161,5,0,True,0,car,0 days 00:01:17.142000,0 days 01:31:45.891000,4165.610555555555,17.0
2023-10-22 19:32:48.484,9743,146,4,0,True,0,car,0 days 00:01:17.502000,0 days 01:31:46.251000,4180.210555555555,17.0
2023-10-22 19:32:48.723,9604,134,3,0,True,0,car,0 days 00:01:17.741000,0 days 01:31:46.490000,4189.106666666667,17.0
2023-10-22 19:32:49.123,8794,120,3,0,True,0,car,0 days 00:01:18.141000,0 days 01:31:46.890000,4202.4400000000005,17.0
2023-10-22 19:32:49.483,8000,111,3,0,True,0,car,0 days 00:01:18.501000,0 days 01:31:47.250000,4213.540000000001,17.0
2023-10-22 19:32:49.803,7226,102,3,0,True,0,car,0 days 00:01:18.821000,0 days 01:31:47.570000,4222.6066666666675,17.0
2023-10-22 19:32:50.244,6442,92,3,0,True,0,car,0 days 00:01:19.262000,0 days 01:31:48.011000,4233.876666666668,17.0
2023-10-22 19:32:50.484,6118,90,3,0,True,0,car,0 days 00:01:19.502000,0 days 01:31:48.251000,4239.876666666668,17.0
2023-10-22 19:32:50.724,5904,82,3,0,True,0,car,0 days 00:01:19.742000,0 days 01:31:48.491000,4245.343333333335,17.0
2023-10-22 19:32:50.964,5560,79,3,0,True,0,car,0 days 00:01:19.982000,0 days 01:31:48.731000,4250.6100000000015,17.0
2023-10-22 19:32:51.244,5381,78,3,0,False,0,car,0 days 00:01:20.262000,0 days 01:31:49.011000,4256.676666666668,17.0
2023-10-22 19:32:51.444,5529,76,3,0,False,0,car,0 days 00:01:20.462000,0 days 01:31:49.211000,4260.898888888891,17.0
2023-10-22 19:32:51.644,5656,75,3,17,False,0,car,0 days 00:01:20.662000,0 days 01:31:49.411000,4265.065555555558,17.0
2023-10-22 19:32:51.884,5847,78,3,29,False,0,car,0 days 00:01:20.902000,0 days 01:31:49.651000,4270.2655555555575,17.0
2023-10-22 19:32:52.284,6612,86,3,45,False,0,car,0 days 00:01:21.302000,0 days 01:31:50.051000,4279.821111111113,17.0
2023-10-22 19:32:52.604,7589,95,3,50,False,0,car,0 days 00:01:21.622000,0 days 01:31:50.371000,4288.2655555555575,17.0
2023-10-22 19:32:52.844,7800,104,3,55,False,0,car,0 days 00:01:21.862000,0 days 01:31:50.611000,4295.198888888891,17.0
2023-10-22 19:32:53.044,8634,112,3,64,False,0,car,0 days 00:01:22.062000,0 days 01:31:50.811000,4301.4211111111135,17.0
2023-10-22 19:32:53.284,9054,120,3,72,False,0,car,0 days 00:01:22.302000,0 days 01:31:51.051000,4309.4211111111135,17.0
2023-10-22 19:32:53.724,10697,142,3,86,False,0,car,0 days 00:01:22.742000,0 days 01:31:51.491000,4326.776666666669,17.0
2023-10-22 19:32:54.124,10815,157,3,100,False,0,car,0 days 00:01:23.142000,0 days 01:31:51.891000,4344.221111111114,17.0
2023-10-22 19:32:54.284,10571,162,4,100,False,0,car,0 days 00:01:23.302000,0 days 01:31:52.051000,4351.421111111114,17.0
2023-10-22 19:32:54.484,10571,174,4,100,False,0,car,0 days 00:01:23.502000,0 days 01:31:52.251000,4361.0877777777805,17.0
2023-10-22 19:32:54.644,11512,178,4,100,False,0,car,0 days 00:01:23.662000,0 days 01:31:52.411000,4368.998888888892,17.0
2023-10-22 19:32:54.884,10930,189,4,100,False,0,car,0 days 00:01:23.902000,0 days 01:31:52.651000,4381.598888888891,17.0
2023-10-22 19:32:55.164,10747,199,5,100,False,0,car,0 days 00:01:24.182000,0 days 01:31:52.931000,4397.07666666667,17.0
2023-10-22 19:32:55.364,11167,205,5,100,False,0,car,0 days 00:01:24.382000,0 days 01:31:53.131000,4408.465555555558,17.0
2023-10-22 19:32:55.603,11407,207,5,100,False,0,car,0 days 00:01:24.621000,0 days 01:31:53.370000,4422.208055555558,17.0
2023-10-22 19:32:55.883,11663,214,5,100,False,0,car,0 days 00:01:24.901000,0 days 01:31:53.650000,4438.852500000002,17.0
2023-10-22 19:32:56.083,11383,214,6,100,False,0,car,0 days 00:01:25.101000,0 days 01:31:53.850000,4450.7413888888905,17.0
2023-10-22 19:32:56.323,10604,224,6,100,False,0,car,0 days 00:01:25.341000,0 days 01:31:54.090000,4465.674722222224,17.0
2023-10-22 19:32:56.644,10788,228,6,83,False,0,car,0 days 00:01:25.662000,0 days 01:31:54.411000,4486.004722222225,17.0
2023-10-22 19:32:56.964,10383,227,6,70,False,0,car,0 days 00:01:25.982000,0 days 01:31:54.731000,4506.182500000002,17.0
2023-10-22 19:32:57.244,9633,228,7,81,False,0,car,0 days 00:01:26.262000,0 days 01:31:55.011000,4523.915833333335,17.0
2023-10-22 19:32:57.644,9816,233,7,92,False,0,car,0 days 00:01:26.662000,0 days 01:31:55.411000,4549.804722222225,17.0
2023-10-22 19:32:57.844,9853,234,7,92,False,0,car,0 days 00:01:26.862000,0 days 01:31:55.611000,4562.804722222224,17.0
2023-10-22 19:32:58.164,9897,237,7,83,False,0,car,0 days 00:01:27.182000,0 days 01:31:55.931000,4583.8713888888915,17.0
2023-10-22 19:32:58.484,10061,238,7,78,False,0,car,0 days 00:01:27.502000,0 days 01:31:56.251000,4605.026944444447,17.0
2023-10-22 19:32:58.844,10056,240,7,81,False,0,car,0 days 00:01:27.862000,0 days 01:31:56.611000,4629.026944444447,17.0
2023-10-22 19:32:59.204,10226,243,7,100,False,0,car,0 days 00:01:28.222000,0 days 01:31:56.971000,4653.326944444447,17.0
2023-10-22 19:32:59.484,10356,244,7,100,False,0,car,0 days 00:01:28.502000,0 days 01:31:57.251000,4672.304722222225,17.0
2023-10-22 19:32:59.644,10313,247,7,100,False,0,car,0 days 00:01:28.662000,0 days 01:31:57.411000,4683.282500000003,17.0
2023-10-22 19:32:59.804,10294,247,7,100,False,0,car,0 days 00:01:28.822000,0 days 01:31:57.571000,4694.26027777778,17.0
2023-10-22 19:33:00.004,10333,248,7,100,False,0,car,0 days 00:01:29.022000,0 days 01:31:57.771000,4708.0380555555585,17.0
2023-10-22 19:33:00.244,10416,250,7,100,False,0,car,0 days 00:01:29.262000,0 days 01:31:58.011000,4724.7047222222245,17.0
2023-10-22 19:33:00.524,10784,252,7,100,False,0,car,0 days 00:01:29.542000,0 days 01:31:58.291000,4744.304722222225,17.0
2023-10-22 19:33:00.684,10574,249,7,100,False,0,car,0 days 00:01:29.702000,0 days 01:31:58.451000,4755.3713888888915,17.0
2023-10-22 19:33:00.844,10520,252,7,100,False,0,car,0 days 00:01:29.862000,0 days 01:31:58.611000,4766.571388888891,17.0
2023-10-22 19:33:01.044,10565,254,7,100,False,0,car,0 days 00:01:30.062000,0 days 01:31:58.811000,4780.682500000003,17.0
2023-10-22 19:33:01.204,10592,254,7,100,False,0,car,0 days 00:01:30.222000,0 days 01:31:58.971000,4791.971388888891,17.0
2023-10-22 19:33:01.484,10642,256,7,99,False,0,car,0 days 00:01:30.502000,0 days 01:31:59.251000,4811.882500000002,17.0
2023-10-22 19:33:01.884,10770,259,7,100,False,0,car,0 days 00:01:30.902000,0 days 01:31:59.651000,4840.660277777781,17.0
2023-10-22 19:33:02.044,10786,260,7,100,False,0,car,0 days 00:01:31.062000,0 days 01:31:59.811000,4852.215833333336,17.0
2023-10-22 19:33:02.363,10867,262,7,99,False,0,car,0 days 00:01:31.381000,0 days 01:32:00.130000,4875.431944444447,17.0
2023-10-22 19:33:02.763,10942,264,7,100,False,0,car,0 days 00:01:31.781000,0 days 01:32:00.530000,4904.765277777781,17.0
2023-10-22 19:33:02.923,11192,255,7,8,True,0,car,0 days 00:01:31.941000,0 days 01:32:00.690000,4916.098611111114,17.0
2023-10-22 19:33:03.084,10072,247,7,0,True,0,car,0 days 00:01:32.102000,0 days 01:32:00.851000,4927.145000000003,17.0
2023-10-22 19:33:03.364,10326,223,7,0,True,0,car,0 days 00:01:32.382000,0 days 01:32:01.131000,4944.489444444448,17.0
2023-10-22 19:33:03.604,9652,210,6,0,True,0,car,0 days 00:01:32.622000,0 days 01:32:01.371000,4958.489444444448,17.0
2023-10-22 19:33:03.924,10170,192,5,0,True,0,car,0 days 00:01:32.942000,0 days 01:32:01.691000,4975.556111111115,17.0
2023-10-22 19:33:04.164,9775,187,5,0,True,0,car,0 days 00:01:33.182000,0 days 01:32:01.931000,4988.022777777782,17.0
2023-10-22 19:33:04.404,9783,183,5,12,False,0,car,0 days 00:01:33.422000,0 days 01:32:02.171000,5000.222777777782,17.0
2023-10-22 19:33:04.804,9743,177,5,46,False,0,car,0 days 00:01:33.822000,0 days 01:32:02.571000,5019.889444444449,17.0
2023-10-22 19:33:05.004,9796,176,5,61,False,0,car,0 days 00:01:34.022000,0 days 01:32:02.771000,5029.667222222227,17.0
2023-10-22 19:33:05.364,10345,187,5,88,False,0,car,0 days 00:01:34.382000,0 days 01:32:03.131000,5048.367222222227,17.0
2023-10-22 19:33:05.524,10476,193,5,98,False,0,car,0 days 00:01:34.542000,0 days 01:32:03.291000,5056.945000000004,17.0
2023-10-22 19:33:05.724,10869,199,5,100,False,0,car,0 days 00:01:34.742000,0 days 01:32:03.491000,5068.00055555556,17.0
2023-10-22 19:33:05.964,11103,204,5,100,False,0,car,0 days 00:01:34.982000,0 days 01:32:03.731000,5081.600555555559,17.0
2023-10-22 19:33:06.124,11370,210,5,100,False,0,car,0 days 00:01:35.142000,0 days 01:32:03.891000,5090.933888888892,17.0
2023-10-22 19:33:06.324,11867,214,5,100,False,0,car,0 days 00:01:35.342000,0 days 01:32:04.091000,5102.822777777781,17.0
2023-10-22 19:33:06.604,10469,219,6,100,False,0,car,0 days 00:01:35.622000,0 days 01:32:04.371000,5119.856111111115,17.0
2023-10-22 19:33:07.004,10729,226,6,100,False,0,car,0 days 00:01:36.022000,0 days 01:32:04.771000,5144.967222222226,17.0
2023-10-22 19:33:07.244,10902,228,6,100,False,0,car,0 days 00:01:36.262000,0 days 01:32:05.011000,5160.167222222226,17.0
2023-10-22 19:33:07.644,11075,236,6,100,False,0,car,0 days 00:01:36.662000,0 days 01:32:05.411000,5186.389444444449,17.0
2023-10-22 19:33:08.004,10128,223,6,0,True,0,car,0 days 00:01:37.022000,0 days 01:32:05.771000,5208.689444444449,17.0
2023-10-22 19:33:08.244,10064,189,6,0,True,0,car,0 days 00:01:37.262000,0 days 01:32:06.011000,5221.289444444448,17.0
2023-10-22 19:33:08.484,11047,171,5,0,True,0,car,0 days 00:01:37.502000,0 days 01:32:06.251000,5232.689444444448,17.0
2023-10-22 19:33:08.883,10060,148,3,0,True,0,car,0 days 00:01:37.901000,0 days 01:32:06.650000,5249.0927777777815,17.0
2023-10-22 19:33:09.123,8859,125,3,0,True,0,car,0 days 00:01:38.141000,0 days 01:32:06.890000,5257.4261111111155,17.0
2023-10-22 19:33:09.323,8418,117,3,0,True,0,car,0 days 00:01:38.341000,0 days 01:32:07.090000,5263.9261111111155,17.0
2023-10-22 19:33:09.644,7567,108,3,0,True,0,car,0 days 00:01:38.662000,0 days 01:32:07.411000,5273.556111111116,17.0
2023-10-22 19:33:09.924,7325,102,3,0,True,0,car,0 days 00:01:38.942000,0 days 01:32:07.691000,5281.489444444449,17.0
2023-10-22 19:33:10.364,6578,91,3,0,True,0,car,0 days 00:01:39.382000,0 days 01:32:08.131000,5292.611666666671,17.0
2023-10-22 19:33:10.524,6254,87,3,0,False,0,car,0 days 00:01:39.542000,0 days 01:32:08.291000,5296.478333333338,17.0
2023-10-22 19:33:10.764,6220,86,3,2,False,0,car,0 days 00:01:39.782000,0 days 01:32:08.531000,5302.211666666672,17.0
2023-10-22 19:33:10.924,6516,87,3,23,False,0,car,0 days 00:01:39.942000,0 days 01:32:08.691000,5306.078333333338,17.0
2023-10-22 19:33:11.084,6739,88,3,30,False,0,car,0 days 00:01:40.102000,0 days 01:32:08.851000,5309.98944444445,17.0
2023-10-22 19:33:11.324,7008,92,3,36,False,0,car,0 days 00:01:40.342000,0 days 01:32:09.091000,5316.122777777783,17.0
2023-10-22 19:33:11.484,7264,94,3,40,False,0,car,0 days 00:01:40.502000,0 days 01:32:09.251000,5320.300555555561,17.0
2023-10-22 19:33:11.724,7576,100,3,43,False,0,car,0 days 00:01:40.742000,0 days 01:32:09.491000,5326.967222222228,17.0
2023-10-22 19:33:12.084,8508,109,3,55,False,0,car,0 days 00:01:41.102000,0 days 01:32:09.851000,5337.867222222228,17.0
2023-10-22 19:33:12.284,8812,115,3,57,False,0,car,0 days 00:01:41.302000,0 days 01:32:10.051000,5344.256111111116,17.0
2023-10-22 19:33:12.604,9836,127,3,72,False,0,car,0 days 00:01:41.622000,0 days 01:32:10.371000,5355.545000000005,17.0
2023-10-22 19:33:12.924,10980,145,3,85,False,0,car,0 days 00:01:41.942000,0 days 01:32:10.691000,5368.433888888893,17.0
2023-10-22 19:33:13.164,11872,155,3,97,False,0,car,0 days 00:01:42.182000,0 days 01:32:10.931000,5378.767222222227,17.0
2023-10-22 19:33:13.484,10600,166,4,100,False,0,car,0 days 00:01:42.502000,0 days 01:32:11.251000,5393.522777777783,17.0
2023-10-22 19:33:13.844,11642,182,4,100,False,0,car,0 days 00:01:42.862000,0 days 01:32:11.611000,5411.7227777777825,17.0
2023-10-22 19:33:14.004,10942,185,4,100,False,0,car,0 days 00:01:43.022000,0 days 01:32:11.771000,5419.945000000005,17.0
2023-10-22 19:33:14.164,10543,193,4,100,False,0,car,0 days 00:01:43.182000,0 days 01:32:11.931000,5428.522777777783,17.0
2023-10-22 19:33:14.444,11052,201,5,100,False,0,car,0 days 00:01:43.462000,0 days 01:32:12.211000,5444.156111111116,17.0
2023-10-22 19:33:14.644,11332,208,5,100,False,0,car,0 days 00:01:43.662000,0 days 01:32:12.411000,5455.711666666672,17.0
2023-10-22 19:33:14.884,11588,214,5,100,False,0,car,0 days 00:00:00.084000,0 days 01:32:12.651000,4.993333333333333,18.0
2023-10-22 19:33:15.324,10744,227,6,100,False,0,car,0 days 00:00:00.524000,0 days 01:32:13.091000,32.73777777777778,18.0
2023-10-22 19:33:15.643,10947,231,6,100,False,0,car,0 days 00:00:00.843000,0 days 01:32:13.410000,53.206944444444446,18.0
2023-10-22 19:33:15.803,11137,235,6,100,False,0,car,0 days 00:00:01.003000,0 days 01:32:13.570000,63.65138888888888,18.0
2023-10-22 19:33:16.003,11324,239,6,100,False,0,car,0 days 00:00:01.203000,0 days 01:32:13.770000,76.92916666666667,18.0
2023-10-22 19:33:16.404,11691,246,6,100,False,0,car,0 days 00:00:01.604000,0 days 01:32:14.171000,104.33083333333335,18.0
2023-10-22 19:33:16.564,11230,249,6,100,False,0,car,0 days 00:00:01.764000,0 days 01:32:14.331000,115.39750000000001,18.0
2023-10-22 19:33:16.804,10488,249,7,100,False,0,car,0 days 00:00:02.004000,0 days 01:32:14.571000,131.9975,18.0
2023-10-22 19:33:17.084,10634,255,7,100,False,0,car,0 days 00:00:02.284000,0 days 01:32:14.851000,151.83083333333332,18.0
2023-10-22 19:33:17.284,10757,259,7,100,False,0,car,0 days 00:00:02.484000,0 days 01:32:15.051000,166.21972222222223,18.0
2023-10-22 19:33:17.484,10825,261,7,100,False,0,car,0 days 00:00:02.684000,0 days 01:32:15.251000,180.71972222222223,18.0
2023-10-22 19:33:17.684,10952,264,7,100,False,0,car,0 days 00:00:02.884000,0 days 01:32:15.451000,195.3863888888889,18.0
2023-10-22 19:33:17.964,11094,267,7,100,False,0,car,0 days 00:00:03.164000,0 days 01:32:15.731000,216.15305555555557,18.0
2023-10-22 19:33:18.164,11193,268,7,100,False,0,car,0 days 00:00:03.364000,0 days 01:32:15.931000,231.04194444444443,18.0
2023-10-22 19:33:18.364,11254,271,7,100,False,0,car,0 days 00:00:03.564000,0 days 01:32:16.131000,246.0975,18.0
2023-10-22 19:33:18.604,11478,274,7,100,False,0,car,0 days 00:00:03.804000,0 days 01:32:16.371000,264.3641666666666,18.0
2023-10-22 19:33:18.764,11429,274,7,100,False,0,car,0 days 00:00:03.964000,0 days 01:32:16.531000,276.5419444444444,18.0
2023-10-22 19:33:19.004,11469,277,7,100,False,0,car,0 days 00:00:04.204000,0 days 01:32:16.771000,295.00861111111107,18.0
2023-10-22 19:33:19.484,11022,281,7,100,False,0,car,0 days 00:00:04.684000,0 days 01:32:17.251000,332.47527777777776,18.0
2023-10-22 19:33:19.724,10360,282,8,100,False,0,car,0 days 00:00:04.924000,0 days 01:32:17.491000,351.2752777777778,18.0
2023-10-22 19:33:20.084,10523,284,8,100,False,0,car,0 days 00:00:05.284000,0 days 01:32:17.851000,379.67527777777775,18.0
2023-10-22 19:33:20.284,10482,285,8,100,False,0,car,0 days 00:00:05.484000,0 days 01:32:18.051000,395.5086111111111,18.0
2023-10-22 19:33:20.484,10460,286,8,100,False,0,car,0 days 00:00:05.684000,0 days 01:32:18.251000,411.39750000000004,18.0
2023-10-22 19:33:20.884,10485,285,8,100,False,0,car,0 days 00:00:06.084000,0 days 01:32:18.651000,443.06416666666667,18.0
2023-10-22 19:33:21.084,10445,284,8,100,False,0,car,0 days 00:00:06.284000,0 days 01:32:18.851000,458.84194444444444,18.0
2023-10-22 19:33:21.444,10360,282,8,100,False,0,car,0 days 00:00:06.644000,0 days 01:32:19.211000,487.0419444444445,18.0
2023-10-22 19:33:21.684,10360,283,8,99,False,0,car,0 days 00:00:06.884000,0 days 01:32:19.451000,505.90861111111116,18.0
2023-10-22 19:33:21.884,10096,276,8,2,True,0,car,0 days 00:00:07.084000,0 days 01:32:19.651000,521.2419444444445,18.0
2023-10-22 19:33:22.284,9522,209,8,0,True,0,car,0 days 00:00:07.484000,0 days 01:32:20.051000,544.4641666666668,18.0
2023-10-22 19:33:22.563,9354,188,6,0,True,0,car,0 days 00:00:07.763000,0 days 01:32:20.330000,559.0341666666668,18.0
2023-10-22 19:33:22.723,8514,161,5,0,True,0,car,0 days 00:00:07.923000,0 days 01:32:20.490000,566.1897222222224,18.0
2023-10-22 19:33:23.004,8668,151,4,0,True,0,car,0 days 00:00:08.204000,0 days 01:32:20.771000,577.9761111111113,18.0
2023-10-22 19:33:23.324,9065,128,3,0,True,0,car,0 days 00:00:08.524000,0 days 01:32:21.091000,589.3538888888891,18.0
2023-10-22 19:33:23.484,8972,125,3,0,True,0,car,0 days 00:00:08.684000,0 days 01:32:21.251000,594.9094444444446,18.0
2023-10-22 19:33:23.844,7514,108,3,0,True,0,car,0 days 00:00:09.044000,0 days 01:32:21.611000,605.7094444444447,18.0
2023-10-22 19:33:24.204,6643,97,3,0,True,0,car,0 days 00:00:09.404000,0 days 01:32:21.971000,615.4094444444446,18.0
2023-10-22 19:33:24.364,6397,90,3,0,True,0,car,0 days 00:00:09.564000,0 days 01:32:22.131000,619.4094444444446,18.0
2023-10-22 19:33:24.684,5425,80,3,0,True,0,car,0 days 00:00:09.884000,0 days 01:32:22.451000,626.5205555555557,18.0
2023-10-22 19:33:24.924,5016,73,3,0,True,0,car,0 days 00:00:10.124000,0 days 01:32:22.691000,631.3872222222224,18.0
2023-10-22 19:33:25.244,4458,65,3,0,True,0,car,0 days 00:00:10.444000,0 days 01:32:23.011000,637.1650000000002,18.0
2023-10-22 19:33:25.564,4401,63,3,0,False,0,car,0 days 00:00:10.764000,0 days 01:32:23.331000,642.7650000000002,18.0
2023-10-22 19:33:25.844,4670,63,3,12,False,0,car,0 days 00:00:11.044000,0 days 01:32:23.611000,647.6650000000002,18.0
2023-10-22 19:33:26.004,4522,64,3,18,False,0,car,0 days 00:00:11.204000,0 days 01:32:23.771000,650.5094444444446,18.0
2023-10-22 19:33:26.284,5151,68,3,26,False,0,car,0 days 00:00:11.484000,0 days 01:32:24.051000,655.7983333333335,18.0
2023-10-22 19:33:26.524,5617,74,3,34,False,0,car,0 days 00:00:11.724000,0 days 01:32:24.291000,660.7316666666668,18.0
2023-10-22 19:33:26.764,6030,79,3,38,False,0,car,0 days 00:00:11.964000,0 days 01:32:24.531000,665.9983333333334,18.0
2023-10-22 19:33:27.084,6508,88,3,44,False,0,car,0 days 00:00:12.284000,0 days 01:32:24.851000,673.8205555555556,18.0
2023-10-22 19:33:27.284,7768,94,3,51,False,0,car,0 days 00:00:12.484000,0 days 01:32:25.051000,679.0427777777778,18.0
2023-10-22 19:33:27.444,8135,101,3,51,False,0,car,0 days 00:00:12.644000,0 days 01:32:25.211000,683.5316666666668,18.0
2023-10-22 19:33:27.604,8441,104,3,53,False,0,car,0 days 00:00:12.804000,0 days 01:32:25.371000,688.153888888889,18.0
2023-10-22 19:33:27.804,8557,111,3,54,False,0,car,0 days 00:00:13.004000,0 days 01:32:25.571000,694.3205555555556,18.0
2023-10-22 19:33:28.124,9499,126,3,59,False,0,car,0 days 00:00:13.324000,0 days 01:32:25.891000,705.5205555555557,18.0
2023-10-22 19:33:28.324,10039,133,3,68,False,0,car,0 days 00:00:13.524000,0 days 01:32:26.091000,712.9094444444446,18.0
2023-10-22 19:33:28.564,10733,142,3,73,False,0,car,0 days 00:00:13.764000,0 days 01:32:26.331000,722.3761111111113,18.0
2023-10-22 19:33:28.964,11168,158,3,99,False,0,car,0 days 00:00:14.164000,0 days 01:32:26.731000,739.9316666666668,18.0
2023-10-22 19:33:29.163,10641,167,4,99,False,0,car,0 days 00:00:14.363000,0 days 01:32:26.930000,749.1630555555557,18.0
2023-10-22 19:33:29.364,11211,177,4,99,False,0,car,0 days 00:00:14.564000,0 days 01:32:27.131000,759.0455555555558,18.0
2023-10-22 19:33:29.804,10554,189,4,99,False,0,car,0 days 00:00:15.004000,0 days 01:32:27.571000,782.1455555555558,18.0
2023-10-22 19:33:30.124,11211,206,5,99,False,0,car,0 days 00:00:15.324000,0 days 01:32:27.891000,800.4566666666669,18.0
2023-10-22 19:33:30.484,11275,215,5,100,False,0,car,0 days 00:00:15.684000,0 days 01:32:28.251000,821.9566666666669,18.0
2023-10-22 19:33:30.644,10435,215,6,100,False,0,car,0 days 00:00:15.844000,0 days 01:32:28.411000,831.5122222222225,18.0
2023-10-22 19:33:31.084,10932,226,6,99,False,0,car,0 days 00:00:16.284000,0 days 01:32:28.851000,859.1344444444446,18.0
2023-10-22 19:33:31.484,11088,232,6,99,False,0,car,0 days 00:00:16.684000,0 days 01:32:29.251000,884.9122222222226,18.0
2023-10-22 19:33:31.844,11430,242,6,100,False,0,car,0 days 00:00:17.044000,0 days 01:32:29.611000,909.1122222222225,18.0
2023-10-22 19:33:32.164,11289,247,6,100,False,0,car,0 days 00:00:17.364000,0 days 01:32:29.931000,931.067777777778,18.0
2023-10-22 19:33:32.404,10337,250,7,100,False,0,car,0 days 00:00:17.604000,0 days 01:32:30.171000,947.7344444444445,18.0
2023-10-22 19:33:32.644,10613,253,7,100,False,0,car,0 days 00:00:17.844000,0 days 01:32:30.411000,964.6011111111113,18.0
2023-10-22 19:33:32.844,10530,254,7,99,False,0,car,0 days 00:00:18.044000,0 days 01:32:30.611000,978.7122222222224,18.0
2023-10-22 19:33:33.124,10778,260,7,100,False,0,car,0 days 00:00:18.324000,0 days 01:32:30.891000,998.9344444444447,18.0
2023-10-22 19:33:33.284,10789,261,7,100,False,0,car,0 days 00:00:18.484000,0 days 01:32:31.051000,1010.5344444444447,18.0
2023-10-22 19:33:33.444,10927,261,7,100,False,0,car,0 days 00:00:18.644000,0 days 01:32:31.211000,1022.1344444444445,18.0
2023-10-22 19:33:33.644,10993,263,7,100,False,0,car,0 days 00:00:18.844000,0 days 01:32:31.411000,1036.745555555556,18.0
2023-10-22 19:33:33.884,10976,265,7,100,False,0,car,0 days 00:00:19.084000,0 days 01:32:31.651000,1054.4122222222225,18.0
2023-10-22 19:33:34.044,10998,266,7,100,False,0,car,0 days 00:00:19.244000,0 days 01:32:31.811000,1066.2344444444448,18.0
2023-10-22 19:33:34.324,10925,268,7,100,True,0,car,0 days 00:00:19.524000,0 days 01:32:32.091000,1087.0788888888892,18.0
2023-10-22 19:33:34.604,10191,252,7,0,True,0,car,0 days 00:00:19.804000,0 days 01:32:32.371000,1106.678888888889,18.0
2023-10-22 19:33:34.804,10876,238,7,0,True,0,car,0 days 00:00:20.004000,0 days 01:32:32.571000,1119.9011111111115,18.0
2023-10-22 19:33:35.204,10654,226,6,50,False,0,car,0 days 00:00:20.404000,0 days 01:32:32.971000,1145.0122222222226,18.0
2023-10-22 19:33:35.364,10643,223,6,50,False,0,car,0 days 00:00:20.564000,0 days 01:32:33.131000,1154.9233333333336,18.0
2023-10-22 19:33:35.564,10568,224,6,53,False,0,car,0 days 00:00:20.764000,0 days 01:32:33.331000,1167.367777777778,18.0
2023-10-22 19:33:35.724,10671,226,6,53,False,0,car,0 days 00:00:20.924000,0 days 01:32:33.491000,1177.4122222222225,18.0
2023-10-22 19:33:36.084,10281,226,6,0,True,0,car,0 days 00:00:21.284000,0 days 01:32:33.851000,1200.0122222222224,18.0
2023-10-22 19:33:36.444,10154,215,6,9,False,0,car,0 days 00:00:21.644000,0 days 01:32:34.211000,1221.5122222222224,18.0
2023-10-22 19:33:36.684,10087,212,6,53,False,0,car,0 days 00:00:21.884000,0 days 01:32:34.451000,1235.6455555555558,18.0
2023-10-22 19:33:36.844,9993,212,6,50,False,0,car,0 days 00:00:22.044000,0 days 01:32:34.611000,1245.067777777778,18.0
2023-10-22 19:33:37.004,10126,212,6,54,False,0,car,0 days 00:00:22.204000,0 days 01:32:34.771000,1254.4900000000002,18.0
2023-10-22 19:33:37.204,10160,214,6,64,False,0,car,0 days 00:00:22.404000,0 days 01:32:34.971000,1266.3788888888892,18.0
2023-10-22 19:33:37.404,10266,214,6,81,False,0,car,0 days 00:00:22.604000,0 days 01:32:35.171000,1278.267777777778,18.0
2023-10-22 19:33:37.684,10357,222,6,40,True,0,car,0 days 00:00:22.884000,0 days 01:32:35.451000,1295.5344444444447,18.0
2023-10-22 19:33:38.124,9671,209,6,10,False,0,car,0 days 00:00:23.324000,0 days 01:32:35.891000,1321.0788888888892,18.0
2023-10-22 19:33:38.364,9763,205,6,31,False,0,car,0 days 00:00:23.564000,0 days 01:32:36.131000,1334.7455555555557,18.0
2023-10-22 19:33:38.764,9551,200,6,29,False,0,car,0 days 00:00:23.964000,0 days 01:32:36.531000,1356.9677777777779,18.0
2023-10-22 19:33:38.924,9589,201,6,43,False,0,car,0 days 00:00:24.124000,0 days 01:32:36.691000,1365.9011111111113,18.0
2023-10-22 19:33:39.164,9734,202,6,62,False,0,car,0 days 00:00:24.364000,0 days 01:32:36.931000,1379.367777777778,18.0
2023-10-22 19:33:39.404,9774,205,6,77,False,0,car,0 days 00:00:24.604000,0 days 01:32:37.171000,1393.0344444444445,18.0
2023-10-22 19:33:39.724,9808,211,6,44,False,0,car,0 days 00:00:24.924000,0 days 01:32:37.491000,1411.79,18.0
2023-10-22 19:33:40.004,9642,207,6,12,False,0,car,0 days 00:00:25.204000,0 days 01:32:37.771000,1427.89,18.0
2023-10-22 19:33:40.364,10403,198,6,0,False,0,car,0 days 00:00:25.564000,0 days 01:32:38.131000,1447.69,18.0
2023-10-22 19:33:40.644,9940,188,5,0,True,0,car,0 days 00:00:25.844000,0 days 01:32:38.411000,1462.3122222222223,18.0
2023-10-22 19:33:40.964,9607,182,5,0,False,0,car,0 days 00:00:26.164000,0 days 01:32:38.731000,1478.49,18.0
2023-10-22 19:33:41.244,9172,177,5,28,False,0,car,0 days 00:00:26.444000,0 days 01:32:39.011000,1492.2566666666667,18.0
2023-10-22 19:33:41.644,9624,175,5,59,False,0,car,0 days 00:00:26.844000,0 days 01:32:39.411000,1511.7011111111112,18.0
2023-10-22 19:33:41.924,10135,183,5,89,False,0,car,0 days 00:00:27.124000,0 days 01:32:39.691000,1525.9344444444444,18.0
2023-10-22 19:33:42.324,10525,190,5,73,False,0,car,0 days 00:00:27.524000,0 days 01:32:40.091000,1547.0455555555557,18.0
2023-10-22 19:33:42.724,10695,195,5,64,False,0,car,0 days 00:00:27.924000,0 days 01:32:40.491000,1568.7122222222222,18.0
2023-10-22 19:33:42.964,10674,198,5,71,False,0,car,0 days 00:00:28.164000,0 days 01:32:40.731000,1581.9122222222222,18.0
2023-10-22 19:33:43.324,10982,204,5,100,False,0,car,0 days 00:00:28.524000,0 days 01:32:41.091000,1602.312222222222,18.0
2023-10-22 19:33:43.484,10562,206,5,100,False,0,car,0 days 00:00:28.684000,0 days 01:32:41.251000,1611.4677777777777,18.0
2023-10-22 19:33:43.644,9996,210,5,100,False,0,car,0 days 00:00:28.844000,0 days 01:32:41.411000,1620.801111111111,18.0
2023-10-22 19:33:43.884,9681,206,6,2,True,0,car,0 days 00:00:29.084000,0 days 01:32:41.651000,1634.5344444444443,18.0
2023-10-22 19:33:44.044,9802,199,6,1,True,0,car,0 days 00:00:29.244000,0 days 01:32:41.811000,1643.3788888888887,18.0
2023-10-22 19:33:44.364,10135,191,5,3,False,0,car,0 days 00:00:29.564000,0 days 01:32:42.131000,1660.3566666666666,18.0
2023-10-22 19:33:44.684,9712,183,5,0,True,0,car,0 days 00:00:29.884000,0 days 01:32:42.451000,1676.6233333333332,18.0
2023-10-22 19:33:45.004,9398,176,5,14,False,0,car,0 days 00:00:30.204000,0 days 01:32:42.771000,1692.2677777777776,18.0
2023-10-22 19:33:45.244,9441,170,5,39,False,0,car,0 days 00:00:30.444000,0 days 01:32:43.011000,1703.6011111111109,18.0
2023-10-22 19:33:45.564,9652,174,5,59,False,0,car,0 days 00:00:30.764000,0 days 01:32:43.331000,1719.0677777777776,18.0
2023-10-22 19:33:45.764,9669,178,5,64,False,0,car,0 days 00:00:30.964000,0 days 01:32:43.531000,1728.9566666666665,18.0
2023-10-22 19:33:46.044,9908,183,5,69,False,0,car,0 days 00:00:31.244000,0 days 01:32:43.811000,1743.1899999999998,18.0
2023-10-22 19:33:46.204,10309,185,5,72,False,0,car,0 days 00:00:31.404000,0 days 01:32:43.971000,1751.412222222222,18.0
2023-10-22 19:33:46.364,10202,187,5,72,False,0,car,0 days 00:00:31.564000,0 days 01:32:44.131000,1759.7233333333331,18.0
2023-10-22 19:33:46.604,10238,188,5,61,True,0,car,0 days 00:00:31.804000,0 days 01:32:44.371000,1772.2566666666664,18.0
2023-10-22 19:33:46.764,10658,179,5,61,True,0,car,0 days 00:00:31.964000,0 days 01:32:44.531000,1780.212222222222,18.0
2023-10-22 19:33:47.044,10576,164,4,0,True,0,car,0 days 00:00:32.244000,0 days 01:32:44.811000,1792.9677777777777,18.0
2023-10-22 19:33:47.284,10016,160,4,0,False,0,car,0 days 00:00:32.484000,0 days 01:32:45.051000,1803.6344444444444,18.0
2023-10-22 19:33:47.484,9626,156,4,4,False,0,car,0 days 00:00:32.684000,0 days 01:32:45.251000,1812.301111111111,18.0
2023-10-22 19:33:47.724,9118,150,4,0,False,0,car,0 days 00:00:32.924000,0 days 01:32:45.491000,1822.301111111111,18.0
2023-10-22 19:33:48.124,8882,145,4,24,False,0,car,0 days 00:00:33.324000,0 days 01:32:45.891000,1838.412222222222,18.0
2023-10-22 19:33:48.284,8980,144,4,0,True,0,car,0 days 00:00:33.484000,0 days 01:32:46.051000,1844.812222222222,18.0
2023-10-22 19:33:48.644,8344,135,4,3,False,0,car,0 days 00:00:33.844000,0 days 01:32:46.411000,1858.312222222222,18.0
2023-10-22 19:33:48.884,8166,131,4,0,False,0,car,0 days 00:00:34.084000,0 days 01:32:46.651000,1867.0455555555554,18.0
2023-10-22 19:33:49.165,8125,127,4,25,False,0,car,0 days 00:00:34.365000,0 days 01:32:46.932000,1876.958611111111,18.0
2023-10-22 19:33:49.364,7742,126,4,32,False,0,car,0 days 00:00:34.564000,0 days 01:32:47.131000,1883.9236111111109,18.0
2023-10-22 19:33:49.764,8101,130,4,54,False,0,car,0 days 00:00:34.964000,0 days 01:32:47.531000,1898.3680555555552,18.0
2023-10-22 19:33:50.084,9113,141,4,77,False,0,car,0 days 00:00:35.284000,0 days 01:32:47.851000,1910.9013888888885,18.0
2023-10-22 19:33:50.364,9427,151,4,71,False,0,car,0 days 00:00:35.564000,0 days 01:32:48.131000,1922.645833333333,18.0
2023-10-22 19:33:50.604,9581,151,4,47,False,0,car,0 days 00:00:35.804000,0 days 01:32:48.371000,1932.7124999999999,18.0
2023-10-22 19:33:51.004,9699,153,4,40,False,0,car,0 days 00:00:36.204000,0 days 01:32:48.771000,1949.7124999999999,18.0
2023-10-22 19:33:51.244,9976,154,4,51,False,0,car,0 days 00:00:36.444000,0 days 01:32:49.011000,1959.9791666666665,18.0
2023-10-22 19:33:51.564,10256,161,4,62,False,0,car,0 days 00:00:36.764000,0 days 01:32:49.331000,1974.2902777777776,18.0
2023-10-22 19:33:51.924,10755,171,4,80,False,0,car,0 days 00:00:37.124000,0 days 01:32:49.691000,1991.3902777777776,18.0
2023-10-22 19:33:52.204,11051,175,4,100,False,0,car,0 days 00:00:37.404000,0 days 01:32:49.971000,2005.0013888888886,18.0
2023-10-22 19:33:52.364,10580,183,4,100,False,0,car,0 days 00:00:37.564000,0 days 01:32:50.131000,2013.1347222222219,18.0
2023-10-22 19:33:52.684,11840,194,5,100,False,0,car,0 days 00:00:37.884000,0 days 01:32:50.451000,2030.3791666666664,18.0
2023-10-22 19:33:53.004,11280,199,5,99,False,0,car,0 days 00:00:38.204000,0 days 01:32:50.771000,2048.0680555555555,18.0
2023-10-22 19:33:53.444,11741,217,5,100,False,0,car,0 days 00:00:38.644000,0 days 01:32:51.211000,2074.5902777777774,18.0
2023-10-22 19:33:53.804,10597,224,6,100,False,0,car,0 days 00:00:39.004000,0 days 01:32:51.571000,2096.9902777777775,18.0
2023-10-22 19:33:54.124,11012,234,6,100,False,0,car,0 days 00:00:39.324000,0 days 01:32:51.891000,2117.7902777777776,18.0
2023-10-22 19:33:54.324,11338,240,6,100,False,0,car,0 days 00:00:39.524000,0 days 01:32:52.091000,2131.123611111111,18.0
2023-10-22 19:33:54.564,11775,241,6,99,False,0,car,0 days 00:00:39.764000,0 days 01:32:52.331000,2147.1902777777777,18.0
2023-10-22 19:33:54.804,11365,246,6,100,False,0,car,0 days 00:00:40.004000,0 days 01:32:52.571000,2163.5902777777774,18.0
2023-10-22 19:33:55.244,10386,254,7,100,False,0,car,0 days 00:00:40.444000,0 days 01:32:53.011000,2194.634722222222,18.0
2023-10-22 19:33:55.404,10386,255,7,100,False,0,car,0 days 00:00:40.604000,0 days 01:32:53.171000,2205.968055555555,18.0
2023-10-22 19:33:55.725,10872,262,7,99,False,0,car,0 days 00:00:40.925000,0 days 01:32:53.492000,2229.329722222222,18.0
2023-10-22 19:33:56.884,11438,276,7,100,False,0,car,0 days 00:00:42.084000,0 days 01:32:54.651000,2318.186388888889,18.0
2023-10-22 19:33:57.124,11591,280,7,100,False,0,car,0 days 00:00:42.324000,0 days 01:32:54.891000,2336.853055555555,18.0
2023-10-22 19:33:57.484,11662,282,7,100,False,0,car,0 days 00:00:42.684000,0 days 01:32:55.251000,2365.0530555555547,18.0
2023-10-22 19:33:57.644,11769,282,7,99,False,0,car,0 days 00:00:42.844000,0 days 01:32:55.411000,2377.5863888888885,18.0
2023-10-22 19:33:57.884,11387,273,7,0,True,0,car,0 days 00:00:43.084000,0 days 01:32:55.651000,2395.7863888888887,18.0
2023-10-22 19:33:58.164,11313,240,7,0,True,0,car,0 days 00:00:43.364000,0 days 01:32:55.931000,2414.453055555555,18.0
2023-10-22 19:33:58.404,10403,217,6,0,True,0,car,0 days 00:00:43.604000,0 days 01:32:56.171000,2428.9197222222215,18.0
2023-10-22 19:33:58.684,10592,191,6,0,True,0,car,0 days 00:00:43.884000,0 days 01:32:56.451000,2443.7752777777773,18.0
2023-10-22 19:33:58.884,10525,175,5,0,True,0,car,0 days 00:00:44.084000,0 days 01:32:56.651000,2453.4974999999995,18.0
2023-10-22 19:33:59.164,10148,153,4,0,True,0,car,0 days 00:00:44.364000,0 days 01:32:56.931000,2465.397499999999,18.0
2023-10-22 19:33:59.404,10135,139,3,0,True,0,car,0 days 00:00:44.604000,0 days 01:32:57.171000,2474.664166666666,18.0
2023-10-22 19:33:59.604,8934,129,3,0,True,0,car,0 days 00:00:44.804000,0 days 01:32:57.371000,2481.830833333333,18.0
2023-10-22 19:33:59.844,8289,114,3,0,True,0,car,0 days 00:00:45.044000,0 days 01:32:57.611000,2489.430833333333,18.0
2023-10-22 19:34:00.164,7314,104,3,0,True,0,car,0 days 00:00:45.364000,0 days 01:32:57.931000,2498.6752777777774,18.0
2023-10-22 19:34:00.484,6848,96,3,0,True,0,car,0 days 00:00:45.684000,0 days 01:32:58.251000,2507.2086111111107,18.0
2023-10-22 19:34:00.644,6406,92,3,0,True,0,car,0 days 00:00:45.844000,0 days 01:32:58.411000,2511.2974999999997,18.0
2023-10-22 19:34:00.844,6316,88,3,0,False,0,car,0 days 00:00:46.044000,0 days 01:32:58.611000,2516.1863888888884,18.0
2023-10-22 19:34:01.084,5892,85,3,0,True,0,car,0 days 00:00:46.284000,0 days 01:32:58.851000,2521.853055555555,18.0
2023-10-22 19:34:01.284,5712,81,3,0,True,0,car,0 days 00:00:46.484000,0 days 01:32:59.051000,2526.353055555555,18.0
2023-10-22 19:34:01.444,5477,78,3,0,True,0,car,0 days 00:00:46.644000,0 days 01:32:59.211000,2529.8197222222216,18.0
2023-10-22 19:34:01.644,5197,75,3,0,False,0,car,0 days 00:00:46.844000,0 days 01:32:59.411000,2533.986388888888,18.0
2023-10-22 19:34:01.924,4996,70,3,0,False,0,car,0 days 00:00:47.124000,0 days 01:32:59.691000,2539.4308333333324,18.0
2023-10-22 19:34:02.204,4778,68,3,0,False,0,car,0 days 00:00:47.404000,0 days 01:32:59.971000,2544.719722222221,18.0
2023-10-22 19:34:02.485,4746,65,3,3,False,0,car,0 days 00:00:47.685000,0 days 01:33:00.252000,2549.793333333332,18.0
2023-10-22 19:34:02.804,4867,68,3,12,False,0,car,0 days 00:00:48.004000,0 days 01:33:00.571000,2555.8188888888876,18.0
2023-10-22 19:34:03.084,5302,72,3,26,False,0,car,0 days 00:00:48.284000,0 days 01:33:00.851000,2561.4188888888875,18.0
2023-10-22 19:34:03.444,6196,80,3,38,False,0,car,0 days 00:00:48.644000,0 days 01:33:01.211000,2569.4188888888875,18.0
2023-10-22 19:34:03.644,6476,85,3,38,False,0,car,0 days 00:00:48.844000,0 days 01:33:01.411000,2574.1411111111097,18.0
2023-10-22 19:34:03.964,7606,93,3,46,False,0,car,0 days 00:00:49.164000,0 days 01:33:01.731000,2582.4077777777766,18.0
2023-10-22 19:34:04.324,7717,105,3,57,False,0,car,0 days 00:00:49.524000,0 days 01:33:02.091000,2592.9077777777766,18.0
2023-10-22 19:34:04.764,9210,122,3,68,False,0,car,0 days 00:00:49.964000,0 days 01:33:02.531000,2607.8188888888876,18.0
2023-10-22 19:34:04.964,9951,131,3,78,False,0,car,0 days 00:00:50.164000,0 days 01:33:02.731000,2615.0966666666654,18.0
2023-10-22 19:34:05.204,9990,141,3,82,False,0,car,0 days 00:00:50.404000,0 days 01:33:02.971000,2624.4966666666655,18.0
2023-10-22 19:34:05.404,10550,151,3,100,False,0,car,0 days 00:00:50.604000,0 days 01:33:03.171000,2632.885555555554,18.0
2023-10-22 19:34:05.604,11110,155,3,100,False,8,car,0 days 00:00:50.804000,0 days 01:33:03.371000,2641.4966666666655,18.0
2023-10-22 19:34:05.764,10803,166,3,100,False,8,car,0 days 00:00:50.964000,0 days 01:33:03.531000,2648.8744444444433,18.0
2023-10-22 19:34:05.964,10803,177,4,100,False,8,car,0 days 00:00:51.164000,0 days 01:33:03.731000,2658.7077777777768,18.0
2023-10-22 19:34:06.244,11851,189,4,100,False,8,car,0 days 00:00:51.444000,0 days 01:33:04.011000,2673.407777777777,18.0
2023-10-22 19:34:06.404,11851,193,4,100,False,8,car,0 days 00:00:51.604000,0 days 01:33:04.171000,2681.9855555555546,18.0
2023-10-22 19:34:06.604,10670,199,5,100,False,8,car,0 days 00:00:51.804000,0 days 01:33:04.371000,2693.0411111111102,18.0
2023-10-22 19:34:06.964,11536,212,5,100,False,8,car,0 days 00:00:52.164000,0 days 01:33:04.731000,2714.24111111111,18.0
2023-10-22 19:34:07.244,11763,220,5,100,False,8,car,0 days 00:00:52.444000,0 days 01:33:05.011000,2731.3522222222214,18.0
2023-10-22 19:34:07.404,11063,222,6,100,False,8,car,0 days 00:00:52.604000,0 days 01:33:05.171000,2741.2188888888877,18.0
2023-10-22 19:34:07.684,10862,227,6,100,False,8,car,0 days 00:00:52.884000,0 days 01:33:05.451000,2758.8744444444433,18.0
2023-10-22 19:34:08.044,11272,236,6,100,False,8,car,0 days 00:00:53.244000,0 days 01:33:05.811000,2782.474444444443,18.0
2023-10-22 19:34:08.244,11408,242,6,100,False,8,car,0 days 00:00:53.444000,0 days 01:33:06.011000,2795.918888888888,18.0
2023-10-22 19:34:08.684,10403,249,6,100,False,8,car,0 days 00:00:53.884000,0 days 01:33:06.451000,2826.3522222222214,18.0
2023-10-22 19:34:08.885,10466,250,7,100,False,8,car,0 days 00:00:54.085000,0 days 01:33:06.652000,2840.310555555555,18.0
2023-10-22 19:34:09.045,10655,256,7,100,False,14,car,0 days 00:00:54.245000,0 days 01:33:06.812000,2851.6883333333326,18.0
2023-10-22 19:34:09.245,10692,256,7,100,False,14,car,0 days 00:00:54.445000,0 days 01:33:07.012000,2865.910555555555,18.0
2023-10-22 19:34:09.444,10757,261,7,100,False,12,car,0 days 00:00:54.644000,0 days 01:33:07.211000,2880.338055555555,18.0
2023-10-22 19:34:09.684,11069,265,7,100,False,12,car,0 days 00:00:54.884000,0 days 01:33:07.451000,2898.004722222222,18.0
2023-10-22 19:34:10.004,11069,270,7,100,False,12,car,0 days 00:00:55.204000,0 days 01:33:07.771000,2922.004722222222,18.0
2023-10-22 19:34:10.204,11069,272,7,100,False,12,car,0 days 00:00:55.404000,0 days 01:33:07.971000,2937.1158333333333,18.0
2023-10-22 19:34:10.444,11437,275,7,100,False,12,car,0 days 00:00:55.644000,0 days 01:33:08.211000,2955.4491666666663,18.0
2023-10-22 19:34:10.764,11618,280,7,100,False,12,car,0 days 00:00:55.964000,0 days 01:33:08.531000,2980.338055555555,18.0
2023-10-22 19:34:11.004,10918,282,8,100,False,12,car,0 days 00:00:56.204000,0 days 01:33:08.771000,2999.138055555555,18.0
2023-10-22 19:34:11.284,10600,285,8,100,False,12,car,0 days 00:00:56.484000,0 days 01:33:09.051000,3021.304722222222,18.0
2023-10-22 19:34:11.604,10657,290,8,100,False,12,car,0 days 00:00:56.804000,0 days 01:33:09.371000,3047.0825,18.0
2023-10-22 19:34:11.804,10745,292,8,100,False,12,car,0 days 00:00:57.004000,0 days 01:33:09.571000,3063.3047222222217,18.0
2023-10-22 19:34:12.084,10863,294,8,100,False,12,car,0 days 00:00:57.284000,0 days 01:33:09.851000,3086.1713888888885,18.0
2023-10-22 19:34:12.404,10863,296,8,100,False,12,car,0 days 00:00:57.604000,0 days 01:33:10.171000,3112.4824999999996,18.0
2023-10-22 19:34:12.564,10863,297,8,100,False,12,car,0 days 00:00:57.764000,0 days 01:33:10.331000,3125.6825,18.0
2023-10-22 19:34:12.804,11099,300,8,100,False,12,car,0 days 00:00:58.004000,0 days 01:33:10.571000,3145.6824999999994,18.0
2023-10-22 19:34:12.964,11149,302,8,100,False,12,car,0 days 00:00:58.164000,0 days 01:33:10.731000,3159.104722222222,18.0
2023-10-22 19:34:13.124,11156,303,8,100,False,12,car,0 days 00:00:58.324000,0 days 01:33:10.891000,3172.571388888888,18.0
2023-10-22 19:34:13.364,11229,305,8,100,False,12,car,0 days 00:00:58.564000,0 days 01:33:11.131000,3192.9047222222216,18.0
2023-10-22 19:34:13.524,11282,307,8,100,False,12,car,0 days 00:00:58.724000,0 days 01:33:11.291000,3206.5491666666658,18.0
2023-10-22 19:34:13.764,11334,308,8,100,False,12,car,0 days 00:00:58.964000,0 days 01:33:11.531000,3227.082499999999,18.0
2023-10-22 19:34:13.924,11323,309,8,100,False,12,car,0 days 00:00:59.124000,0 days 01:33:11.691000,3240.8158333333326,18.0
2023-10-22 19:34:14.164,11335,310,8,100,False,12,car,0 days 00:00:59.364000,0 days 01:33:11.931000,3261.4824999999987,18.0
2023-10-22 19:34:14.484,11400,311,8,100,False,12,car,0 days 00:00:59.684000,0 days 01:33:12.251000,3289.1269444444433,18.0
2023-10-22 19:34:14.724,11431,312,8,100,False,12,car,0 days 00:00:59.924000,0 days 01:33:12.491000,3309.9269444444435,18.0
2023-10-22 19:34:14.964,11493,313,8,100,False,12,car,0 days 00:01:00.164000,0 days 01:33:12.731000,3330.7936111111103,18.0
2023-10-22 19:34:15.204,11546,314,8,100,False,12,car,0 days 00:01:00.404000,0 days 01:33:12.971000,3351.7269444444437,18.0
2023-10-22 19:34:15.365,11570,314,8,100,False,12,car,0 days 00:01:00.565000,0 days 01:33:13.132000,3365.769722222221,18.0
2023-10-22 19:34:15.605,11570,315,8,100,False,12,car,0 days 00:01:00.805000,0 days 01:33:13.372000,3386.769722222221,18.0
2023-10-22 19:34:15.885,11612,316,8,100,False,12,car,0 days 00:01:01.085000,0 days 01:33:13.652000,3411.347499999999,18.0
2023-10-22 19:34:16.085,11651,317,8,100,False,12,car,0 days 00:01:01.285000,0 days 01:33:13.852000,3428.95861111111,18.0
2023-10-22 19:34:16.444,11662,318,8,100,False,12,car,0 days 00:01:01.644000,0 days 01:33:14.211000,3460.670277777777,18.0
2023-10-22 19:34:16.804,11705,318,8,100,False,12,car,0 days 00:01:02.004000,0 days 01:33:14.571000,3492.4702777777766,18.0
2023-10-22 19:34:16.964,11749,319,8,100,False,12,car,0 days 00:01:02.164000,0 days 01:33:14.731000,3506.6480555555545,18.0
2023-10-22 19:34:17.324,11715,319,8,100,False,12,car,0 days 00:01:02.524000,0 days 01:33:15.091000,3538.5480555555546,18.0
2023-10-22 19:34:17.484,11706,319,8,98,False,12,car,0 days 00:01:02.684000,0 days 01:33:15.251000,3552.725833333332,18.0
2023-10-22 19:34:17.684,11706,318,8,98,False,0,car,0 days 00:01:02.884000,0 days 01:33:15.451000,3570.392499999999,18.0
2023-10-22 19:34:18.044,10657,291,8,0,True,0,car,0 days 00:01:03.244000,0 days 01:33:15.811000,3599.492499999999,18.0
2023-10-22 19:34:18.324,10243,254,8,0,True,0,car,0 days 00:01:03.524000,0 days 01:33:16.091000,3619.2480555555544,18.0
2023-10-22 19:34:18.564,10237,232,7,0,True,0,car,0 days 00:01:03.764000,0 days 01:33:16.331000,3634.714722222221,18.0
2023-10-22 19:34:18.764,10263,210,7,0,True,0,car,0 days 00:01:03.964000,0 days 01:33:16.531000,3646.3813888888876,18.0
2023-10-22 19:34:18.924,10314,189,7,0,True,0,car,0 days 00:01:04.124000,0 days 01:33:16.691000,3654.7813888888872,18.0
2023-10-22 19:34:19.364,10066,154,6,0,True,0,car,0 days 00:01:04.564000,0 days 01:33:17.131000,3673.6036111111093,18.0
2023-10-22 19:34:19.644,9666,133,4,0,True,0,car,0 days 00:01:04.844000,0 days 01:33:17.411000,3683.9480555555538,18.0
2023-10-22 19:34:19.924,9895,119,3,0,True,0,car,0 days 00:01:05.124000,0 days 01:33:17.691000,3693.2036111111092,18.0
2023-10-22 19:34:20.164,10391,115,3,0,True,0,car,0 days 00:01:05.364000,0 days 01:33:17.931000,3700.870277777776,18.0
2023-10-22 19:34:20.404,9691,103,2,0,True,0,car,0 days 00:01:05.604000,0 days 01:33:18.171000,3707.7369444444425,18.0
2023-10-22 19:34:20.804,7772,93,2,0,True,0,car,0 days 00:01:06.004000,0 days 01:33:18.571000,3718.070277777776,18.0
2023-10-22 19:34:20.964,7469,89,2,0,True,0,car,0 days 00:01:06.164000,0 days 01:33:18.731000,3722.0258333333313,18.0
2023-10-22 19:34:21.124,7167,87,2,0,False,0,car,0 days 00:01:06.324000,0 days 01:33:18.891000,3725.892499999998,18.0
2023-10-22 19:34:21.444,7300,81,2,2,False,0,car,0 days 00:01:06.644000,0 days 01:33:19.211000,3733.0924999999984,18.0
2023-10-22 19:34:21.604,7119,82,2,21,False,0,car,0 days 00:01:06.804000,0 days 01:33:19.371000,3736.7369444444425,18.0
2023-10-22 19:34:21.804,7454,83,2,29,False,0,car,0 days 00:01:07.004000,0 days 01:33:19.571000,3741.348055555554,18.0
2023-10-22 19:34:22.165,8093,90,2,41,False,0,car,0 days 00:01:07.365000,0 days 01:33:19.932000,3750.3730555555535,18.0
2023-10-22 19:34:22.485,9034,99,2,51,False,0,car,0 days 00:01:07.685000,0 days 01:33:20.252000,3759.1730555555537,18.0
2023-10-22 19:34:22.845,10021,113,2,62,False,0,car,0 days 00:01:08.045000,0 days 01:33:20.612000,3770.473055555554,18.0
2023-10-22 19:34:23.164,11075,126,2,78,False,0,car,0 days 00:01:08.364000,0 days 01:33:20.931000,3781.638055555554,18.0
2023-10-22 19:34:23.444,9955,138,2,94,False,0,car,0 days 00:01:08.644000,0 days 01:33:21.211000,3792.3713888888874,18.0
2023-10-22 19:34:23.844,11677,157,3,100,False,0,car,0 days 00:01:09.044000,0 days 01:33:21.611000,3809.8158333333313,18.0
2023-10-22 19:34:24.124,10625,166,4,100,False,0,car,0 days 00:01:09.324000,0 days 01:33:21.891000,3822.7269444444423,18.0
2023-10-22 19:34:24.564,11397,182,4,99,False,0,car,0 days 00:01:09.764000,0 days 01:33:22.331000,3844.971388888887,18.0
2023-10-22 19:34:24.724,11605,187,4,100,False,0,car,0 days 00:01:09.924000,0 days 01:33:22.491000,3853.2824999999984,18.0
2023-10-22 19:34:24.884,11605,190,5,100,False,0,car,0 days 00:01:10.084000,0 days 01:33:22.651000,3861.726944444443,18.0
2023-10-22 19:34:25.364,10418,165,5,0,True,0,car,0 days 00:01:10.564000,0 days 01:33:23.131000,3883.7269444444423,18.0
2023-10-22 19:34:25.684,11007,147,4,0,True,0,car,0 days 00:01:10.884000,0 days 01:33:23.451000,3896.7936111111094,18.0
2023-10-22 19:34:25.964,9887,133,3,0,True,0,car,0 days 00:01:11.164000,0 days 01:33:23.731000,3907.138055555554,18.0
2023-10-22 19:34:26.204,8951,126,3,0,True,0,car,0 days 00:01:11.404000,0 days 01:33:23.971000,3915.5380555555535,18.0
2023-10-22 19:34:26.604,8144,115,3,0,True,0,car,0 days 00:01:11.804000,0 days 01:33:24.371000,3928.3158333333313,18.0
2023-10-22 19:34:26.804,7788,110,3,0,True,0,car,0 days 00:01:12.004000,0 days 01:33:24.571000,3934.4269444444426,18.0
2023-10-22 19:34:26.964,7525,107,3,2,True,0,car,0 days 00:01:12.164000,0 days 01:33:24.731000,3939.182499999998,18.0
2023-10-22 19:34:27.244,7198,101,3,2,False,0,car,0 days 00:01:12.444000,0 days 01:33:25.011000,3947.0380555555535,18.0
2023-10-22 19:34:27.604,6825,97,3,0,False,0,car,0 days 00:01:12.804000,0 days 01:33:25.371000,3956.7380555555533,18.0
2023-10-22 19:34:27.964,6539,92,3,0,False,0,car,0 days 00:01:13.164000,0 days 01:33:25.731000,3965.938055555553,18.0
2023-10-22 19:34:28.204,6793,92,3,15,False,0,car,0 days 00:01:13.404000,0 days 01:33:25.971000,3972.0713888888863,18.0
2023-10-22 19:34:28.364,7004,92,3,30,False,0,car,0 days 00:01:13.564000,0 days 01:33:26.131000,3976.1602777777753,18.0
2023-10-22 19:34:28.525,7220,96,3,38,False,0,car,0 days 00:01:13.725000,0 days 01:33:26.292000,3980.453611111109,18.0
2023-10-22 19:34:28.925,7927,102,3,41,False,0,car,0 days 00:01:14.125000,0 days 01:33:26.692000,3991.7869444444423,18.0
2023-10-22 19:34:29.245,8130,107,3,44,False,0,car,0 days 00:01:14.445000,0 days 01:33:27.012000,4001.298055555553,18.0
2023-10-22 19:34:29.684,9113,119,3,58,False,0,car,0 days 00:01:14.884000,0 days 01:33:27.451000,4015.8094444444423,18.0
2023-10-22 19:34:29.884,9545,126,3,62,False,0,car,0 days 00:01:15.084000,0 days 01:33:27.651000,4022.8094444444423,18.0
2023-10-22 19:34:30.124,10381,137,3,71,False,0,car,0 days 00:01:15.324000,0 days 01:33:27.891000,4031.9427777777755,18.0
2023-10-22 19:34:30.324,10687,146,3,75,False,0,car,0 days 00:01:15.524000,0 days 01:33:28.091000,4040.053888888887,18.0
2023-10-22 19:34:30.644,11771,157,3,100,False,0,car,0 days 00:01:15.844000,0 days 01:33:28.411000,4054.009444444442,18.0
2023-10-22 19:34:30.924,10597,166,4,100,False,0,car,0 days 00:01:16.124000,0 days 01:33:28.691000,4066.920555555553,18.0
2023-10-22 19:34:31.084,10904,169,4,100,False,0,car,0 days 00:01:16.284000,0 days 01:33:28.851000,4074.4316666666646,18.0
2023-10-22 19:34:31.364,11314,178,4,99,False,0,car,0 days 00:01:16.564000,0 days 01:33:29.131000,4088.2761111111085,18.0
2023-10-22 19:34:31.604,11376,184,4,100,False,0,car,0 days 00:01:16.804000,0 days 01:33:29.371000,4100.542777777776,18.0
2023-10-22 19:34:31.804,10283,189,5,100,True,0,car,0 days 00:01:17.004000,0 days 01:33:29.571000,4111.042777777776,18.0
2023-10-22 19:34:32.004,9771,186,5,0,True,0,car,0 days 00:01:17.204000,0 days 01:33:29.771000,4121.376111111109,18.0
2023-10-22 19:34:32.364,9772,163,5,0,True,0,car,0 days 00:01:17.564000,0 days 01:33:30.131000,4137.676111111109,18.0
2023-10-22 19:34:32.604,10353,158,4,0,True,0,car,0 days 00:01:17.804000,0 days 01:33:30.371000,4148.209444444443,18.0
2023-10-22 19:34:32.764,10102,144,4,0,True,0,car,0 days 00:01:17.964000,0 days 01:33:30.531000,4154.6094444444425,18.0
2023-10-22 19:34:32.924,9690,136,3,0,True,0,car,0 days 00:01:18.124000,0 days 01:33:30.691000,4160.653888888887,18.0
2023-10-22 19:34:33.204,9024,128,3,0,True,0,car,0 days 00:01:18.404000,0 days 01:33:30.971000,4170.6094444444425,18.0
2023-10-22 19:34:33.404,8608,121,3,0,True,0,car,0 days 00:01:18.604000,0 days 01:33:31.171000,4177.331666666665,18.0
2023-10-22 19:34:33.644,7845,112,3,0,True,0,car,0 days 00:01:18.844000,0 days 01:33:31.411000,4184.798333333331,18.0
2023-10-22 19:34:33.964,7316,105,3,0,True,0,car,0 days 00:01:19.164000,0 days 01:33:31.731000,4194.131666666665,18.0
2023-10-22 19:34:34.204,7135,101,3,0,True,0,car,0 days 00:01:19.404000,0 days 01:33:31.971000,4200.864999999999,18.0
2023-10-22 19:34:34.484,6620,95,3,0,True,0,car,0 days 00:01:19.684000,0 days 01:33:32.251000,4208.253888888888,18.0
2023-10-22 19:34:34.764,6375,88,3,0,True,0,car,0 days 00:01:19.964000,0 days 01:33:32.531000,4215.098333333332,18.0
2023-10-22 19:34:35.084,5874,84,3,0,False,0,car,0 days 00:01:20.284000,0 days 01:33:32.851000,4222.565,18.0
2023-10-22 19:34:35.445,5725,79,3,5,False,0,car,0 days 00:01:20.645000,0 days 01:33:33.212000,4230.486944444444,18.0
2023-10-22 19:34:35.725,5973,80,3,13,False,0,car,0 days 00:01:20.925000,0 days 01:33:33.492000,4236.7091666666665,18.0
2023-10-22 19:34:35.925,6029,80,3,18,False,0,car,0 days 00:01:21.125000,0 days 01:33:33.692000,4241.153611111111,18.0
2023-10-22 19:34:36.165,6197,84,3,31,False,0,car,0 days 00:01:21.365000,0 days 01:33:33.932000,4246.75361111111,18.0
2023-10-22 19:34:36.364,6562,88,3,40,False,0,car,0 days 00:01:21.564000,0 days 01:33:34.131000,4251.618055555555,18.0
2023-10-22 19:34:36.524,7020,93,3,46,False,0,car,0 days 00:01:21.724000,0 days 01:33:34.291000,4255.751388888888,18.0
2023-10-22 19:34:36.684,7536,96,3,50,False,0,car,0 days 00:01:21.884000,0 days 01:33:34.451000,4260.018055555554,18.0
2023-10-22 19:34:36.844,7969,102,3,52,False,0,car,0 days 00:01:22.044000,0 days 01:33:34.611000,4264.551388888887,18.0
2023-10-22 19:34:37.244,8517,115,3,56,False,0,car,0 days 00:01:22.444000,0 days 01:33:35.011000,4277.3291666666655,18.0
2023-10-22 19:34:37.604,9683,127,3,75,False,0,car,0 days 00:01:22.804000,0 days 01:33:35.371000,4290.029166666665,18.0
2023-10-22 19:34:37.804,10471,136,3,82,False,0,car,0 days 00:01:23.004000,0 days 01:33:35.571000,4297.584722222221,18.0
2023-10-22 19:34:38.004,11110,140,3,99,False,0,car,0 days 00:01:23.204000,0 days 01:33:35.771000,4305.362499999998,18.0
2023-10-22 19:34:38.244,11561,150,3,99,False,0,car,0 days 00:01:23.444000,0 days 01:33:36.011000,4315.362499999998,18.0
2023-10-22 19:34:38.524,10769,168,4,100,False,0,car,0 days 00:01:23.724000,0 days 01:33:36.291000,4328.429166666665,18.0
2023-10-22 19:34:38.724,11107,180,4,100,False,0,car,0 days 00:01:23.924000,0 days 01:33:36.491000,4338.429166666665,18.0
2023-10-22 19:34:39.004,10613,187,4,100,False,0,car,0 days 00:01:24.204000,0 days 01:33:36.771000,4352.973611111109,18.0
2023-10-22 19:34:39.204,10587,194,4,100,False,0,car,0 days 00:01:24.404000,0 days 01:33:36.971000,4363.751388888887,18.0
2023-10-22 19:34:39.364,10924,200,5,100,False,0,car,0 days 00:01:24.564000,0 days 01:33:37.131000,4372.640277777776,18.0
2023-10-22 19:34:39.524,11160,205,5,100,False,0,car,0 days 00:01:24.724000,0 days 01:33:37.291000,4381.751388888887,18.0
2023-10-22 19:34:39.804,11357,208,5,100,False,0,car,0 days 00:01:25.004000,0 days 01:33:37.571000,4397.929166666665,18.0
2023-10-22 19:34:40.004,11768,212,5,100,False,0,car,0 days 00:01:25.204000,0 days 01:33:37.771000,4409.706944444442,18.0
2023-10-22 19:34:40.164,10788,216,5,100,False,0,car,0 days 00:01:25.364000,0 days 01:33:37.931000,4419.306944444443,18.0
2023-10-22 19:34:40.364,10589,221,5,100,False,0,car,0 days 00:01:25.564000,0 days 01:33:38.131000,4431.58472222222,18.0
2023-10-22 19:34:40.684,10633,225,6,100,False,0,car,0 days 00:01:25.884000,0 days 01:33:38.451000,4451.584722222221,18.0
2023-10-22 19:34:40.924,10967,230,6,94,False,0,car,0 days 00:01:26.124000,0 days 01:33:38.691000,4466.918055555554,18.0
2023-10-22 19:34:41.084,11059,232,6,82,False,0,car,0 days 00:01:26.284000,0 days 01:33:38.851000,4477.229166666666,18.0
2023-10-22 19:34:41.244,10876,233,6,83,False,0,car,0 days 00:01:26.444000,0 days 01:33:39.011000,4487.584722222221,18.0
2023-10-22 19:34:41.444,9476,235,6,87,False,0,car,0 days 00:01:26.644000,0 days 01:33:39.211000,4500.640277777777,18.0
2023-10-22 19:34:41.685,9828,237,7,72,False,0,car,0 days 00:01:26.885000,0 days 01:33:39.452000,4516.50611111111,18.0
2023-10-22 19:34:41.925,9907,237,7,72,False,0,car,0 days 00:01:27.125000,0 days 01:33:39.692000,4532.306111111109,18.0
2023-10-22 19:34:42.245,9801,236,7,67,False,0,car,0 days 00:01:27.445000,0 days 01:33:40.012000,4553.283888888886,18.0
2023-10-22 19:34:42.605,9882,236,7,75,False,0,car,0 days 00:01:27.805000,0 days 01:33:40.372000,4576.883888888888,18.0
2023-10-22 19:34:42.805,9992,237,7,84,False,0,car,0 days 00:01:28.005000,0 days 01:33:40.572000,4590.050555555554,18.0
2023-10-22 19:34:43.044,10103,241,7,100,False,0,car,0 days 00:01:28.244000,0 days 01:33:40.811000,4606.0502777777765,18.0
2023-10-22 19:34:43.284,10134,241,7,100,False,0,car,0 days 00:01:28.484000,0 days 01:33:41.051000,4622.116944444443,18.0
2023-10-22 19:34:43.564,10197,244,7,100,False,0,car,0 days 00:01:28.764000,0 days 01:33:41.331000,4641.094722222221,18.0
2023-10-22 19:34:43.724,10298,244,7,100,False,0,car,0 days 00:01:28.924000,0 days 01:33:41.491000,4651.939166666666,18.0
2023-10-22 19:34:44.044,10568,252,7,100,False,0,car,0 days 00:01:29.244000,0 days 01:33:41.811000,4674.339166666666,18.0
2023-10-22 19:34:44.204,10568,253,7,100,False,0,car,0 days 00:01:29.404000,0 days 01:33:41.971000,4685.58361111111,18.0
2023-10-22 19:34:44.444,10708,256,7,100,False,0,car,0 days 00:01:29.644000,0 days 01:33:42.211000,4702.650277777778,18.0
2023-10-22 19:34:44.804,10896,257,7,100,False,0,car,0 days 00:01:30.004000,0 days 01:33:42.571000,4728.350277777778,18.0
2023-10-22 19:34:45.044,10798,261,7,100,False,0,car,0 days 00:01:30.244000,0 days 01:33:42.811000,4745.750277777777,18.0
2023-10-22 19:34:45.204,10841,260,7,100,False,0,car,0 days 00:01:30.404000,0 days 01:33:42.971000,4757.305833333333,18.0
2023-10-22 19:34:45.444,10860,261,7,99,False,0,car,0 days 00:01:30.644000,0 days 01:33:43.211000,4774.705833333333,18.0
2023-10-22 19:34:45.644,10838,262,7,100,False,0,car,0 days 00:01:30.844000,0 days 01:33:43.411000,4789.261388888888,18.0
2023-10-22 19:34:46.004,10873,263,7,99,False,0,car,0 days 00:01:31.204000,0 days 01:33:43.771000,4815.561388888888,18.0
2023-10-22 19:34:46.244,10960,265,7,99,False,0,car,0 days 00:01:31.444000,0 days 01:33:44.011000,4833.228055555555,18.0
2023-10-22 19:34:46.444,11016,266,7,100,False,0,car,0 days 00:01:31.644000,0 days 01:33:44.211000,4848.005833333334,18.0
2023-10-22 19:34:46.604,11020,266,7,99,False,0,car,0 days 00:01:31.804000,0 days 01:33:44.371000,4859.828055555556,18.0
2023-10-22 19:34:46.764,10806,268,7,99,False,0,car,0 days 00:01:31.964000,0 days 01:33:44.531000,4871.739166666666,18.0
2023-10-22 19:34:46.964,10386,256,7,58,True,0,car,0 days 00:01:32.164000,0 days 01:33:44.731000,4885.961388888889,18.0
2023-10-22 19:34:47.324,10479,225,7,0,True,0,car,0 days 00:01:32.524000,0 days 01:33:45.091000,4908.461388888889,18.0
2023-10-22 19:34:47.644,9931,208,6,0,True,0,car,0 days 00:01:32.844000,0 days 01:33:45.411000,4926.950277777777,18.0
2023-10-22 19:34:47.804,9931,204,6,0,True,0,car,0 days 00:01:33.004000,0 days 01:33:45.571000,4936.016944444445,18.0
2023-10-22 19:34:48.164,9884,188,5,0,True,0,car,0 days 00:01:33.364000,0 days 01:33:45.931000,4954.816944444445,18.0
2023-10-22 19:34:48.445,9546,180,5,0,False,0,car,0 days 00:01:33.645000,0 days 01:33:46.212000,4968.866944444444,18.0
2023-10-22 19:34:48.605,9626,178,5,25,False,0,car,0 days 00:01:33.805000,0 days 01:33:46.372000,4976.7780555555555,18.0
2023-10-22 19:34:48.845,9735,175,5,46,False,0,car,0 days 00:01:34.045000,0 days 01:33:46.612000,4988.444722222222,18.0
2023-10-22 19:34:49.125,9742,181,5,57,False,0,car,0 days 00:01:34.325000,0 days 01:33:46.892000,5002.522499999999,18.0
2023-10-22 19:34:49.285,10078,183,5,74,False,0,car,0 days 00:01:34.485000,0 days 01:33:47.052000,5010.655833333332,18.0
2023-10-22 19:34:49.685,10512,194,5,99,False,0,car,0 days 00:01:34.885000,0 days 01:33:47.452000,5032.211388888888,18.0
2023-10-22 19:34:50.004,11074,202,5,100,False,0,car,0 days 00:01:35.204000,0 days 01:33:47.771000,5050.110833333331,18.0
2023-10-22 19:34:50.324,11606,211,5,100,False,0,car,0 days 00:01:35.524000,0 days 01:33:48.091000,5068.866388888888,18.0
2023-10-22 19:34:50.484,11733,215,5,100,False,0,car,0 days 00:01:35.684000,0 days 01:33:48.251000,5078.421944444443,18.0
2023-10-22 19:34:50.844,10576,222,6,100,False,0,car,0 days 00:01:36.044000,0 days 01:33:48.611000,5100.621944444443,18.0
2023-10-22 19:34:51.164,10808,229,6,100,False,0,car,0 days 00:01:36.364000,0 days 01:33:48.931000,5120.977499999999,18.0
2023-10-22 19:34:51.604,11123,235,6,100,False,0,car,0 days 00:01:36.804000,0 days 01:33:49.371000,5149.699722222221,18.0
2023-10-22 19:34:51.764,11223,237,6,100,False,0,car,0 days 00:01:36.964000,0 days 01:33:49.531000,5160.233055555554,18.0
2023-10-22 19:34:51.964,10103,238,6,4,True,0,car,0 days 00:01:37.164000,0 days 01:33:49.731000,5173.455277777776,18.0
2023-10-22 19:34:52.124,10446,206,6,0,True,0,car,0 days 00:01:37.324000,0 days 01:33:49.891000,5182.610833333331,18.0
2023-10-22 19:34:52.364,10211,185,5,0,True,0,car,0 days 00:01:37.564000,0 days 01:33:50.131000,5194.944166666664,18.0
2023-10-22 19:34:52.804,10844,152,4,0,True,0,car,0 days 00:01:38.004000,0 days 01:33:50.571000,5213.521944444443,18.0
2023-10-22 19:34:53.244,8835,123,3,0,True,0,car,0 days 00:01:38.444000,0 days 01:33:51.011000,5228.555277777776,18.0
2023-10-22 19:34:53.644,7573,108,3,0,True,0,car,0 days 00:01:38.844000,0 days 01:33:51.411000,5240.555277777776,18.0
2023-10-22 19:34:54.004,7184,102,3,0,True,0,car,0 days 00:01:39.204000,0 days 01:33:51.771000,5250.7552777777755,18.0
2023-10-22 19:34:54.164,6780,98,3,0,True,0,car,0 days 00:01:39.364000,0 days 01:33:51.931000,5255.110833333331,18.0
2023-10-22 19:34:54.404,6624,95,3,0,False,0,car,0 days 00:01:39.604000,0 days 01:33:52.171000,5261.444166666664,18.0
2023-10-22 19:34:54.684,6356,89,3,7,False,0,car,0 days 00:01:39.884000,0 days 01:33:52.451000,5268.366388888887,18.0
2023-10-22 19:34:54.885,6697,88,3,16,False,0,car,0 days 00:01:40.085000,0 days 01:33:52.652000,5273.27972222222,18.0
2023-10-22 19:34:55.165,6721,89,3,25,False,0,car,0 days 00:01:40.365000,0 days 01:33:52.932000,5280.201944444442,18.0
2023-10-22 19:34:55.405,6812,91,3,32,False,0,car,0 days 00:01:40.605000,0 days 01:33:53.172000,5286.268611111109,18.0
2023-10-22 19:34:55.605,7066,92,3,38,False,0,car,0 days 00:01:40.805000,0 days 01:33:53.372000,5291.37972222222,18.0
2023-10-22 19:34:55.885,7702,100,3,47,False,0,car,0 days 00:01:41.085000,0 days 01:33:53.652000,5299.1574999999975,18.0
2023-10-22 19:34:56.045,8153,107,3,53,False,0,car,0 days 00:01:41.245000,0 days 01:33:53.812000,5303.913055555553,18.0
2023-10-22 19:34:56.285,8892,113,3,59,False,0,car,0 days 00:01:41.485000,0 days 01:33:54.052000,5311.446388888886,18.0
2023-10-22 19:34:56.484,10271,118,3,57,False,0,car,0 days 00:01:41.684000,0 days 01:33:54.251000,5317.969166666663,18.0
2023-10-22 19:34:56.684,9633,124,3,58,False,0,car,0 days 00:01:41.884000,0 days 01:33:54.451000,5324.858055555552,18.0
2023-10-22 19:34:57.004,9934,134,3,72,False,0,car,0 days 00:01:42.204000,0 days 01:33:54.771000,5336.769166666662,18.0
2023-10-22 19:34:57.844,11055,175,4,100,False,0,car,0 days 00:01:43.044000,0 days 01:33:55.611000,5377.602499999996,18.0
2023-10-22 19:34:58.044,11475,182,4,100,False,0,car,0 days 00:01:43.244000,0 days 01:33:55.811000,5387.713611111108,18.0
2023-10-22 19:34:58.324,11021,192,4,100,False,0,car,0 days 00:01:43.524000,0 days 01:33:56.091000,5402.646944444441,18.0
2023-10-22 19:34:58.484,10743,196,5,100,False,0,car,0 days 00:01:43.684000,0 days 01:33:56.251000,5411.358055555552,18.0
2023-10-22 19:34:58.804,11155,205,5,100,False,0,car,0 days 00:01:44.004000,0 days 01:33:56.571000,5429.580277777774,18.0
2023-10-22 19:34:58.964,11454,211,5,100,False,0,car,0 days 00:00:00.008000,0 days 01:33:56.731000,0.46888888888888886,19.0
2023-10-22 19:34:59.124,11656,216,5,100,False,0,car,0 days 00:00:00.168000,0 days 01:33:56.891000,10.068888888888889,19.0
2023-10-22 19:34:59.404,10579,221,6,100,False,0,car,0 days 00:00:00.448000,0 days 01:33:57.171000,27.25777777777778,19.0
2023-10-22 19:34:59.724,10886,230,6,100,False,0,car,0 days 00:00:00.768000,0 days 01:33:57.491000,47.70222222222222,19.0
2023-10-22 19:34:59.924,11019,234,6,100,False,0,car,0 days 00:00:00.968000,0 days 01:33:57.691000,60.70222222222222,19.0
2023-10-22 19:35:00.204,11207,238,6,100,False,0,car,0 days 00:00:01.248000,0 days 01:33:57.971000,79.21333333333334,19.0
2023-10-22 19:35:00.644,11429,247,6,100,False,0,car,0 days 00:00:01.688000,0 days 01:33:58.411000,109.40222222222222,19.0
2023-10-22 19:35:00.924,10341,250,6,100,False,0,car,0 days 00:00:01.968000,0 days 01:33:58.691000,128.84666666666666,19.0
2023-10-22 19:35:01.204,10618,251,7,100,False,0,car,0 days 00:00:02.248000,0 days 01:33:58.971000,148.3688888888889,19.0
2023-10-22 19:35:01.525,10747,260,7,100,False,0,car,0 days 00:00:02.569000,0 days 01:33:59.292000,171.5522222222222,19.0
2023-10-22 19:35:01.925,11085,265,7,100,False,0,car,0 days 00:00:02.969000,0 days 01:33:59.692000,200.99666666666664,19.0
2023-10-22 19:35:02.085,11035,266,7,100,False,0,car,0 days 00:00:03.129000,0 days 01:33:59.852000,212.81888888888886,19.0
2023-10-22 19:35:02.445,11271,271,7,100,False,0,car,0 days 00:00:03.489000,0 days 01:34:00.212000,239.91888888888886,19.0
2023-10-22 19:35:02.725,11316,272,7,100,False,0,car,0 days 00:00:03.769000,0 days 01:34:00.492000,261.07444444444445,19.0
2023-10-22 19:35:03.005,11512,277,7,100,False,0,car,0 days 00:00:04.049000,0 days 01:34:00.772000,282.61888888888893,19.0
2023-10-22 19:35:03.364,11545,280,7,100,False,0,car,0 days 00:00:04.408000,0 days 01:34:01.131000,310.54111111111115,19.0
2023-10-22 19:35:03.564,10565,280,7,100,False,0,car,0 days 00:00:04.608000,0 days 01:34:01.331000,326.09666666666664,19.0
2023-10-22 19:35:03.844,10421,282,8,100,False,0,car,0 days 00:00:04.888000,0 days 01:34:01.611000,348.03,19.0
2023-10-22 19:35:04.124,10425,283,8,100,False,0,car,0 days 00:00:05.168000,0 days 01:34:01.891000,370.0411111111111,19.0
2023-10-22 19:35:04.524,10518,285,8,100,False,0,car,0 days 00:00:05.568000,0 days 01:34:02.291000,401.7077777777777,19.0
2023-10-22 19:35:04.684,10529,286,8,100,False,0,car,0 days 00:00:05.728000,0 days 01:34:02.451000,414.41888888888883,19.0
2023-10-22 19:35:05.004,10499,286,8,100,False,0,car,0 days 00:00:06.048000,0 days 01:34:02.771000,439.8411111111111,19.0
2023-10-22 19:35:05.164,10471,285,8,100,False,0,car,0 days 00:00:06.208000,0 days 01:34:02.931000,452.5077777777778,19.0
2023-10-22 19:35:05.404,10614,284,8,99,False,0,car,0 days 00:00:06.448000,0 days 01:34:03.171000,471.4411111111111,19.0
2023-10-22 19:35:05.564,10449,283,8,100,False,0,car,0 days 00:00:06.608000,0 days 01:34:03.331000,484.01888888888885,19.0
2023-10-22 19:35:05.764,10351,282,8,100,False,0,car,0 days 00:00:06.808000,0 days 01:34:03.531000,499.68555555555554,19.0
2023-10-22 19:35:05.964,9926,265,8,0,True,0,car,0 days 00:00:07.008000,0 days 01:34:03.731000,514.4077777777778,19.0
2023-10-22 19:35:06.164,9344,239,8,0,True,0,car,0 days 00:00:07.208000,0 days 01:34:03.931000,527.6855555555557,19.0
2023-10-22 19:35:06.564,8981,194,7,0,True,0,car,0 days 00:00:07.608000,0 days 01:34:04.331000,549.2411111111112,19.0
2023-10-22 19:35:06.884,9377,167,5,0,True,0,car,0 days 00:00:07.928000,0 days 01:34:04.651000,564.0855555555556,19.0
2023-10-22 19:35:07.084,9178,159,5,0,True,0,car,0 days 00:00:08.128000,0 days 01:34:04.851000,572.918888888889,19.0
2023-10-22 19:35:07.284,9598,146,5,0,True,0,car,0 days 00:00:08.328000,0 days 01:34:05.051000,581.0300000000001,19.0
2023-10-22 19:35:07.604,8834,146,3,0,True,0,car,0 days 00:00:08.648000,0 days 01:34:05.371000,594.0077777777778,19.0
2023-10-22 19:35:07.964,7553,110,3,0,True,0,car,0 days 00:00:09.008000,0 days 01:34:05.731000,605.0077777777778,19.0
2023-10-22 19:35:08.405,6769,96,3,0,True,0,car,0 days 00:00:09.449000,0 days 01:34:06.172000,616.7677777777778,19.0
2023-10-22 19:35:08.845,5980,86,3,0,False,0,car,0 days 00:00:09.889000,0 days 01:34:06.612000,627.2788888888889,19.0
2023-10-22 19:35:09.005,5961,85,3,0,False,0,car,0 days 00:00:10.049000,0 days 01:34:06.772000,631.0566666666667,19.0
2023-10-22 19:35:09.245,5726,81,3,0,False,0,car,0 days 00:00:10.289000,0 days 01:34:07.012000,636.4566666666667,19.0
2023-10-22 19:35:09.565,5605,75,3,0,False,0,car,0 days 00:00:10.609000,0 days 01:34:07.332000,643.1233333333333,19.0
2023-10-22 19:35:09.725,5606,75,3,9,False,0,car,0 days 00:00:10.769000,0 days 01:34:07.492000,646.4566666666667,19.0
2023-10-22 19:35:10.044,6007,76,3,19,False,0,car,0 days 00:00:11.088000,0 days 01:34:07.811000,653.1911111111111,19.0
2023-10-22 19:35:10.284,6355,80,3,35,False,0,car,0 days 00:00:11.328000,0 days 01:34:08.051000,658.5244444444445,19.0
2023-10-22 19:35:10.724,6523,90,3,34,False,0,car,0 days 00:00:11.768000,0 days 01:34:08.491000,669.5244444444445,19.0
2023-10-22 19:35:11.044,7389,99,3,45,False,0,car,0 days 00:00:12.088000,0 days 01:34:08.811000,678.3244444444445,19.0
2023-10-22 19:35:11.244,7794,105,3,47,False,0,car,0 days 00:00:12.288000,0 days 01:34:09.011000,684.1577777777778,19.0
2023-10-22 19:35:11.524,8710,115,3,56,False,0,car,0 days 00:00:12.568000,0 days 01:34:09.291000,693.1022222222223,19.0
2023-10-22 19:35:11.924,9953,130,3,67,False,0,car,0 days 00:00:12.968000,0 days 01:34:09.691000,707.5466666666667,19.0
2023-10-22 19:35:12.204,10770,134,3,82,False,0,car,0 days 00:00:13.248000,0 days 01:34:09.971000,717.968888888889,19.0
2023-10-22 19:35:12.524,10576,157,3,99,False,0,car,0 days 00:00:13.568000,0 days 01:34:10.291000,731.9244444444445,19.0
2023-10-22 19:35:12.764,10856,163,4,99,False,0,car,0 days 00:00:13.808000,0 days 01:34:10.531000,742.7911111111111,19.0
2023-10-22 19:35:12.924,11547,176,4,100,False,0,car,0 days 00:00:13.968000,0 days 01:34:10.691000,750.6133333333333,19.0
2023-10-22 19:35:13.124,11320,185,4,100,False,0,car,0 days 00:00:14.168000,0 days 01:34:10.891000,760.8911111111111,19.0
2023-10-22 19:35:13.284,10280,185,4,99,False,0,car,0 days 00:00:14.328000,0 days 01:34:11.051000,769.1133333333332,19.0
2023-10-22 19:35:13.644,11047,203,5,100,False,0,car,0 days 00:00:14.688000,0 days 01:34:11.411000,789.4133333333333,19.0
2023-10-22 19:35:13.844,11187,210,5,100,False,0,car,0 days 00:00:14.888000,0 days 01:34:11.611000,801.0799999999999,19.0
2023-10-22 19:35:14.124,10229,212,5,100,False,0,car,0 days 00:00:15.168000,0 days 01:34:11.891000,817.5688888888888,19.0
2023-10-22 19:35:14.364,10675,218,6,99,False,0,car,0 days 00:00:15.408000,0 days 01:34:12.131000,832.102222222222,19.0
2023-10-22 19:35:14.564,10777,226,6,100,False,0,car,0 days 00:00:15.608000,0 days 01:34:12.331000,844.6577777777777,19.0
2023-10-22 19:35:14.805,11144,226,6,99,False,0,car,0 days 00:00:15.849000,0 days 01:34:12.572000,859.7872222222221,19.0
2023-10-22 19:35:15.085,11145,230,6,100,False,0,car,0 days 00:00:16.129000,0 days 01:34:12.852000,877.676111111111,19.0
2023-10-22 19:35:15.365,11446,241,6,99,False,0,car,0 days 00:00:16.409000,0 days 01:34:13.132000,896.4205555555553,19.0
2023-10-22 19:35:15.525,11503,243,6,99,False,0,car,0 days 00:00:16.569000,0 days 01:34:13.292000,907.2205555555553,19.0
2023-10-22 19:35:15.765,11309,243,6,100,False,0,car,0 days 00:00:16.809000,0 days 01:34:13.532000,923.4205555555554,19.0
2023-10-22 19:35:15.965,10412,248,6,99,False,0,car,0 days 00:00:17.009000,0 days 01:34:13.732000,937.1983333333332,19.0
2023-10-22 19:35:16.165,10423,252,6,100,False,0,car,0 days 00:00:17.209000,0 days 01:34:13.932000,951.1983333333332,19.0
2023-10-22 19:35:16.325,10575,254,7,100,False,0,car,0 days 00:00:17.369000,0 days 01:34:14.092000,962.487222222222,19.0
2023-10-22 19:35:16.605,10521,254,7,100,False,0,car,0 days 00:00:17.649000,0 days 01:34:14.372000,982.2427777777776,19.0
2023-10-22 19:35:16.844,10640,257,7,100,False,0,car,0 days 00:00:17.888000,0 days 01:34:14.611000,999.3047222222222,19.0
2023-10-22 19:35:17.204,10683,259,7,100,False,0,car,0 days 00:00:18.248000,0 days 01:34:14.971000,1025.204722222222,19.0
2023-10-22 19:35:17.364,10767,260,7,100,False,0,car,0 days 00:00:18.408000,0 days 01:34:15.131000,1036.7602777777777,19.0
2023-10-22 19:35:17.564,10812,262,7,99,False,0,car,0 days 00:00:18.608000,0 days 01:34:15.331000,1051.315833333333,19.0
2023-10-22 19:35:17.724,10873,264,7,100,False,0,car,0 days 00:00:18.768000,0 days 01:34:15.491000,1063.0491666666665,19.0
2023-10-22 19:35:17.964,10968,264,7,100,False,0,car,0 days 00:00:19.008000,0 days 01:34:15.731000,1080.6491666666664,19.0
2023-10-22 19:35:18.324,10985,267,7,100,False,0,car,0 days 00:00:19.368000,0 days 01:34:16.091000,1107.3491666666664,19.0
2023-10-22 19:35:18.604,11119,268,7,100,False,0,car,0 days 00:00:19.648000,0 days 01:34:16.371000,1128.1936111111108,19.0
2023-10-22 19:35:18.884,11150,268,7,99,False,0,car,0 days 00:00:19.928000,0 days 01:34:16.651000,1149.0380555555553,19.0
2023-10-22 19:35:19.164,11180,267,7,99,False,0,car,0 days 00:00:20.208000,0 days 01:34:16.931000,1169.8047222222217,19.0
2023-10-22 19:35:19.364,11157,269,7,100,False,0,car,0 days 00:00:20.408000,0 days 01:34:17.131000,1184.7491666666663,19.0
2023-10-22 19:35:19.644,11033,270,7,99,True,0,car,0 days 00:00:20.688000,0 days 01:34:17.411000,1205.749166666666,19.0
2023-10-22 19:35:19.804,10603,267,7,23,True,0,car,0 days 00:00:20.848000,0 days 01:34:17.571000,1217.6158333333328,19.0
2023-10-22 19:35:19.964,10603,259,7,23,True,0,car,0 days 00:00:21.008000,0 days 01:34:17.731000,1229.126944444444,19.0
2023-10-22 19:35:20.204,10379,256,7,34,False,0,car,0 days 00:00:21.248000,0 days 01:34:17.971000,1246.1936111111108,19.0
2023-10-22 19:35:20.644,10278,248,7,73,False,0,car,0 days 00:00:21.688000,0 days 01:34:18.411000,1276.5047222222217,19.0
2023-10-22 19:35:21.004,10456,241,7,0,True,0,car,0 days 00:00:22.048000,0 days 01:34:18.771000,1300.6047222222217,19.0
2023-10-22 19:35:21.245,10755,241,6,5,False,0,car,0 days 00:00:22.289000,0 days 01:34:19.012000,1316.738333333333,19.0
2023-10-22 19:35:21.525,10421,225,6,28,False,0,car,0 days 00:00:22.569000,0 days 01:34:19.292000,1334.2383333333328,19.0
2023-10-22 19:35:21.765,10540,220,6,46,False,0,car,0 days 00:00:22.809000,0 days 01:34:19.532000,1348.9049999999995,19.0
2023-10-22 19:35:22.045,10534,222,6,64,False,0,car,0 days 00:00:23.089000,0 days 01:34:19.812000,1366.171666666666,19.0
2023-10-22 19:35:22.365,10707,224,6,73,False,0,car,0 days 00:00:23.409000,0 days 01:34:20.132000,1386.082777777777,19.0
2023-10-22 19:35:22.765,10019,218,6,0,True,0,car,0 days 00:00:23.809000,0 days 01:34:20.532000,1410.3049999999994,19.0
2023-10-22 19:35:22.965,10248,212,6,4,True,0,car,0 days 00:00:24.009000,0 days 01:34:20.732000,1422.0827777777772,19.0
2023-10-22 19:35:23.404,10660,203,5,20,False,0,car,0 days 00:00:24.448000,0 days 01:34:21.171000,1446.8374999999994,19.0
2023-10-22 19:35:23.564,10712,198,5,37,False,0,car,0 days 00:00:24.608000,0 days 01:34:21.331000,1455.6374999999994,19.0
2023-10-22 19:35:23.844,10928,199,5,59,False,0,car,0 days 00:00:24.888000,0 days 01:34:21.611000,1471.1152777777772,19.0
2023-10-22 19:35:24.044,10773,201,5,56,False,0,car,0 days 00:00:25.088000,0 days 01:34:21.811000,1482.2819444444438,19.0
2023-10-22 19:35:24.204,10213,200,5,0,False,0,car,0 days 00:00:25.248000,0 days 01:34:21.971000,1491.1708333333327,19.0
2023-10-22 19:35:24.484,9293,196,6,49,False,0,car,0 days 00:00:25.528000,0 days 01:34:22.251000,1506.415277777777,19.0
2023-10-22 19:35:24.684,9479,195,6,68,False,0,car,0 days 00:00:25.728000,0 days 01:34:22.451000,1517.2486111111104,19.0
2023-10-22 19:35:24.844,9418,198,6,62,False,0,car,0 days 00:00:25.888000,0 days 01:34:22.611000,1526.0486111111104,19.0
2023-10-22 19:35:25.204,9299,197,6,50,False,0,car,0 days 00:00:26.248000,0 days 01:34:22.971000,1545.7486111111104,19.0
2023-10-22 19:35:25.444,9461,198,6,49,False,0,car,0 days 00:00:26.488000,0 days 01:34:23.211000,1558.9486111111103,19.0
2023-10-22 19:35:25.724,9579,199,6,62,False,0,car,0 days 00:00:26.768000,0 days 01:34:23.491000,1574.4263888888881,19.0
2023-10-22 19:35:25.924,9672,202,6,79,False,0,car,0 days 00:00:26.968000,0 days 01:34:23.691000,1585.6486111111103,19.0
2023-10-22 19:35:26.284,9824,207,6,100,False,0,car,0 days 00:00:27.328000,0 days 01:34:24.051000,1606.3486111111104,19.0
2023-10-22 19:35:26.564,10001,212,6,100,False,0,car,0 days 00:00:27.608000,0 days 01:34:24.331000,1622.8374999999994,19.0
2023-10-22 19:35:26.884,9705,202,6,2,True,0,car,0 days 00:00:27.928000,0 days 01:34:24.651000,1640.793055555555,19.0
2023-10-22 19:35:27.284,10113,191,5,0,True,0,car,0 days 00:00:28.328000,0 days 01:34:25.051000,1662.015277777777,19.0
2023-10-22 19:35:27.484,9720,188,5,0,True,0,car,0 days 00:00:28.528000,0 days 01:34:25.251000,1672.4597222222214,19.0
2023-10-22 19:35:27.765,9572,179,5,0,False,0,car,0 days 00:00:28.809000,0 days 01:34:25.532000,1686.431666666666,19.0
2023-10-22 19:35:28.085,9576,173,5,50,False,0,car,0 days 00:00:29.129000,0 days 01:34:25.852000,1701.8094444444437,19.0
2023-10-22 19:35:28.325,9721,177,5,56,False,0,car,0 days 00:00:29.369000,0 days 01:34:26.092000,1713.6094444444436,19.0
2023-10-22 19:35:28.685,9933,180,5,73,False,0,car,0 days 00:00:29.729000,0 days 01:34:26.452000,1731.6094444444436,19.0
2023-10-22 19:35:29.125,10373,191,5,79,False,0,car,0 days 00:00:30.169000,0 days 01:34:26.892000,1754.953888888888,19.0
2023-10-22 19:35:29.605,10909,192,5,0,True,0,car,0 days 00:00:30.649000,0 days 01:34:27.372000,1780.553888888888,19.0
2023-10-22 19:35:29.765,10629,172,4,0,True,0,car,0 days 00:00:30.809000,0 days 01:34:27.532000,1788.1983333333324,19.0
2023-10-22 19:35:30.164,9715,159,4,0,True,0,car,0 days 00:00:31.208000,0 days 01:34:27.931000,1805.8208333333323,19.0
2023-10-22 19:35:30.484,9360,159,4,1,False,0,car,0 days 00:00:31.528000,0 days 01:34:28.251000,1819.9541666666657,19.0
2023-10-22 19:35:30.684,9225,150,4,11,False,0,car,0 days 00:00:31.728000,0 days 01:34:28.451000,1828.2874999999992,19.0
2023-10-22 19:35:31.004,8848,145,4,15,False,0,car,0 days 00:00:32.048000,0 days 01:34:28.771000,1841.1763888888881,19.0
2023-10-22 19:35:31.244,8515,142,4,0,False,0,car,0 days 00:00:32.288000,0 days 01:34:29.011000,1850.6430555555546,19.0
2023-10-22 19:35:31.404,8515,142,4,0,False,0,car,0 days 00:00:32.448000,0 days 01:34:29.171000,1856.954166666666,19.0
2023-10-22 19:35:31.804,8137,131,4,0,False,0,car,0 days 00:00:32.848000,0 days 01:34:29.571000,1871.5097222222214,19.0
2023-10-22 19:35:31.964,8231,130,4,22,False,0,car,0 days 00:00:33.008000,0 days 01:34:29.731000,1877.2874999999992,19.0
2023-10-22 19:35:32.124,8321,131,4,41,False,0,car,0 days 00:00:33.168000,0 days 01:34:29.891000,1883.1097222222213,19.0
2023-10-22 19:35:32.444,8605,133,4,54,False,0,car,0 days 00:00:33.488000,0 days 01:34:30.211000,1894.9319444444436,19.0
2023-10-22 19:35:32.684,9437,141,4,74,False,0,car,0 days 00:00:33.728000,0 days 01:34:30.451000,1904.3319444444437,19.0
2023-10-22 19:35:32.844,9445,149,4,73,False,0,car,0 days 00:00:33.888000,0 days 01:34:30.611000,1910.9541666666657,19.0
2023-10-22 19:35:33.004,9619,150,4,54,False,0,car,0 days 00:00:34.048000,0 days 01:34:30.771000,1917.6208333333325,19.0
2023-10-22 19:35:33.204,9593,153,4,48,False,0,car,0 days 00:00:34.248000,0 days 01:34:30.971000,1926.1208333333323,19.0
2023-10-22 19:35:33.364,9625,153,4,43,False,0,car,0 days 00:00:34.408000,0 days 01:34:31.131000,1932.9208333333324,19.0
2023-10-22 19:35:33.564,9645,151,4,42,False,0,car,0 days 00:00:34.608000,0 days 01:34:31.331000,1941.3097222222211,19.0
2023-10-22 19:35:33.884,10055,155,4,57,False,0,car,0 days 00:00:34.928000,0 days 01:34:31.651000,1955.087499999999,19.0
2023-10-22 19:35:34.325,10610,167,4,76,False,0,car,0 days 00:00:35.369000,0 days 01:34:32.092000,1975.5449999999992,19.0
2023-10-22 19:35:34.645,11380,174,4,100,False,0,car,0 days 00:00:35.689000,0 days 01:34:32.412000,1991.0116666666659,19.0
2023-10-22 19:35:34.885,11745,180,4,100,False,0,car,0 days 00:00:35.929000,0 days 01:34:32.652000,2003.0116666666659,19.0
2023-10-22 19:35:35.165,11745,180,4,100,False,0,car,0 days 00:00:36.209000,0 days 01:34:32.932000,2017.0116666666659,19.0
2023-10-22 19:35:35.445,11745,180,5,100,False,0,car,0 days 00:00:36.489000,0 days 01:34:33.212000,2031.0116666666656,19.0
2023-10-22 19:35:35.605,11323,180,5,100,False,0,car,0 days 00:00:36.649000,0 days 01:34:33.372000,2039.0116666666659,19.0
2023-10-22 19:35:35.885,11878,215,5,100,False,0,car,0 days 00:00:36.929000,0 days 01:34:33.652000,2055.733888888888,19.0
2023-10-22 19:35:36.125,10503,223,5,100,False,0,car,0 days 00:00:37.169000,0 days 01:34:33.892000,2070.6005555555544,19.0
2023-10-22 19:35:36.365,10745,228,6,99,False,0,car,0 days 00:00:37.409000,0 days 01:34:34.132000,2085.8005555555546,19.0
2023-10-22 19:35:36.565,11044,232,6,99,False,0,car,0 days 00:00:37.609000,0 days 01:34:34.332000,2098.689444444444,19.0
2023-10-22 19:35:36.725,11156,237,6,100,False,0,car,0 days 00:00:37.769000,0 days 01:34:34.492000,2109.222777777777,19.0
2023-10-22 19:35:36.964,11600,239,6,100,False,0,car,0 days 00:00:38.008000,0 days 01:34:34.731000,2125.089722222222,19.0
2023-10-22 19:35:37.364,11345,247,6,100,False,0,car,0 days 00:00:38.408000,0 days 01:34:35.131000,2152.5341666666664,19.0
2023-10-22 19:35:37.604,10401,250,6,99,False,0,car,0 days 00:00:38.648000,0 days 01:34:35.371000,2169.2008333333333,19.0
2023-10-22 19:35:38.004,10676,256,7,100,False,0,car,0 days 00:00:39.048000,0 days 01:34:35.771000,2197.6452777777777,19.0
2023-10-22 19:35:38.204,10791,259,7,100,False,0,car,0 days 00:00:39.248000,0 days 01:34:35.971000,2212.0341666666664,19.0
2023-10-22 19:35:38.444,10927,264,7,99,False,0,car,0 days 00:00:39.488000,0 days 01:34:36.211000,2229.6341666666667,19.0
2023-10-22 19:35:38.604,11022,264,7,99,False,0,car,0 days 00:00:39.648000,0 days 01:34:36.371000,2241.3675000000003,19.0
2023-10-22 19:35:38.964,11210,270,7,100,False,0,car,0 days 00:00:40.008000,0 days 01:34:36.731000,2268.3675000000003,19.0
2023-10-22 19:35:39.324,11390,276,7,100,False,0,car,0 days 00:00:40.368000,0 days 01:34:37.091000,2295.9675,19.0
2023-10-22 19:35:39.564,11207,278,7,100,False,0,car,0 days 00:00:40.608000,0 days 01:34:37.331000,2314.500833333333,19.0
2023-10-22 19:35:39.884,10321,281,8,100,False,0,car,0 days 00:00:40.928000,0 days 01:34:37.651000,2339.4786111111107,19.0
2023-10-22 19:35:40.284,10455,285,8,100,False,0,car,0 days 00:00:41.328000,0 days 01:34:38.051000,2371.1452777777777,19.0
2023-10-22 19:35:40.444,10503,285,8,100,False,0,car,0 days 00:00:41.488000,0 days 01:34:38.211000,2383.811944444444,19.0
2023-10-22 19:35:40.604,10902,281,8,0,True,0,car,0 days 00:00:41.648000,0 days 01:34:38.371000,2396.3008333333332,19.0
2023-10-22 19:35:40.965,9562,230,8,0,True,0,car,0 days 00:00:42.009000,0 days 01:34:38.732000,2419.364722222222,19.0
2023-10-22 19:35:41.325,10252,183,7,0,True,0,car,0 days 00:00:42.369000,0 days 01:34:39.092000,2437.6647222222223,19.0
2023-10-22 19:35:41.525,9582,171,6,0,True,0,car,0 days 00:00:42.569000,0 days 01:34:39.292000,2447.1647222222223,19.0
2023-10-22 19:35:41.685,9863,164,5,0,True,0,car,0 days 00:00:42.729000,0 days 01:34:39.452000,2454.453611111111,19.0
2023-10-22 19:35:41.965,8880,150,4,0,True,0,car,0 days 00:00:43.009000,0 days 01:34:39.732000,2466.1202777777776,19.0
2023-10-22 19:35:42.165,9160,131,4,0,True,0,car,0 days 00:00:43.209000,0 days 01:34:39.932000,2473.3980555555554,19.0
2023-10-22 19:35:42.405,8546,121,3,0,True,0,car,0 days 00:00:43.449000,0 days 01:34:40.172000,2481.464722222222,19.0
2023-10-22 19:35:42.565,7957,112,3,0,True,0,car,0 days 00:00:43.609000,0 days 01:34:40.332000,2486.4425,19.0
2023-10-22 19:35:42.885,6924,100,3,0,True,0,car,0 days 00:00:43.929000,0 days 01:34:40.652000,2495.331388888889,19.0
2023-10-22 19:35:43.125,6352,90,3,0,True,0,car,0 days 00:00:44.169000,0 days 01:34:40.892000,2501.331388888889,19.0
2023-10-22 19:35:43.405,6048,86,3,0,True,0,car,0 days 00:00:44.449000,0 days 01:34:41.172000,2508.0202777777777,19.0
2023-10-22 19:35:43.565,5898,82,3,0,True,0,car,0 days 00:00:44.609000,0 days 01:34:41.332000,2511.6647222222223,19.0
2023-10-22 19:35:43.804,5341,77,3,0,True,0,car,0 days 00:00:44.848000,0 days 01:34:41.571000,2516.7766666666666,19.0
2023-10-22 19:35:44.124,4994,70,3,0,True,0,car,0 days 00:00:45.168000,0 days 01:34:41.891000,2522.998888888889,19.0
2023-10-22 19:35:44.324,4786,69,3,0,False,0,car,0 days 00:00:45.368000,0 days 01:34:42.091000,2526.8322222222223,19.0
2023-10-22 19:35:44.724,4603,66,3,0,False,0,car,0 days 00:00:45.768000,0 days 01:34:42.491000,2534.165555555556,19.0
2023-10-22 19:35:45.164,5183,68,3,15,False,0,car,0 days 00:00:46.208000,0 days 01:34:42.931000,2542.476666666667,19.0
2023-10-22 19:35:45.404,5302,69,3,23,False,0,car,0 days 00:00:46.448000,0 days 01:34:43.171000,2547.076666666667,19.0
2023-10-22 19:35:45.724,5755,73,3,32,False,0,car,0 days 00:00:46.768000,0 days 01:34:43.491000,2553.565555555556,19.0
2023-10-22 19:35:46.164,6656,84,3,37,False,0,car,0 days 00:00:47.208000,0 days 01:34:43.931000,2563.8322222222223,19.0
2023-10-22 19:35:46.484,7506,92,3,52,False,0,car,0 days 00:00:47.528000,0 days 01:34:44.251000,2572.01,19.0
2023-10-22 19:35:46.764,7810,102,3,51,False,0,car,0 days 00:00:47.808000,0 days 01:34:44.531000,2579.9433333333336,19.0
2023-10-22 19:35:47.164,9038,117,3,70,False,0,car,0 days 00:00:48.208000,0 days 01:34:44.931000,2592.9433333333336,19.0
2023-10-22 19:35:47.404,9861,125,3,83,False,0,car,0 days 00:00:48.448000,0 days 01:34:45.171000,2601.276666666667,19.0
2023-10-22 19:35:47.805,11197,147,3,100,False,0,car,0 days 00:00:48.849000,0 days 01:34:45.572000,2617.6508333333336,19.0
2023-10-22 19:35:48.125,10561,170,3,100,False,0,car,0 days 00:00:49.169000,0 days 01:34:45.892000,2632.761944444445,19.0
2023-10-22 19:35:48.405,11349,174,4,100,False,0,car,0 days 00:00:49.449000,0 days 01:34:46.172000,2646.295277777778,19.0
2023-10-22 19:35:48.645,11656,186,4,100,False,0,car,0 days 00:00:49.689000,0 days 01:34:46.412000,2658.6952777777783,19.0
2023-10-22 19:35:49.005,10920,197,5,100,False,0,car,0 days 00:00:50.049000,0 days 01:34:46.772000,2678.395277777778,19.0
2023-10-22 19:35:49.205,11187,203,5,100,False,0,car,0 days 00:00:50.249000,0 days 01:34:46.972000,2689.673055555556,19.0
2023-10-22 19:35:49.405,11575,212,5,100,False,0,car,0 days 00:00:50.449000,0 days 01:34:47.172000,2701.4508333333333,19.0
2023-10-22 19:35:49.565,11367,215,5,100,False,0,car,0 days 00:00:50.609000,0 days 01:34:47.332000,2711.006388888889,19.0
2023-10-22 19:35:49.805,10458,220,5,100,False,0,car,0 days 00:00:50.849000,0 days 01:34:47.572000,2725.6730555555555,19.0
2023-10-22 19:35:50.045,10848,230,6,100,False,0,car,0 days 00:00:51.089000,0 days 01:34:47.812000,2741.006388888889,19.0
2023-10-22 19:35:50.324,11074,236,6,100,False,0,car,0 days 00:00:51.368000,0 days 01:34:48.091000,2759.2963888888894,19.0
2023-10-22 19:35:50.644,11404,240,6,100,False,0,car,0 days 00:00:51.688000,0 days 01:34:48.411000,2780.629722222223,19.0
2023-10-22 19:35:50.844,11476,240,6,100,False,0,car,0 days 00:00:51.888000,0 days 01:34:48.611000,2793.963055555556,19.0
2023-10-22 19:35:51.124,10189,249,6,100,False,0,car,0 days 00:00:52.168000,0 days 01:34:48.891000,2813.3297222222227,19.0
2023-10-22 19:35:51.564,10586,254,7,100,False,0,car,0 days 00:00:52.608000,0 days 01:34:49.331000,2844.374166666667,19.0
2023-10-22 19:35:51.884,10679,257,7,100,False,0,car,0 days 00:00:52.928000,0 days 01:34:49.651000,2867.2186111111114,19.0
2023-10-22 19:35:52.164,10885,260,7,100,False,0,car,0 days 00:00:53.208000,0 days 01:34:49.931000,2887.4408333333336,19.0
2023-10-22 19:35:52.404,10997,262,7,100,False,0,car,0 days 00:00:53.448000,0 days 01:34:50.171000,2904.9075000000003,19.0
2023-10-22 19:35:52.724,11176,268,7,100,False,0,car,0 days 00:00:53.768000,0 days 01:34:50.491000,2928.7297222222223,19.0
2023-10-22 19:35:52.924,11137,270,7,100,False,0,car,0 days 00:00:53.968000,0 days 01:34:50.691000,2943.7297222222223,19.0
2023-10-22 19:35:53.084,11260,270,7,100,False,0,car,0 days 00:00:54.128000,0 days 01:34:50.851000,2955.729722222222,19.0
2023-10-22 19:35:53.324,11313,273,7,100,False,0,car,0 days 00:00:54.368000,0 days 01:34:51.091000,2973.929722222222,19.0
2023-10-22 19:35:53.644,11461,275,7,100,False,0,car,0 days 00:00:54.688000,0 days 01:34:51.411000,2998.3741666666665,19.0
2023-10-22 19:35:53.844,11500,276,7,100,False,0,car,0 days 00:00:54.888000,0 days 01:34:51.611000,3013.7074999999995,19.0
2023-10-22 19:35:54.205,10379,279,7,99,False,0,car,0 days 00:00:55.249000,0 days 01:34:51.972000,3041.685,19.0
2023-10-22 19:35:54.645,10412,282,8,100,False,0,car,0 days 00:00:55.689000,0 days 01:34:52.412000,3076.1516666666666,19.0
2023-10-22 19:35:54.885,10511,282,8,100,False,0,car,0 days 00:00:55.929000,0 days 01:34:52.652000,3094.951666666667,19.0
2023-10-22 19:35:55.205,10573,286,8,100,False,0,car,0 days 00:00:56.249000,0 days 01:34:52.972000,3120.3738888888893,19.0
2023-10-22 19:35:55.485,10644,289,8,100,False,0,car,0 days 00:00:56.529000,0 days 01:34:53.252000,3142.851666666667,19.0
2023-10-22 19:35:55.645,10657,290,8,100,False,0,car,0 days 00:00:56.689000,0 days 01:34:53.412000,3155.7405555555556,19.0
2023-10-22 19:35:55.885,10696,291,8,100,False,0,car,0 days 00:00:56.929000,0 days 01:34:53.652000,3175.1405555555557,19.0
2023-10-22 19:35:56.045,10756,293,8,100,False,0,car,0 days 00:00:57.089000,0 days 01:34:53.812000,3188.1627777777776,19.0
2023-10-22 19:35:56.205,10819,293,8,100,False,0,car,0 days 00:00:57.249000,0 days 01:34:53.972000,3201.185,19.0
2023-10-22 19:35:56.365,10835,294,8,100,False,0,car,0 days 00:00:57.409000,0 days 01:34:54.132000,3214.2516666666666,19.0
2023-10-22 19:35:56.605,10867,295,8,100,False,0,car,0 days 00:00:57.649000,0 days 01:34:54.372000,3233.9183333333335,19.0
2023-10-22 19:35:56.805,10868,296,8,100,False,0,car,0 days 00:00:57.849000,0 days 01:34:54.572000,3250.3627777777774,19.0
2023-10-22 19:35:57.005,10910,297,8,100,False,0,car,0 days 00:00:58.049000,0 days 01:34:54.772000,3266.862777777778,19.0
2023-10-22 19:35:57.364,10967,298,8,100,False,0,car,0 days 00:00:58.408000,0 days 01:34:55.131000,3296.5800000000004,19.0
2023-10-22 19:35:57.644,10990,298,8,100,False,0,car,0 days 00:00:58.688000,0 days 01:34:55.411000,3319.7577777777783,19.0
2023-10-22 19:35:57.924,10988,298,8,100,False,0,car,0 days 00:00:58.968000,0 days 01:34:55.691000,3342.935555555556,19.0
2023-10-22 19:35:58.084,11000,299,8,100,False,0,car,0 days 00:00:59.128000,0 days 01:34:55.851000,3356.224444444445,19.0
2023-10-22 19:35:58.324,10893,298,8,100,False,0,car,0 days 00:00:59.368000,0 days 01:34:56.091000,3376.091111111112,19.0
2023-10-22 19:35:58.564,10994,298,8,100,False,0,car,0 days 00:00:59.608000,0 days 01:34:56.331000,3395.957777777778,19.0
2023-10-22 19:35:58.764,10978,299,8,100,False,0,car,0 days 00:00:59.808000,0 days 01:34:56.531000,3412.5688888888894,19.0
2023-10-22 19:35:59.164,10901,298,8,100,False,0,car,0 days 00:01:00.208000,0 days 01:34:56.931000,3445.6800000000003,19.0
2023-10-22 19:35:59.524,11000,299,8,100,False,0,car,0 days 00:01:00.568000,0 days 01:34:57.291000,3475.5800000000004,19.0
2023-10-22 19:35:59.684,11041,299,8,100,False,0,car,0 days 00:01:00.728000,0 days 01:34:57.451000,3488.8688888888896,19.0
2023-10-22 19:36:00.004,10957,298,8,100,False,0,car,0 days 00:01:01.048000,0 days 01:34:57.771000,3515.3577777777787,19.0
2023-10-22 19:36:00.164,10938,298,8,100,False,0,car,0 days 00:01:01.208000,0 days 01:34:57.931000,3528.6022222222227,19.0
2023-10-22 19:36:00.444,10906,297,8,100,False,0,car,0 days 00:01:01.488000,0 days 01:34:58.211000,3551.7022222222226,19.0
2023-10-22 19:36:00.805,10465,291,8,0,False,0,car,0 days 00:01:01.849000,0 days 01:34:58.572000,3580.8830555555555,19.0
2023-10-22 19:36:01.005,10299,289,8,0,True,0,car,0 days 00:01:02.049000,0 days 01:34:58.772000,3596.938611111111,19.0
2023-10-22 19:36:01.165,9319,260,8,0,True,0,car,0 days 00:01:02.209000,0 days 01:34:58.932000,3608.494166666667,19.0
2023-10-22 19:36:01.325,9695,238,8,0,True,0,car,0 days 00:01:02.369000,0 days 01:34:59.092000,3619.0719444444444,19.0
2023-10-22 19:36:01.485,9311,219,7,0,True,0,car,0 days 00:01:02.529000,0 days 01:34:59.252000,3628.805277777778,19.0
2023-10-22 19:36:01.805,10013,202,6,0,True,0,car,0 days 00:01:02.849000,0 days 01:34:59.572000,3646.7608333333333,19.0
2023-10-22 19:36:02.165,8560,166,5,0,True,0,car,0 days 00:01:03.209000,0 days 01:34:59.932000,3663.3608333333336,19.0
2023-10-22 19:36:02.365,9127,152,5,0,True,0,car,0 days 00:01:03.409000,0 days 01:35:00.132000,3671.805277777778,19.0
2023-10-22 19:36:02.645,9015,127,5,0,True,0,car,0 days 00:01:03.689000,0 days 01:35:00.412000,3681.6830555555557,19.0
2023-10-22 19:36:02.925,8126,116,3,0,True,0,car,0 days 00:01:03.969000,0 days 01:35:00.692000,3690.705277777778,19.0
2023-10-22 19:36:03.285,7162,103,3,0,True,0,car,0 days 00:01:04.329000,0 days 01:35:01.052000,3701.005277777778,19.0
2023-10-22 19:36:03.485,6796,100,3,0,True,0,car,0 days 00:01:04.529000,0 days 01:35:01.252000,3706.5608333333334,19.0
2023-10-22 19:36:03.725,6683,94,3,0,True,0,car,0 days 00:01:04.769000,0 days 01:35:01.492000,3712.8275000000003,19.0
2023-10-22 19:36:04.044,6313,90,3,0,True,0,car,0 days 00:01:05.088000,0 days 01:35:01.811000,3720.8025000000002,19.0
2023-10-22 19:36:04.204,6078,87,3,0,False,0,car,0 days 00:01:05.248000,0 days 01:35:01.971000,3724.669166666667,19.0
2023-10-22 19:36:04.364,5963,86,3,0,False,0,car,0 days 00:01:05.408000,0 days 01:35:02.131000,3728.491388888889,19.0
2023-10-22 19:36:04.524,6235,84,3,10,False,0,car,0 days 00:01:05.568000,0 days 01:35:02.291000,3732.224722222222,19.0
2023-10-22 19:36:04.724,6161,84,3,19,False,0,car,0 days 00:01:05.768000,0 days 01:35:02.491000,3736.8913888888887,19.0
2023-10-22 19:36:05.004,6600,85,3,38,False,0,car,0 days 00:01:06.048000,0 days 01:35:02.771000,3743.5025,19.0
2023-10-22 19:36:05.244,6835,91,3,41,False,0,car,0 days 00:01:06.288000,0 days 01:35:03.011000,3749.5691666666667,19.0
2023-10-22 19:36:05.724,8065,110,3,57,False,0,car,0 days 00:01:06.768000,0 days 01:35:03.491000,3764.2358333333336,19.0
2023-10-22 19:36:06.084,9431,117,3,75,False,0,car,0 days 00:01:07.128000,0 days 01:35:03.851000,3775.9358333333334,19.0
2023-10-22 19:36:06.244,9685,126,3,76,False,0,car,0 days 00:01:07.288000,0 days 01:35:04.011000,3781.5358333333334,19.0
2023-10-22 19:36:06.484,10747,136,3,100,False,0,car,0 days 00:01:07.528000,0 days 01:35:04.251000,3790.6025000000004,19.0
2023-10-22 19:36:07.285,10924,170,4,100,False,0,car,0 days 00:01:08.329000,0 days 01:35:05.052000,3828.4275,19.0
2023-10-22 19:36:07.605,11435,180,4,100,False,0,car,0 days 00:01:08.649000,0 days 01:35:05.372000,3844.4275000000002,19.0
2023-10-22 19:36:07.845,10738,190,4,100,False,0,car,0 days 00:01:08.889000,0 days 01:35:05.612000,3857.0941666666668,19.0
2023-10-22 19:36:08.045,9397,191,5,4,False,0,car,0 days 00:01:09.089000,0 days 01:35:05.812000,3867.705277777778,19.0
2023-10-22 19:36:08.205,9401,187,5,0,True,0,car,0 days 00:01:09.249000,0 days 01:35:05.972000,3876.016388888889,19.0
2023-10-22 19:36:08.365,9401,175,5,0,True,0,car,0 days 00:01:09.409000,0 days 01:35:06.132000,3883.7941666666675,19.0
2023-10-22 19:36:08.565,10314,160,5,0,True,0,car,0 days 00:01:09.609000,0 days 01:35:06.332000,3892.6830555555557,19.0
2023-10-22 19:36:08.765,10242,147,5,0,True,0,car,0 days 00:01:09.809000,0 days 01:35:06.532000,3900.8497222222227,19.0
2023-10-22 19:36:08.965,9555,136,3,0,True,0,car,0 days 00:01:10.009000,0 days 01:35:06.732000,3908.4052777777783,19.0
2023-10-22 19:36:09.205,8825,125,3,0,True,0,car,0 days 00:01:10.249000,0 days 01:35:06.972000,3916.7386111111114,19.0
2023-10-22 19:36:09.485,8142,118,3,0,True,0,car,0 days 00:01:10.529000,0 days 01:35:07.252000,3925.9163888888893,19.0
2023-10-22 19:36:09.765,7906,110,3,0,True,0,car,0 days 00:01:10.809000,0 days 01:35:07.532000,3934.471944444445,19.0
2023-10-22 19:36:09.965,7279,103,3,1,True,0,car,0 days 00:01:11.009000,0 days 01:35:07.732000,3940.194166666667,19.0
2023-10-22 19:36:10.245,6796,98,3,0,True,0,car,0 days 00:01:11.289000,0 days 01:35:08.012000,3947.8163888888894,19.0
2023-10-22 19:36:10.445,6775,96,3,0,False,0,car,0 days 00:01:11.489000,0 days 01:35:08.212000,3953.149722222223,19.0
2023-10-22 19:36:10.884,6417,90,3,9,False,0,car,0 days 00:01:11.928000,0 days 01:35:08.651000,3964.1247222222228,19.0
2023-10-22 19:36:11.084,6822,89,3,28,False,0,car,0 days 00:01:12.128000,0 days 01:35:08.851000,3969.069166666667,19.0
2023-10-22 19:36:11.364,6827,89,3,27,False,0,car,0 days 00:01:12.408000,0 days 01:35:09.131000,3975.9913888888896,19.0
2023-10-22 19:36:11.684,7361,93,3,42,False,0,car,0 days 00:01:12.728000,0 days 01:35:09.451000,3984.258055555556,19.0
2023-10-22 19:36:11.884,7676,98,3,45,False,0,car,0 days 00:01:12.928000,0 days 01:35:09.651000,3989.7025000000003,19.0
2023-10-22 19:36:12.124,8032,104,3,46,False,0,car,0 days 00:01:13.168000,0 days 01:35:09.891000,3996.6358333333337,19.0
2023-10-22 19:36:12.564,8890,115,3,56,False,0,car,0 days 00:01:13.608000,0 days 01:35:10.331000,4010.6913888888894,19.0
2023-10-22 19:36:12.724,9225,118,3,61,False,0,car,0 days 00:01:13.768000,0 days 01:35:10.491000,4015.935833333334,19.0
2023-10-22 19:36:12.924,9770,128,3,64,False,0,car,0 days 00:01:13.968000,0 days 01:35:10.691000,4023.046944444445,19.0
2023-10-22 19:36:13.244,10597,138,3,76,False,0,car,0 days 00:01:14.288000,0 days 01:35:11.011000,4035.3136111111116,19.0
2023-10-22 19:36:13.564,11443,150,3,100,False,0,car,0 days 00:01:14.608000,0 days 01:35:11.331000,4048.646944444445,19.0
2023-10-22 19:36:13.764,11163,157,3,100,False,0,car,0 days 00:01:14.808000,0 days 01:35:11.531000,4057.3691666666673,19.0
2023-10-22 19:36:14.165,10940,170,4,99,False,0,car,0 days 00:01:15.209000,0 days 01:35:11.932000,4076.3052777777784,19.0
2023-10-22 19:36:14.325,11136,176,4,100,False,0,car,0 days 00:01:15.369000,0 days 01:35:12.092000,4084.1275000000005,19.0
2023-10-22 19:36:14.525,11291,179,4,99,False,0,car,0 days 00:01:15.569000,0 days 01:35:12.292000,4094.0719444444453,19.0
2023-10-22 19:36:14.805,10283,187,5,99,False,0,car,0 days 00:01:15.849000,0 days 01:35:12.572000,4108.61638888889,19.0
2023-10-22 19:36:14.965,9647,192,5,12,False,0,car,0 days 00:01:16.009000,0 days 01:35:12.732000,4117.149722222222,19.0
2023-10-22 19:36:15.165,9170,183,5,0,True,0,car,0 days 00:01:16.209000,0 days 01:35:12.932000,4127.316388888889,19.0
2023-10-22 19:36:15.325,9228,171,5,0,True,0,car,0 days 00:01:16.369000,0 days 01:35:13.092000,4134.916388888889,19.0
2023-10-22 19:36:15.565,9489,161,5,0,True,0,car,0 days 00:01:16.609000,0 days 01:35:13.332000,4145.6497222222215,19.0
2023-10-22 19:36:15.885,8681,152,4,0,True,0,car,0 days 00:01:16.929000,0 days 01:35:13.652000,4159.160833333333,19.0
2023-10-22 19:36:16.045,8278,143,4,0,True,0,car,0 days 00:01:17.089000,0 days 01:35:13.812000,4165.516388888889,19.0
2023-10-22 19:36:16.365,8976,132,4,0,True,0,car,0 days 00:01:17.409000,0 days 01:35:14.132000,4177.249722222223,19.0
2023-10-22 19:36:16.605,8296,121,3,0,True,0,car,0 days 00:01:17.649000,0 days 01:35:14.372000,4185.316388888889,19.0
2023-10-22 19:36:16.885,7553,114,3,0,True,0,car,0 days 00:01:17.929000,0 days 01:35:14.652000,4194.183055555556,19.0
2023-10-22 19:36:17.045,7226,105,3,0,True,0,car,0 days 00:01:18.089000,0 days 01:35:14.812000,4198.849722222223,19.0
2023-10-22 19:36:17.244,6955,96,3,0,True,0,car,0 days 00:01:18.288000,0 days 01:35:15.011000,4204.1563888888895,19.0
2023-10-22 19:36:17.724,6208,85,3,0,True,0,car,0 days 00:01:18.768000,0 days 01:35:15.491000,4215.489722222223,19.0
2023-10-22 19:36:17.884,5829,85,3,0,True,0,car,0 days 00:01:18.928000,0 days 01:35:15.651000,4219.2675,19.0
2023-10-22 19:36:18.164,5570,81,3,0,False,0,car,0 days 00:01:19.208000,0 days 01:35:15.931000,4225.5675,19.0
2023-10-22 19:36:18.524,5416,76,3,2,False,0,car,0 days 00:01:19.568000,0 days 01:35:16.291000,4233.1675000000005,19.0
2023-10-22 19:36:18.764,5725,75,3,16,False,0,car,0 days 00:01:19.808000,0 days 01:35:16.531000,4238.1675000000005,19.0
2023-10-22 19:36:19.004,5808,77,3,31,False,0,car,0 days 00:01:20.048000,0 days 01:35:16.771000,4243.300833333334,19.0
2023-10-22 19:36:19.404,6496,83,3,39,False,0,car,0 days 00:01:20.448000,0 days 01:35:17.171000,4252.523055555555,19.0
2023-10-22 19:36:19.604,6890,88,3,47,False,0,car,0 days 00:01:20.648000,0 days 01:35:17.371000,4257.411944444444,19.0
2023-10-22 19:36:19.964,8180,99,3,54,False,0,car,0 days 00:01:21.008000,0 days 01:35:17.731000,4267.311944444444,19.0
2023-10-22 19:36:20.124,8898,105,3,57,False,0,car,0 days 00:01:21.168000,0 days 01:35:17.891000,4271.978611111111,19.0
2023-10-22 19:36:20.324,8933,110,3,55,False,0,car,0 days 00:01:21.368000,0 days 01:35:18.091000,4278.089722222221,19.0
2023-10-22 19:36:20.765,9345,125,3,74,False,0,car,0 days 00:01:21.809000,0 days 01:35:18.532000,4293.402222222221,19.0
2023-10-22 19:36:20.965,10263,135,3,89,False,0,car,0 days 00:01:22.009000,0 days 01:35:18.732000,4300.902222222221,19.0
2023-10-22 19:36:21.125,10823,143,3,100,False,0,car,0 days 00:01:22.169000,0 days 01:35:18.892000,4307.257777777777,19.0
2023-10-22 19:36:21.405,11787,154,3,100,False,0,car,0 days 00:01:22.449000,0 days 01:35:19.172000,4319.235555555555,19.0
2023-10-22 19:36:21.565,11227,163,3,100,False,0,car,0 days 00:01:22.609000,0 days 01:35:19.332000,4326.48,19.0
2023-10-22 19:36:22.005,11595,179,4,100,False,0,car,0 days 00:01:23.049000,0 days 01:35:19.772000,4348.357777777778,19.0
2023-10-22 19:36:22.405,10735,193,5,100,False,0,car,0 days 00:01:23.449000,0 days 01:35:20.172000,4369.802222222223,19.0
2023-10-22 19:36:22.645,11142,203,5,100,False,0,car,0 days 00:01:23.689000,0 days 01:35:20.412000,4383.335555555555,19.0
2023-10-22 19:36:23.045,11482,212,5,100,False,0,car,0 days 00:01:24.089000,0 days 01:35:20.812000,4406.891111111111,19.0
2023-10-22 19:36:23.325,10592,218,5,100,False,0,car,0 days 00:01:24.369000,0 days 01:35:21.092000,4423.846666666666,19.0
2023-10-22 19:36:23.685,10775,224,6,100,False,0,car,0 days 00:01:24.729000,0 days 01:35:21.452000,4446.246666666666,19.0
2023-10-22 19:36:23.845,10797,227,6,100,False,0,car,0 days 00:01:24.889000,0 days 01:35:21.612000,4456.3355555555545,19.0
2023-10-22 19:36:24.084,10758,228,6,75,False,0,car,0 days 00:01:25.128000,0 days 01:35:21.851000,4471.472222222222,19.0
2023-10-22 19:36:24.244,10816,228,6,61,False,0,car,0 days 00:01:25.288000,0 days 01:35:22.011000,4481.605555555555,19.0
2023-10-22 19:36:24.564,10811,227,6,68,False,0,car,0 days 00:01:25.608000,0 days 01:35:22.331000,4501.783333333333,19.0
2023-10-22 19:36:24.924,10851,229,6,79,False,0,car,0 days 00:01:25.968000,0 days 01:35:22.691000,4524.6833333333325,19.0
2023-10-22 19:36:25.124,11014,230,6,92,False,0,car,0 days 00:01:26.168000,0 days 01:35:22.891000,4537.461111111111,19.0
2023-10-22 19:36:25.324,11229,232,6,100,False,0,car,0 days 00:01:26.368000,0 days 01:35:23.091000,4550.3499999999985,19.0
2023-10-22 19:36:25.484,11273,232,6,100,False,0,car,0 days 00:01:26.528000,0 days 01:35:23.251000,4560.661111111111,19.0
2023-10-22 19:36:25.764,11522,239,6,100,False,0,car,0 days 00:01:26.808000,0 days 01:35:23.531000,4579.25,19.0
2023-10-22 19:36:25.964,11608,241,6,100,False,0,car,0 days 00:01:27.008000,0 days 01:35:23.731000,4592.638888888888,19.0
2023-10-22 19:36:26.244,11707,244,6,100,False,0,car,0 days 00:01:27.288000,0 days 01:35:24.011000,4611.616666666666,19.0
2023-10-22 19:36:26.444,11007,245,6,100,False,0,car,0 days 00:01:27.488000,0 days 01:35:24.211000,4625.227777777777,19.0
2023-10-22 19:36:26.804,10355,248,7,100,False,0,car,0 days 00:01:27.848000,0 days 01:35:24.571000,4650.027777777777,19.0
2023-10-22 19:36:27.045,10429,250,7,100,False,0,car,0 days 00:01:28.089000,0 days 01:35:24.812000,4666.763888888889,19.0
2023-10-22 19:36:27.245,10474,251,7,100,False,0,car,0 days 00:01:28.289000,0 days 01:35:25.012000,4680.708333333333,19.0
2023-10-22 19:36:27.445,10482,251,7,100,False,0,car,0 days 00:01:28.489000,0 days 01:35:25.212000,4694.652777777777,19.0
2023-10-22 19:36:27.645,10522,253,7,100,False,0,car,0 days 00:01:28.689000,0 days 01:35:25.412000,4708.708333333332,19.0
2023-10-22 19:36:27.845,10615,253,7,100,False,0,car,0 days 00:01:28.889000,0 days 01:35:25.612000,4722.763888888888,19.0
2023-10-22 19:36:28.125,10597,255,7,100,False,0,car,0 days 00:01:29.169000,0 days 01:35:25.892000,4742.597222222221,19.0
2023-10-22 19:36:28.405,10646,257,7,100,False,0,car,0 days 00:01:29.449000,0 days 01:35:26.172000,4762.58611111111,19.0
2023-10-22 19:36:28.645,10709,257,7,100,False,0,car,0 days 00:01:29.689000,0 days 01:35:26.412000,4779.719444444443,19.0
2023-10-22 19:36:28.965,10841,260,7,100,False,0,car,0 days 00:01:30.009000,0 days 01:35:26.732000,4802.830555555554,19.0
2023-10-22 19:36:29.205,10883,260,7,100,False,0,car,0 days 00:01:30.249000,0 days 01:35:26.972000,4820.163888888887,19.0
2023-10-22 19:36:29.365,10891,262,7,99,False,0,car,0 days 00:01:30.409000,0 days 01:35:27.132000,4831.8083333333325,19.0
2023-10-22 19:36:29.565,10910,263,7,99,False,0,car,0 days 00:01:30.609000,0 days 01:35:27.332000,4846.419444444443,19.0
2023-10-22 19:36:29.885,11021,264,7,99,False,0,car,0 days 00:01:30.929000,0 days 01:35:27.652000,4869.88611111111,19.0
2023-10-22 19:36:30.045,10227,265,7,0,False,0,car,0 days 00:01:31.089000,0 days 01:35:27.812000,4881.663888888887,19.0
2023-10-22 19:36:30.205,9972,256,7,0,True,0,car,0 days 00:01:31.249000,0 days 01:35:27.972000,4893.041666666665,19.0
2023-10-22 19:36:30.525,9432,227,7,0,True,0,car,0 days 00:01:31.569000,0 days 01:35:28.292000,4913.219444444443,19.0
2023-10-22 19:36:30.884,9785,209,6,0,True,0,car,0 days 00:01:31.928000,0 days 01:35:28.651000,4934.061388888887,19.0
2023-10-22 19:36:31.284,9951,193,5,0,True,0,car,0 days 00:01:32.328000,0 days 01:35:29.051000,4955.505833333332,19.0
2023-10-22 19:36:31.644,9440,179,5,3,False,0,car,0 days 00:01:32.688000,0 days 01:35:29.411000,4973.405833333331,19.0
2023-10-22 19:36:31.804,9776,179,5,27,False,0,car,0 days 00:01:32.848000,0 days 01:35:29.571000,4981.361388888887,19.0
2023-10-22 19:36:32.044,9460,173,5,39,False,0,car,0 days 00:01:33.088000,0 days 01:35:29.811000,4992.89472222222,19.0
2023-10-22 19:36:32.244,9644,174,5,51,False,0,car,0 days 00:01:33.288000,0 days 01:35:30.011000,5002.5613888888865,19.0
2023-10-22 19:36:32.484,9753,176,5,64,False,0,car,0 days 00:01:33.528000,0 days 01:35:30.251000,5014.29472222222,19.0
2023-10-22 19:36:32.884,10565,186,5,98,False,0,car,0 days 00:01:33.928000,0 days 01:35:30.651000,5034.961388888886,19.0
2023-10-22 19:36:33.244,10897,199,5,100,False,0,car,0 days 00:01:34.288000,0 days 01:35:31.011000,5054.861388888886,19.0
2023-10-22 19:36:33.484,11609,206,5,100,False,0,car,0 days 00:01:34.528000,0 days 01:35:31.251000,5068.594722222219,19.0
2023-10-22 19:36:33.765,11498,210,5,100,False,0,car,0 days 00:01:34.809000,0 days 01:35:31.532000,5084.986388888886,19.0
2023-10-22 19:36:33.965,11679,214,5,100,False,0,car,0 days 00:01:35.009000,0 days 01:35:31.732000,5096.8752777777745,19.0
2023-10-22 19:36:34.125,11806,218,5,100,False,0,car,0 days 00:01:35.169000,0 days 01:35:31.892000,5106.564166666663,19.0
2023-10-22 19:36:34.365,10506,221,5,100,False,0,car,0 days 00:01:35.409000,0 days 01:35:32.132000,5121.297499999997,19.0
2023-10-22 19:36:34.565,10723,225,6,100,False,0,car,0 days 00:01:35.609000,0 days 01:35:32.332000,5133.797499999996,19.0
2023-10-22 19:36:34.765,10772,228,6,92,False,0,car,0 days 00:01:35.809000,0 days 01:35:32.532000,5146.464166666663,19.0
2023-10-22 19:36:35.045,10004,205,6,0,True,0,car,0 days 00:01:36.089000,0 days 01:35:32.812000,5162.408611111107,19.0
2023-10-22 19:36:35.365,10749,181,5,0,True,0,car,0 days 00:01:36.409000,0 days 01:35:33.132000,5178.497499999997,19.0
2023-10-22 19:36:35.725,10456,167,4,0,True,0,car,0 days 00:01:36.769000,0 days 01:35:33.492000,5195.197499999997,19.0
2023-10-22 19:36:36.005,9628,140,3,0,True,0,car,0 days 00:01:37.049000,0 days 01:35:33.772000,5206.086388888885,19.0
2023-10-22 19:36:36.165,9024,130,3,0,True,0,car,0 days 00:01:37.209000,0 days 01:35:33.932000,5211.864166666663,19.0
2023-10-22 19:36:36.445,8297,118,3,0,True,0,car,0 days 00:01:37.489000,0 days 01:35:34.212000,5221.041944444441,19.0
2023-10-22 19:36:36.645,7942,114,3,0,True,0,car,0 days 00:01:37.689000,0 days 01:35:34.412000,5227.375277777774,19.0
2023-10-22 19:36:36.845,7606,109,3,0,True,0,car,0 days 00:01:37.889000,0 days 01:35:34.612000,5233.430833333329,19.0
2023-10-22 19:36:37.085,6991,105,3,0,True,0,car,0 days 00:01:38.129000,0 days 01:35:34.852000,5240.430833333329,19.0
2023-10-22 19:36:37.325,6869,97,3,7,False,0,car,0 days 00:01:38.369000,0 days 01:35:35.092000,5246.8974999999955,19.0
2023-10-22 19:36:37.604,6403,93,3,0,True,0,car,0 days 00:01:38.648000,0 days 01:35:35.371000,5254.104999999995,19.0
2023-10-22 19:36:37.884,6693,88,3,15,False,0,car,0 days 00:01:38.928000,0 days 01:35:35.651000,5260.94944444444,19.0
2023-10-22 19:36:38.204,6701,88,3,28,False,0,car,0 days 00:01:39.248000,0 days 01:35:35.971000,5268.771666666662,19.0
2023-10-22 19:36:38.444,7041,91,3,36,False,0,car,0 days 00:01:39.488000,0 days 01:35:36.211000,5274.838333333329,19.0
2023-10-22 19:36:38.804,7824,97,3,44,False,0,car,0 days 00:01:39.848000,0 days 01:35:36.571000,5284.538333333328,19.0
2023-10-22 19:36:39.124,8104,106,3,51,False,0,car,0 days 00:01:40.168000,0 days 01:35:36.891000,5293.960555555551,19.0
2023-10-22 19:36:39.324,9356,113,3,69,False,0,car,0 days 00:01:40.368000,0 days 01:35:37.091000,5300.238333333328,19.0
2023-10-22 19:36:39.684,10048,122,3,0,False,0,car,0 days 00:01:40.728000,0 days 01:35:37.451000,5312.438333333328,19.0
2023-10-22 19:36:39.844,8928,122,3,0,True,0,car,0 days 00:01:40.888000,0 days 01:35:37.611000,5317.8605555555505,19.0
2023-10-22 19:36:40.004,8101,117,3,0,True,0,car,0 days 00:01:41.048000,0 days 01:35:37.771000,5323.06055555555,19.0
2023-10-22 19:36:40.245,7962,98,3,0,True,0,car,0 days 00:01:41.289000,0 days 01:35:38.012000,5329.621111111106,19.0
2023-10-22 19:36:40.605,6672,82,2,24,True,0,car,0 days 00:01:41.649000,0 days 01:35:38.372000,5337.821111111106,19.0
2023-10-22 19:36:41.005,6714,74,2,64,False,0,car,0 days 00:01:42.049000,0 days 01:35:38.772000,5346.0433333333285,19.0
2023-10-22 19:36:41.165,6725,78,2,69,False,0,car,0 days 00:01:42.209000,0 days 01:35:38.932000,5349.509999999995,19.0
2023-10-22 19:36:41.445,6749,79,2,78,False,0,car,0 days 00:01:42.489000,0 days 01:35:39.212000,5355.654444444439,19.0
2023-10-22 19:36:41.765,6854,79,2,81,False,0,car,0 days 00:01:42.809000,0 days 01:35:39.532000,5362.676666666661,19.0
2023-10-22 19:36:42.045,6808,79,2,80,False,0,car,0 days 00:01:43.089000,0 days 01:35:39.812000,5368.821111111105,19.0
2023-10-22 19:36:42.205,6803,79,2,80,False,0,car,0 days 00:01:43.249000,0 days 01:35:39.972000,5372.332222222216,19.0
2023-10-22 19:36:42.445,6796,80,2,81,False,0,car,0 days 00:01:43.489000,0 days 01:35:40.212000,5377.66555555555,19.0
2023-10-22 19:36:42.765,6761,80,2,82,False,0,car,0 days 00:00:00.161000,0 days 01:35:40.532000,3.577777777777778,20.0
2023-10-22 19:36:43.045,6749,79,2,81,False,0,car,0 days 00:00:00.441000,0 days 01:35:40.812000,9.722222222222223,20.0
2023-10-22 19:36:43.245,6782,80,2,80,False,0,car,0 days 00:00:00.641000,0 days 01:35:41.012000,14.166666666666668,20.0
2023-10-22 19:36:43.685,6873,80,2,80,False,0,car,0 days 00:00:01.081000,0 days 01:35:41.452000,23.944444444444443,20.0
2023-10-22 19:36:43.925,6859,80,2,80,False,0,car,0 days 00:00:01.321000,0 days 01:35:41.692000,29.277777777777775,20.0
2023-10-22 19:36:44.164,6769,80,2,80,False,0,car,0 days 00:00:01.560000,0 days 01:35:41.931000,34.58888888888889,20.0
2023-10-22 19:36:44.484,6762,80,2,80,False,0,car,0 days 00:00:01.880000,0 days 01:35:42.251000,41.699999999999996,20.0
2023-10-22 19:36:44.844,6852,80,2,80,False,0,car,0 days 00:00:02.240000,0 days 01:35:42.611000,49.7,20.0
2023-10-22 19:36:45.044,6824,80,2,79,False,0,car,0 days 00:00:02.440000,0 days 01:35:42.811000,54.14444444444444,20.0
2023-10-22 19:36:45.364,6714,80,2,79,False,0,car,0 days 00:00:02.760000,0 days 01:35:43.131000,61.255555555555546,20.0
2023-10-22 19:36:45.524,6759,80,2,78,False,0,car,0 days 00:00:02.920000,0 days 01:35:43.291000,64.8111111111111,20.0
2023-10-22 19:36:45.724,6763,80,2,74,False,0,car,0 days 00:00:03.120000,0 days 01:35:43.491000,69.25555555555555,20.0
2023-10-22 19:36:46.084,6879,80,2,74,False,0,car,0 days 00:00:03.480000,0 days 01:35:43.851000,77.25555555555555,20.0
2023-10-22 19:36:46.324,6878,80,2,74,False,0,car,0 days 00:00:03.720000,0 days 01:35:44.091000,82.58888888888889,20.0
2023-10-22 19:36:46.725,6681,80,2,75,False,0,car,0 days 00:00:04.121000,0 days 01:35:44.492000,91.5,20.0
2023-10-22 19:36:46.885,6756,80,2,74,False,0,car,0 days 00:00:04.281000,0 days 01:35:44.652000,95.05555555555554,20.0
2023-10-22 19:36:47.085,6837,80,2,74,False,0,car,0 days 00:00:04.481000,0 days 01:35:44.852000,99.49999999999999,20.0
2023-10-22 19:36:47.245,6809,79,2,74,False,0,car,0 days 00:00:04.641000,0 days 01:35:45.012000,103.0111111111111,20.0
2023-10-22 19:36:47.685,6777,79,2,75,False,0,car,0 days 00:00:05.081000,0 days 01:35:45.452000,112.66666666666667,20.0
2023-10-22 19:36:47.845,6822,79,2,75,False,0,car,0 days 00:00:05.241000,0 days 01:35:45.612000,116.17777777777776,20.0
2023-10-22 19:36:48.165,6816,79,2,75,False,0,car,0 days 00:00:05.561000,0 days 01:35:45.932000,123.19999999999999,20.0
2023-10-22 19:36:48.365,6791,80,2,75,False,0,car,0 days 00:00:05.761000,0 days 01:35:46.132000,127.64444444444443,20.0
2023-10-22 19:36:48.565,6825,80,2,75,False,0,car,0 days 00:00:05.961000,0 days 01:35:46.332000,132.08888888888887,20.0
2023-10-22 19:36:48.765,6752,80,2,75,False,0,car,0 days 00:00:06.161000,0 days 01:35:46.532000,136.5333333333333,20.0
2023-10-22 19:36:48.925,6793,80,2,74,False,0,car,0 days 00:00:06.321000,0 days 01:35:46.692000,140.08888888888887,20.0
2023-10-22 19:36:49.205,6822,80,2,74,False,0,car,0 days 00:00:06.601000,0 days 01:35:46.972000,146.3111111111111,20.0
2023-10-22 19:36:49.405,6793,80,2,72,False,0,car,0 days 00:00:06.801000,0 days 01:35:47.172000,150.75555555555556,20.0
2023-10-22 19:36:49.685,6857,80,2,72,False,0,car,0 days 00:00:07.081000,0 days 01:35:47.452000,156.9777777777778,20.0
2023-10-22 19:36:49.965,6860,80,2,70,False,0,car,0 days 00:00:07.361000,0 days 01:35:47.732000,163.2,20.0
2023-10-22 19:36:50.405,6781,80,2,68,False,0,car,0 days 00:00:07.801000,0 days 01:35:48.172000,172.97777777777776,20.0
2023-10-22 19:36:50.725,6565,80,2,0,False,0,car,0 days 00:00:08.121000,0 days 01:35:48.492000,180.08888888888887,20.0
2023-10-22 19:36:50.964,7939,80,2,0,True,0,car,0 days 00:00:08.360000,0 days 01:35:48.731000,185.39999999999998,20.0
2023-10-22 19:36:51.244,8095,71,1,0,True,0,car,0 days 00:00:08.640000,0 days 01:35:49.011000,190.92222222222222,20.0
2023-10-22 19:36:51.444,7955,67,1,0,True,0,car,0 days 00:00:08.840000,0 days 01:35:49.211000,194.64444444444442,20.0
2023-10-22 19:36:51.644,6918,63,1,0,True,0,car,0 days 00:00:09.040000,0 days 01:35:49.411000,198.14444444444442,20.0
2023-10-22 19:36:51.804,6254,60,1,0,True,0,car,0 days 00:00:09.200000,0 days 01:35:49.571000,200.81111111111107,20.0
2023-10-22 19:36:52.164,4392,50,1,0,True,0,car,0 days 00:00:09.560000,0 days 01:35:49.931000,205.8111111111111,20.0
2023-10-22 19:36:52.444,4443,42,1,0,True,0,car,0 days 00:00:09.840000,0 days 01:35:50.211000,209.07777777777775,20.0
2023-10-22 19:36:52.684,4207,40,1,0,True,0,car,0 days 00:00:10.080000,0 days 01:35:50.451000,211.7444444444444,20.0
2023-10-22 19:36:53.044,4154,30,1,0,True,0,car,0 days 00:00:10.440000,0 days 01:35:50.811000,214.7444444444444,20.0
2023-10-22 19:36:53.365,4158,23,1,0,True,0,car,0 days 00:00:10.761000,0 days 01:35:51.132000,216.79527777777776,20.0
2023-10-22 19:36:53.725,3868,13,1,0,True,0,car,0 days 00:00:11.121000,0 days 01:35:51.492000,218.09527777777777,20.0
2023-10-22 19:36:53.925,3985,10,1,0,True,0,car,0 days 00:00:11.321000,0 days 01:35:51.692000,218.6508333333333,20.0
2023-10-22 19:36:54.205,4297,6,1,0,True,0,car,0 days 00:00:11.601000,0 days 01:35:51.972000,219.11749999999998,20.0
2023-10-22 19:36:54.485,4221,0,1,0,True,0,car,0 days 00:00:11.881000,0 days 01:35:52.252000,219.11749999999998,20.0
2023-10-22 19:36:54.725,4280,0,1,0,True,0,car,0 days 00:00:12.121000,0 days 01:35:52.492000,219.11749999999998,20.0
2023-10-22 19:36:54.885,4188,0,1,0,True,0,car,0 days 00:00:12.281000,0 days 01:35:52.652000,219.11749999999998,20.0
2023-10-22 19:36:55.085,3956,0,1,0,True,0,car,0 days 00:00:12.481000,0 days 01:35:52.852000,219.11749999999998,20.0
2023-10-22 19:36:55.245,3616,0,1,0,True,0,car,0 days 00:00:12.641000,0 days 01:35:53.012000,219.11749999999998,20.0
2023-10-22 19:36:55.525,3662,0,1,0,True,0,car,0 days 00:00:12.921000,0 days 01:35:53.292000,219.11749999999998,20.0
2023-10-22 19:36:55.725,3863,0,1,0,True,0,car,0 days 00:00:13.121000,0 days 01:35:53.492000,219.11749999999998,20.0
2023-10-22 19:36:56.005,3890,0,1,0,True,0,car,0 days 00:00:13.401000,0 days 01:35:53.772000,219.11749999999998,20.0
2023-10-22 19:36:56.285,3766,0,1,7,True,0,car,0 days 00:00:13.681000,0 days 01:35:54.052000,219.11749999999998,20.0
2023-10-22 19:36:56.685,6286,0,1,14,True,0,car,0 days 00:00:14.081000,0 days 01:35:54.452000,219.11749999999998,20.0
2023-10-22 19:36:56.885,7686,0,1,13,True,0,car,0 days 00:00:14.281000,0 days 01:35:54.652000,219.11749999999998,20.0
2023-10-22 19:36:57.205,8347,0,1,7,True,0,car,0 days 00:00:14.601000,0 days 01:35:54.972000,219.11749999999998,20.0
2023-10-22 19:36:57.485,7265,0,1,25,False,0,car,0 days 00:00:14.881000,0 days 01:35:55.252000,219.11749999999998,20.0
2023-10-22 19:36:57.684,5865,5,1,25,False,0,car,0 days 00:00:15.080000,0 days 01:35:55.451000,219.39388888888888,20.0
2023-10-22 19:36:58.004,5271,14,1,28,False,0,car,0 days 00:00:15.400000,0 days 01:35:55.771000,220.63833333333332,20.0
2023-10-22 19:36:58.284,5008,22,1,27,False,0,car,0 days 00:00:15.680000,0 days 01:35:56.051000,222.34944444444443,20.0
2023-10-22 19:36:58.644,4013,34,1,25,False,0,car,0 days 00:00:16.040000,0 days 01:35:56.411000,225.74944444444444,20.0
2023-10-22 19:36:58.964,5198,43,1,31,False,0,car,0 days 00:00:16.360000,0 days 01:35:56.731000,229.57166666666666,20.0
2023-10-22 19:36:59.244,6245,53,1,36,False,0,car,0 days 00:00:16.640000,0 days 01:35:57.011000,233.6938888888889,20.0
2023-10-22 19:36:59.644,7911,66,1,40,False,0,car,0 days 00:00:17.040000,0 days 01:35:57.411000,241.0272222222222,20.0
2023-10-22 19:37:00.045,6859,76,1,44,False,0,car,0 days 00:00:17.441000,0 days 01:35:57.812000,249.49277777777775,20.0
2023-10-22 19:37:00.285,6838,78,2,58,False,0,car,0 days 00:00:17.681000,0 days 01:35:58.052000,254.6927777777778,20.0
2023-10-22 19:37:00.725,6933,80,2,71,False,0,car,0 days 00:00:18.121000,0 days 01:35:58.492000,264.4705555555555,20.0
2023-10-22 19:37:01.085,6626,80,2,72,False,0,car,0 days 00:00:18.481000,0 days 01:35:58.852000,272.47055555555556,20.0
2023-10-22 19:37:01.285,6697,79,2,72,False,0,car,0 days 00:00:18.681000,0 days 01:35:59.052000,276.8594444444444,20.0
2023-10-22 19:37:01.565,6881,80,2,71,False,0,car,0 days 00:00:18.961000,0 days 01:35:59.332000,283.0816666666666,20.0
2023-10-22 19:37:01.805,6979,80,2,71,False,0,car,0 days 00:00:19.201000,0 days 01:35:59.572000,288.41499999999996,20.0
2023-10-22 19:37:02.085,6659,80,2,75,False,0,car,0 days 00:00:19.481000,0 days 01:35:59.852000,294.6372222222222,20.0
2023-10-22 19:37:02.365,6645,79,2,74,False,0,car,0 days 00:00:19.761000,0 days 01:36:00.132000,300.7816666666666,20.0
2023-10-22 19:37:02.725,6715,79,2,74,False,0,car,0 days 00:00:20.121000,0 days 01:36:00.492000,308.68166666666656,20.0
2023-10-22 19:37:02.925,6803,80,2,74,False,0,car,0 days 00:00:20.321000,0 days 01:36:00.692000,313.1261111111111,20.0
2023-10-22 19:37:03.245,6880,79,2,74,False,0,car,0 days 00:00:20.641000,0 days 01:36:01.012000,320.1483333333332,20.0
2023-10-22 19:37:03.525,6799,80,2,73,False,0,car,0 days 00:00:20.921000,0 days 01:36:01.292000,326.3705555555554,20.0
2023-10-22 19:37:03.925,6699,80,2,72,False,0,car,0 days 00:00:21.321000,0 days 01:36:01.692000,335.25944444444434,20.0
2023-10-22 19:37:04.205,6867,80,2,72,False,0,car,0 days 00:00:21.601000,0 days 01:36:01.972000,341.4816666666665,20.0
2023-10-22 19:37:04.444,6805,80,2,73,False,0,car,0 days 00:00:21.840000,0 days 01:36:02.211000,346.79277777777764,20.0
2023-10-22 19:37:04.644,6829,80,2,72,False,0,car,0 days 00:00:22.040000,0 days 01:36:02.411000,351.23722222222204,20.0
2023-10-22 19:37:04.964,6715,80,2,72,False,0,car,0 days 00:00:22.360000,0 days 01:36:02.731000,358.3483333333332,20.0
2023-10-22 19:37:05.204,6768,79,2,71,False,0,car,0 days 00:00:22.600000,0 days 01:36:02.971000,363.6149999999999,20.0
2023-10-22 19:37:05.364,6855,79,2,72,False,0,car,0 days 00:00:22.760000,0 days 01:36:03.131000,367.126111111111,20.0
2023-10-22 19:37:05.644,6839,79,2,72,False,0,car,0 days 00:00:23.040000,0 days 01:36:03.411000,373.2705555555554,20.0
2023-10-22 19:37:05.804,6760,79,2,70,False,0,car,0 days 00:00:23.200000,0 days 01:36:03.571000,376.7816666666665,20.0
2023-10-22 19:37:06.244,6899,79,2,70,False,0,car,0 days 00:00:23.640000,0 days 01:36:04.011000,386.4372222222221,20.0
2023-10-22 19:37:06.405,7222,79,2,48,False,0,car,0 days 00:00:23.801000,0 days 01:36:04.172000,389.9702777777776,20.0
2023-10-22 19:37:06.645,7780,84,2,47,False,0,car,0 days 00:00:24.041000,0 days 01:36:04.412000,395.5702777777776,20.0
2023-10-22 19:37:07.085,9573,102,2,61,False,0,car,0 days 00:00:24.481000,0 days 01:36:04.852000,408.0369444444443,20.0
2023-10-22 19:37:07.485,11303,117,2,73,False,0,car,0 days 00:00:24.881000,0 days 01:36:05.252000,421.03694444444426,20.0
2023-10-22 19:37:07.725,10056,128,2,78,False,0,car,0 days 00:00:25.121000,0 days 01:36:05.492000,429.57027777777756,20.0
2023-10-22 19:37:07.925,10191,136,3,78,False,0,car,0 days 00:00:25.321000,0 days 01:36:05.692000,437.1258333333332,20.0
2023-10-22 19:37:08.205,11199,145,3,100,False,0,car,0 days 00:00:25.601000,0 days 01:36:05.972000,448.4036111111109,20.0
2023-10-22 19:37:08.525,10639,163,3,100,False,0,car,0 days 00:00:25.921000,0 days 01:36:06.292000,462.89249999999976,20.0
2023-10-22 19:37:08.805,11035,171,4,100,False,0,car,0 days 00:00:26.201000,0 days 01:36:06.572000,476.1924999999998,20.0
2023-10-22 19:37:08.965,11487,175,4,100,False,0,car,0 days 00:00:26.361000,0 days 01:36:06.732000,483.9702777777776,20.0
2023-10-22 19:37:09.325,10253,192,4,99,False,0,car,0 days 00:00:26.721000,0 days 01:36:07.092000,503.1702777777776,20.0
2023-10-22 19:37:09.525,10722,198,5,100,False,0,car,0 days 00:00:26.921000,0 days 01:36:07.292000,514.1702777777775,20.0
2023-10-22 19:37:09.805,11139,203,5,100,False,0,car,0 days 00:00:27.201000,0 days 01:36:07.572000,529.9591666666665,20.0
2023-10-22 19:37:10.125,10807,210,5,0,True,0,car,0 days 00:00:27.521000,0 days 01:36:07.892000,548.6258333333332,20.0
2023-10-22 19:37:10.565,10088,176,5,0,True,0,car,0 days 00:00:27.961000,0 days 01:36:08.332000,570.1369444444441,20.0
2023-10-22 19:37:11.005,10180,148,3,0,True,0,car,0 days 00:00:28.401000,0 days 01:36:08.772000,588.2258333333331,20.0
2023-10-22 19:37:11.164,10320,138,3,0,True,0,car,0 days 00:00:28.560000,0 days 01:36:08.931000,594.320833333333,20.0
2023-10-22 19:37:11.564,9870,133,2,0,True,0,car,0 days 00:00:28.960000,0 days 01:36:09.331000,609.0986111111108,20.0
2023-10-22 19:37:12.004,8244,102,2,0,True,0,car,0 days 00:00:29.400000,0 days 01:36:09.771000,621.5652777777774,20.0
2023-10-22 19:37:12.164,7743,94,2,0,True,0,car,0 days 00:00:29.560000,0 days 01:36:09.931000,625.7430555555552,20.0
2023-10-22 19:37:12.604,6555,82,2,0,True,0,car,0 days 00:00:30,0 days 01:36:10.371000,635.7652777777774,20.0
2023-10-22 19:37:13.045,5862,71,2,0,False,0,car,0 days 00:00:30.441000,0 days 01:36:10.812000,644.4627777777774,20.0
2023-10-22 19:37:13.325,5630,68,2,0,False,0,car,0 days 00:00:30.721000,0 days 01:36:11.092000,649.7516666666663,20.0
2023-10-22 19:37:13.525,5434,66,2,3,False,0,car,0 days 00:00:30.921000,0 days 01:36:11.292000,653.418333333333,20.0
2023-10-22 19:37:13.765,5844,63,2,9,False,0,car,0 days 00:00:31.161000,0 days 01:36:11.532000,657.618333333333,20.0
2023-10-22 19:37:14.005,5665,65,2,20,False,0,car,0 days 00:00:31.401000,0 days 01:36:11.772000,661.9516666666663,20.0
2023-10-22 19:37:14.245,5988,69,2,24,False,0,car,0 days 00:00:31.641000,0 days 01:36:12.012000,666.5516666666663,20.0
2023-10-22 19:37:14.645,7066,78,2,39,False,0,car,0 days 00:00:32.041000,0 days 01:36:12.412000,675.2183333333329,20.0
2023-10-22 19:37:15.005,7350,86,2,44,False,0,car,0 days 00:00:32.401000,0 days 01:36:12.772000,683.818333333333,20.0
2023-10-22 19:37:15.245,7113,96,2,42,False,0,car,0 days 00:00:32.641000,0 days 01:36:13.012000,690.2183333333329,20.0
2023-10-22 19:37:15.685,8539,110,3,60,False,0,car,0 days 00:00:33.081000,0 days 01:36:13.452000,703.6627777777775,20.0
2023-10-22 19:37:16.085,9516,126,3,69,False,0,car,0 days 00:00:33.481000,0 days 01:36:13.852000,717.6627777777775,20.0
2023-10-22 19:37:16.285,10496,135,3,79,False,0,car,0 days 00:00:33.681000,0 days 01:36:14.052000,725.1627777777774,20.0
2023-10-22 19:37:16.565,11106,150,3,100,False,0,car,0 days 00:00:33.961000,0 days 01:36:14.332000,736.8294444444441,20.0
2023-10-22 19:37:16.805,10306,154,4,99,False,0,car,0 days 00:00:34.201000,0 days 01:36:14.572000,747.0961111111109,20.0
2023-10-22 19:37:17.085,11143,173,4,99,False,0,car,0 days 00:00:34.481000,0 days 01:36:14.852000,760.5516666666665,20.0
2023-10-22 19:37:17.325,11197,186,4,99,False,0,car,0 days 00:00:34.721000,0 days 01:36:15.092000,772.9516666666663,20.0
2023-10-22 19:37:17.605,10719,194,5,99,False,0,car,0 days 00:00:35.001000,0 days 01:36:15.372000,788.0405555555552,20.0
2023-10-22 19:37:17.804,10973,201,5,99,False,0,car,0 days 00:00:35.200000,0 days 01:36:15.571000,799.1513888888888,20.0
2023-10-22 19:37:18.044,10510,210,5,99,False,0,car,0 days 00:00:35.440000,0 days 01:36:15.811000,813.1513888888885,20.0
2023-10-22 19:37:18.324,10206,217,6,99,False,0,car,0 days 00:00:35.720000,0 days 01:36:16.091000,830.0291666666664,20.0
2023-10-22 19:37:18.604,10687,223,6,99,False,0,car,0 days 00:00:36,0 days 01:36:16.371000,847.3736111111109,20.0
2023-10-22 19:37:18.804,10876,227,6,100,False,0,car,0 days 00:00:36.200000,0 days 01:36:16.571000,859.9847222222222,20.0
2023-10-22 19:37:18.964,11044,232,6,100,False,0,car,0 days 00:00:36.360000,0 days 01:36:16.731000,870.2958333333331,20.0
2023-10-22 19:37:19.204,11044,236,6,100,False,0,car,0 days 00:00:36.600000,0 days 01:36:16.971000,886.0291666666666,20.0
2023-10-22 19:37:19.404,11386,239,6,100,False,0,car,0 days 00:00:36.800000,0 days 01:36:17.171000,899.3069444444441,20.0
2023-10-22 19:37:19.765,11661,245,6,100,False,0,car,0 days 00:00:37.161000,0 days 01:36:17.532000,923.8749999999999,20.0
2023-10-22 19:37:20.085,10432,248,7,100,False,0,car,0 days 00:00:37.481000,0 days 01:36:17.852000,945.9194444444444,20.0
2023-10-22 19:37:20.245,10417,251,7,100,False,0,car,0 days 00:00:37.641000,0 days 01:36:18.012000,957.0749999999997,20.0
2023-10-22 19:37:20.525,10565,254,7,100,False,0,car,0 days 00:00:37.921000,0 days 01:36:18.292000,976.8305555555553,20.0
2023-10-22 19:37:20.725,10664,256,7,100,False,0,car,0 days 00:00:38.121000,0 days 01:36:18.492000,991.0527777777777,20.0
2023-10-22 19:37:21.085,10818,259,7,100,False,0,car,0 days 00:00:38.481000,0 days 01:36:18.852000,1016.9527777777777,20.0
2023-10-22 19:37:21.365,10868,262,7,100,False,0,car,0 days 00:00:38.761000,0 days 01:36:19.132000,1037.3305555555555,20.0
2023-10-22 19:37:21.685,10867,263,7,100,False,0,car,0 days 00:00:39.081000,0 days 01:36:19.452000,1060.7083333333333,20.0
2023-10-22 19:37:21.965,11008,265,7,100,False,0,car,0 days 00:00:39.361000,0 days 01:36:19.732000,1081.319444444444,20.0
2023-10-22 19:37:22.325,11035,267,7,99,False,0,car,0 days 00:00:39.721000,0 days 01:36:20.092000,1108.019444444444,20.0
2023-10-22 19:37:22.685,10804,267,7,54,False,0,car,0 days 00:00:40.081000,0 days 01:36:20.452000,1134.7194444444444,20.0
2023-10-22 19:37:22.845,10905,266,7,34,False,0,car,0 days 00:00:40.241000,0 days 01:36:20.612000,1146.5416666666665,20.0
2023-10-22 19:37:23.045,10873,261,7,43,False,0,car,0 days 00:00:40.441000,0 days 01:36:20.812000,1161.0416666666667,20.0
2023-10-22 19:37:23.365,10846,259,7,59,False,0,car,0 days 00:00:40.761000,0 days 01:36:21.132000,1184.063888888889,20.0
2023-10-22 19:37:23.725,10623,258,7,0,False,0,car,0 days 00:00:41.121000,0 days 01:36:21.492000,1209.863888888889,20.0
2023-10-22 19:37:23.925,10268,250,7,0,True,0,car,0 days 00:00:41.321000,0 days 01:36:21.692000,1223.7527777777777,20.0
2023-10-22 19:37:24.325,10019,242,7,53,False,0,car,0 days 00:00:41.721000,0 days 01:36:22.092000,1250.6416666666664,20.0
2023-10-22 19:37:24.524,9989,241,7,49,False,0,car,0 days 00:00:41.920000,0 days 01:36:22.291000,1263.9636111111113,20.0
2023-10-22 19:37:24.884,9702,240,7,30,False,0,car,0 days 00:00:42.280000,0 days 01:36:22.651000,1287.9636111111113,20.0
2023-10-22 19:37:25.044,10402,239,7,0,False,0,car,0 days 00:00:42.440000,0 days 01:36:22.811000,1298.5858333333333,20.0
2023-10-22 19:37:25.244,10720,233,7,0,True,0,car,0 days 00:00:42.640000,0 days 01:36:23.011000,1311.5302777777779,20.0
2023-10-22 19:37:25.484,10409,227,6,14,False,0,car,0 days 00:00:42.880000,0 days 01:36:23.251000,1326.6636111111113,20.0
2023-10-22 19:37:25.724,10225,221,6,23,False,0,car,0 days 00:00:43.120000,0 days 01:36:23.491000,1341.3969444444444,20.0
2023-10-22 19:37:25.884,10086,219,6,43,False,0,car,0 days 00:00:43.280000,0 days 01:36:23.651000,1351.130277777778,20.0
2023-10-22 19:37:26.044,10275,215,6,52,False,0,car,0 days 00:00:43.440000,0 days 01:36:23.811000,1360.6858333333334,20.0
2023-10-22 19:37:26.365,10279,217,6,59,False,0,car,0 days 00:00:43.761000,0 days 01:36:24.132000,1380.0350000000003,20.0
2023-10-22 19:37:26.565,10411,217,6,71,False,0,car,0 days 00:00:43.961000,0 days 01:36:24.332000,1392.0905555555555,20.0
2023-10-22 19:37:26.805,10478,221,6,64,False,0,car,0 days 00:00:44.201000,0 days 01:36:24.572000,1406.8238888888889,20.0
2023-10-22 19:37:27.125,10023,217,6,20,False,0,car,0 days 00:00:44.521000,0 days 01:36:24.892000,1426.1127777777779,20.0
2023-10-22 19:37:27.325,10171,212,6,30,False,0,car,0 days 00:00:44.721000,0 days 01:36:25.092000,1437.8905555555555,20.0
2023-10-22 19:37:27.525,9922,211,6,32,False,0,car,0 days 00:00:44.921000,0 days 01:36:25.292000,1449.6127777777779,20.0
2023-10-22 19:37:27.805,9917,209,6,39,False,0,car,0 days 00:00:45.201000,0 days 01:36:25.572000,1465.8683333333336,20.0
2023-10-22 19:37:27.965,9801,208,6,44,False,0,car,0 days 00:00:45.361000,0 days 01:36:25.732000,1475.1127777777779,20.0
2023-10-22 19:37:28.245,9776,206,6,51,False,0,car,0 days 00:00:45.641000,0 days 01:36:26.012000,1491.1350000000002,20.0
2023-10-22 19:37:28.405,9832,207,6,57,False,0,car,0 days 00:00:45.801000,0 days 01:36:26.172000,1500.3350000000005,20.0
2023-10-22 19:37:28.565,9853,207,6,44,False,0,car,0 days 00:00:45.961000,0 days 01:36:26.332000,1509.5350000000003,20.0
2023-10-22 19:37:28.925,9691,205,6,44,False,0,car,0 days 00:00:46.321000,0 days 01:36:26.692000,1530.0350000000003,20.0
2023-10-22 19:37:29.245,9607,203,6,51,False,0,car,0 days 00:00:46.641000,0 days 01:36:27.012000,1548.0794444444448,20.0
2023-10-22 19:37:29.405,9564,204,6,50,False,0,car,0 days 00:00:46.801000,0 days 01:36:27.172000,1557.1461111111116,20.0
2023-10-22 19:37:29.645,9748,204,6,55,False,0,car,0 days 00:00:47.041000,0 days 01:36:27.412000,1570.7461111111113,20.0
2023-10-22 19:37:29.805,9707,204,6,59,False,0,car,0 days 00:00:47.201000,0 days 01:36:27.572000,1579.8127777777781,20.0
2023-10-22 19:37:30.005,9765,205,6,64,False,0,car,0 days 00:00:47.401000,0 days 01:36:27.772000,1591.2016666666673,20.0
2023-10-22 19:37:30.165,9872,206,6,65,False,0,car,0 days 00:00:47.561000,0 days 01:36:27.932000,1600.3572222222226,20.0
2023-10-22 19:37:30.405,10027,209,6,74,False,0,car,0 days 00:00:47.801000,0 days 01:36:28.172000,1614.290555555556,20.0
2023-10-22 19:37:30.645,9997,212,6,81,False,0,car,0 days 00:00:48.041000,0 days 01:36:28.412000,1628.423888888889,20.0
2023-10-22 19:37:30.845,10207,213,6,0,True,0,car,0 days 00:00:48.241000,0 days 01:36:28.612000,1640.2572222222225,20.0
2023-10-22 19:37:31.005,10629,210,6,0,True,0,car,0 days 00:00:48.401000,0 days 01:36:28.772000,1649.590555555556,20.0
2023-10-22 19:37:31.284,10303,203,5,0,True,0,car,0 days 00:00:48.680000,0 days 01:36:29.051000,1665.3230555555558,20.0
2023-10-22 19:37:31.564,9879,188,5,0,True,0,car,0 days 00:00:48.960000,0 days 01:36:29.331000,1679.945277777778,20.0
2023-10-22 19:37:31.844,9640,182,5,0,False,0,car,0 days 00:00:49.240000,0 days 01:36:29.611000,1694.1008333333336,20.0
2023-10-22 19:37:32.164,9420,176,5,0,False,0,car,0 days 00:00:49.560000,0 days 01:36:29.931000,1709.745277777778,20.0
2023-10-22 19:37:32.484,9201,170,5,46,False,0,car,0 days 00:00:49.880000,0 days 01:36:30.251000,1724.8563888888891,20.0
2023-10-22 19:37:32.725,9456,172,5,61,False,0,car,0 days 00:00:50.121000,0 days 01:36:30.492000,1736.3708333333336,20.0
2023-10-22 19:37:32.925,9648,176,5,70,False,0,car,0 days 00:00:50.321000,0 days 01:36:30.692000,1746.1486111111112,20.0
2023-10-22 19:37:33.325,10110,185,5,74,False,0,car,0 days 00:00:50.721000,0 days 01:36:31.092000,1766.7041666666667,20.0
2023-10-22 19:37:33.605,9715,189,5,8,False,0,car,0 days 00:00:51.001000,0 days 01:36:31.372000,1781.4041666666667,20.0
2023-10-22 19:37:34.005,10568,182,5,0,True,0,car,0 days 00:00:51.401000,0 days 01:36:31.772000,1801.626388888889,20.0
2023-10-22 19:37:34.245,10120,165,4,0,True,0,car,0 days 00:00:51.641000,0 days 01:36:32.012000,1812.6263888888889,20.0
2023-10-22 19:37:34.405,9721,162,4,1,True,0,car,0 days 00:00:51.801000,0 days 01:36:32.172000,1819.8263888888891,20.0
2023-10-22 19:37:34.565,9478,157,4,2,True,0,car,0 days 00:00:51.961000,0 days 01:36:32.332000,1826.8041666666668,20.0
2023-10-22 19:37:34.805,9120,153,4,5,True,0,car,0 days 00:00:52.201000,0 days 01:36:32.572000,1837.0041666666668,20.0
2023-10-22 19:37:35.005,8834,148,4,1,False,0,car,0 days 00:00:52.401000,0 days 01:36:32.772000,1845.2263888888892,20.0
2023-10-22 19:37:35.245,8650,142,4,7,False,0,car,0 days 00:00:52.641000,0 days 01:36:33.012000,1854.6930555555557,20.0
2023-10-22 19:37:35.645,8407,136,4,21,False,0,car,0 days 00:00:53.041000,0 days 01:36:33.412000,1869.8041666666668,20.0
2023-10-22 19:37:35.805,8581,134,4,46,False,0,car,0 days 00:00:53.201000,0 days 01:36:33.572000,1875.7597222222225,20.0
2023-10-22 19:37:36.205,8738,138,4,41,False,0,car,0 days 00:00:53.601000,0 days 01:36:33.972000,1891.0930555555558,20.0
2023-10-22 19:37:36.445,8975,140,4,50,False,0,car,0 days 00:00:53.841000,0 days 01:36:34.212000,1900.4263888888893,20.0
2023-10-22 19:37:36.725,9110,143,4,65,False,0,car,0 days 00:00:54.121000,0 days 01:36:34.492000,1911.5486111111115,20.0
2023-10-22 19:37:36.885,9648,145,4,80,False,0,car,0 days 00:00:54.281000,0 days 01:36:34.652000,1917.9930555555559,20.0
2023-10-22 19:37:37.285,8877,160,4,55,False,0,car,0 days 00:00:54.681000,0 days 01:36:35.052000,1935.7708333333335,20.0
2023-10-22 19:37:37.645,8832,161,5,44,False,0,car,0 days 00:00:55.041000,0 days 01:36:35.412000,1951.8708333333334,20.0
2023-10-22 19:37:37.805,8941,162,5,48,False,0,car,0 days 00:00:55.201000,0 days 01:36:35.572000,1959.0708333333337,20.0
2023-10-22 19:37:38.004,9218,162,5,63,False,0,car,0 days 00:00:55.400000,0 days 01:36:35.771000,1968.0258333333336,20.0
2023-10-22 19:37:38.204,9110,165,5,72,False,0,car,0 days 00:00:55.600000,0 days 01:36:35.971000,1977.1925000000003,20.0
2023-10-22 19:37:38.524,9572,176,5,100,False,0,car,0 days 00:00:55.920000,0 days 01:36:36.291000,1992.8369444444447,20.0
2023-10-22 19:37:38.764,10077,176,5,100,False,0,car,0 days 00:00:56.160000,0 days 01:36:36.531000,2004.5702777777778,20.0
2023-10-22 19:37:39.124,10366,189,5,100,False,0,car,0 days 00:00:56.520000,0 days 01:36:36.891000,2023.4702777777782,20.0
2023-10-22 19:37:39.445,10926,201,5,100,False,0,car,0 days 00:00:56.841000,0 days 01:36:37.212000,2041.392777777778,20.0
2023-10-22 19:37:39.805,11702,213,5,100,False,0,car,0 days 00:00:57.201000,0 days 01:36:37.572000,2062.6927777777782,20.0
2023-10-22 19:37:39.965,11507,219,5,100,False,0,car,0 days 00:00:57.361000,0 days 01:36:37.732000,2072.4261111111114,20.0
2023-10-22 19:37:40.205,10701,224,6,99,False,0,car,0 days 00:00:57.601000,0 days 01:36:37.972000,2087.3594444444448,20.0
2023-10-22 19:37:40.365,10930,229,6,100,False,0,car,0 days 00:00:57.761000,0 days 01:36:38.132000,2097.5372222222227,20.0
2023-10-22 19:37:40.525,11078,233,6,100,False,0,car,0 days 00:00:57.921000,0 days 01:36:38.292000,2107.892777777778,20.0
2023-10-22 19:37:40.685,11229,233,6,100,False,0,car,0 days 00:00:58.081000,0 days 01:36:38.452000,2118.248333333334,20.0
2023-10-22 19:37:41.085,11617,242,6,100,False,0,car,0 days 00:00:58.481000,0 days 01:36:38.852000,2145.1372222222226,20.0
2023-10-22 19:37:41.485,10547,250,7,99,False,0,car,0 days 00:00:58.881000,0 days 01:36:39.252000,2172.9150000000004,20.0
2023-10-22 19:37:41.645,10493,251,7,100,False,0,car,0 days 00:00:59.041000,0 days 01:36:39.412000,2184.0705555555555,20.0
2023-10-22 19:37:41.885,10682,255,7,100,False,0,car,0 days 00:00:59.281000,0 days 01:36:39.652000,2201.0705555555555,20.0
2023-10-22 19:37:42.165,10810,260,7,100,False,0,car,0 days 00:00:59.561000,0 days 01:36:39.932000,2221.2927777777777,20.0
2023-10-22 19:37:42.445,10921,264,7,99,False,0,car,0 days 00:00:59.841000,0 days 01:36:40.212000,2241.826111111111,20.0
2023-10-22 19:37:42.605,11099,265,7,100,False,0,car,0 days 00:01:00.001000,0 days 01:36:40.372000,2253.6038888888884,20.0
2023-10-22 19:37:42.845,11161,270,7,100,False,0,car,0 days 00:01:00.241000,0 days 01:36:40.612000,2271.6038888888884,20.0
2023-10-22 19:37:43.005,11161,271,7,100,False,0,car,0 days 00:01:00.401000,0 days 01:36:40.772000,2283.648333333333,20.0
2023-10-22 19:37:43.285,11405,274,7,99,False,0,car,0 days 00:01:00.681000,0 days 01:36:41.052000,2304.9594444444438,20.0
2023-10-22 19:37:43.645,11407,277,7,99,False,0,car,0 days 00:01:01.041000,0 days 01:36:41.412000,2332.6594444444436,20.0
2023-10-22 19:37:43.805,10287,277,7,100,False,0,car,0 days 00:01:01.201000,0 days 01:36:41.572000,2344.970555555555,20.0
2023-10-22 19:37:44.045,10200,278,8,100,False,0,car,0 days 00:01:01.441000,0 days 01:36:41.812000,2363.5038888888885,20.0
2023-10-22 19:37:44.205,10217,278,8,100,False,0,car,0 days 00:01:01.601000,0 days 01:36:41.972000,2375.859444444444,20.0
2023-10-22 19:37:44.485,10435,279,8,0,False,0,car,0 days 00:01:01.881000,0 days 01:36:42.252000,2397.559444444444,20.0
2023-10-22 19:37:44.804,9788,270,8,0,True,0,car,0 days 00:01:02.200000,0 days 01:36:42.571000,2421.4844444444443,20.0
2023-10-22 19:37:45.124,9308,232,8,0,True,0,car,0 days 00:01:02.520000,0 days 01:36:42.891000,2442.1066666666666,20.0
2023-10-22 19:37:45.404,9733,210,7,0,True,0,car,0 days 00:01:02.800000,0 days 01:36:43.171000,2458.4399999999996,20.0
2023-10-22 19:37:45.804,9805,174,5,0,True,0,car,0 days 00:01:03.200000,0 days 01:36:43.571000,2477.773333333333,20.0
2023-10-22 19:37:46.245,9505,136,4,0,True,0,car,0 days 00:01:03.641000,0 days 01:36:44.012000,2494.433333333333,20.0
2023-10-22 19:37:46.405,8704,129,3,0,True,0,car,0 days 00:01:03.801000,0 days 01:36:44.172000,2500.1666666666665,20.0
2023-10-22 19:37:46.645,8004,113,3,0,True,0,car,0 days 00:01:04.041000,0 days 01:36:44.412000,2507.7,20.0
2023-10-22 19:37:46.805,7054,107,3,0,True,0,car,0 days 00:01:04.201000,0 days 01:36:44.572000,2512.4555555555553,20.0
2023-10-22 19:37:47.125,6268,90,3,0,True,0,car,0 days 00:01:04.521000,0 days 01:36:44.892000,2520.4555555555553,20.0
2023-10-22 19:37:47.325,5798,84,3,0,True,0,car,0 days 00:01:04.721000,0 days 01:36:45.092000,2525.122222222222,20.0
2023-10-22 19:37:47.525,5449,79,3,0,True,0,car,0 days 00:01:04.921000,0 days 01:36:45.292000,2529.511111111111,20.0
2023-10-22 19:37:47.805,5004,75,3,0,True,0,car,0 days 00:01:05.201000,0 days 01:36:45.572000,2535.344444444444,20.0
2023-10-22 19:37:48.005,4810,71,3,0,False,0,car,0 days 00:01:05.401000,0 days 01:36:45.772000,2539.2888888888883,20.0
2023-10-22 19:37:48.205,4684,69,3,0,False,0,car,0 days 00:01:05.601000,0 days 01:36:45.972000,2543.122222222222,20.0
2023-10-22 19:37:48.485,5056,66,3,14,False,0,car,0 days 00:01:05.881000,0 days 01:36:46.252000,2548.255555555555,20.0
2023-10-22 19:37:48.685,5180,67,3,18,False,0,car,0 days 00:01:06.081000,0 days 01:36:46.452000,2551.977777777777,20.0
2023-10-22 19:37:49.005,5629,71,3,31,False,0,car,0 days 00:01:06.401000,0 days 01:36:46.772000,2558.2888888888883,20.0
2023-10-22 19:37:49.205,6035,73,3,36,False,0,car,0 days 00:01:06.601000,0 days 01:36:46.972000,2562.344444444444,20.0
2023-10-22 19:37:49.405,6320,80,3,39,False,0,car,0 days 00:01:06.801000,0 days 01:36:47.172000,2566.7888888888883,20.0
2023-10-22 19:37:49.565,6648,84,3,42,False,0,car,0 days 00:01:06.961000,0 days 01:36:47.332000,2570.5222222222214,20.0
2023-10-22 19:37:49.885,7286,92,3,49,False,0,car,0 days 00:01:07.281000,0 days 01:36:47.652000,2578.6999999999994,20.0
2023-10-22 19:37:50.045,7286,99,3,49,False,0,car,0 days 00:01:07.441000,0 days 01:36:47.812000,2583.0999999999995,20.0
2023-10-22 19:37:50.245,8113,105,3,55,False,0,car,0 days 00:01:07.641000,0 days 01:36:48.012000,2588.933333333333,20.0
2023-10-22 19:37:50.605,9071,116,3,68,False,0,car,0 days 00:01:08.001000,0 days 01:36:48.372000,2600.533333333333,20.0
2023-10-22 19:37:50.925,9725,132,3,69,False,0,car,0 days 00:01:08.321000,0 days 01:36:48.692000,2612.266666666666,20.0
2023-10-22 19:37:51.245,11172,143,3,100,False,0,car,0 days 00:01:08.641000,0 days 01:36:49.012000,2624.977777777777,20.0
2023-10-22 19:37:51.484,10466,158,3,99,False,0,car,0 days 00:01:08.880000,0 days 01:36:49.251000,2635.467222222221,20.0
2023-10-22 19:37:51.764,10790,172,4,100,False,0,car,0 days 00:01:09.160000,0 days 01:36:49.531000,2648.844999999999,20.0
2023-10-22 19:37:51.964,11584,176,4,100,False,0,car,0 days 00:01:09.360000,0 days 01:36:49.731000,2658.6227777777767,20.0
2023-10-22 19:37:52.324,10419,194,4,100,False,0,car,0 days 00:01:09.720000,0 days 01:36:50.091000,2678.022777777777,20.0
2023-10-22 19:37:52.605,11125,201,5,100,False,0,car,0 days 00:01:10.001000,0 days 01:36:50.372000,2693.711944444444,20.0
2023-10-22 19:37:53.005,10378,213,5,100,False,0,car,0 days 00:01:10.401000,0 days 01:36:50.772000,2717.37861111111,20.0
2023-10-22 19:37:53.205,10474,219,6,99,False,0,car,0 days 00:01:10.601000,0 days 01:36:50.972000,2729.545277777777,20.0
2023-10-22 19:37:53.365,10696,221,6,100,False,0,car,0 days 00:01:10.761000,0 days 01:36:51.132000,2739.367499999999,20.0
2023-10-22 19:37:53.805,11119,230,6,100,False,0,car,0 days 00:01:11.201000,0 days 01:36:51.572000,2767.47861111111,20.0
2023-10-22 19:37:54.005,11255,236,6,100,False,0,car,0 days 00:01:11.401000,0 days 01:36:51.772000,2780.589722222221,20.0
2023-10-22 19:37:54.205,11413,240,6,100,False,0,car,0 days 00:01:11.601000,0 days 01:36:51.972000,2793.9230555555546,20.0
2023-10-22 19:37:54.445,11330,245,6,100,False,0,car,0 days 00:01:11.841000,0 days 01:36:52.212000,2810.2563888888876,20.0
2023-10-22 19:37:54.645,10261,248,6,100,False,0,car,0 days 00:01:12.041000,0 days 01:36:52.412000,2824.0341666666654,20.0
2023-10-22 19:37:54.965,10581,253,7,100,False,0,car,0 days 00:01:12.361000,0 days 01:36:52.732000,2846.523055555555,20.0
2023-10-22 19:37:55.125,10651,255,7,100,False,0,car,0 days 00:01:12.521000,0 days 01:36:52.892000,2857.856388888888,20.0
2023-10-22 19:37:55.445,10781,260,7,100,False,0,car,0 days 00:01:12.841000,0 days 01:36:53.212000,2880.9674999999984,20.0
2023-10-22 19:37:55.645,10878,262,7,100,False,0,car,0 days 00:01:13.041000,0 days 01:36:53.412000,2895.523055555554,20.0
2023-10-22 19:37:55.845,10914,264,7,100,False,0,car,0 days 00:01:13.241000,0 days 01:36:53.612000,2910.189722222221,20.0
2023-10-22 19:37:56.085,11071,266,7,100,False,0,car,0 days 00:01:13.481000,0 days 01:36:53.852000,2927.923055555554,20.0
2023-10-22 19:37:56.285,11193,267,7,100,False,0,car,0 days 00:01:13.681000,0 days 01:36:54.052000,2942.7563888888876,20.0
2023-10-22 19:37:56.565,11271,272,7,100,False,0,car,0 days 00:01:13.961000,0 days 01:36:54.332000,2963.911944444443,20.0
2023-10-22 19:37:56.765,11364,273,7,100,False,0,car,0 days 00:01:14.161000,0 days 01:36:54.532000,2979.07861111111,20.0
2023-10-22 19:37:57.125,11385,275,7,100,False,0,car,0 days 00:01:14.521000,0 days 01:36:54.892000,3006.57861111111,20.0
2023-10-22 19:37:57.325,10961,277,7,100,False,0,car,0 days 00:01:14.721000,0 days 01:36:55.092000,3021.9674999999993,20.0
2023-10-22 19:37:57.525,10286,279,7,100,False,0,car,0 days 00:01:14.921000,0 days 01:36:55.292000,3037.4674999999993,20.0
2023-10-22 19:37:57.725,10302,280,8,100,False,0,car,0 days 00:01:15.121000,0 days 01:36:55.492000,3053.023055555554,20.0
2023-10-22 19:37:58.085,10413,282,8,100,False,0,car,0 days 00:01:15.481000,0 days 01:36:55.852000,3081.223055555554,20.0
2023-10-22 19:37:58.324,10457,284,8,100,False,0,car,0 days 00:01:15.720000,0 days 01:36:56.091000,3100.0774999999985,20.0
2023-10-22 19:37:58.684,10553,286,8,100,False,0,car,0 days 00:01:16.080000,0 days 01:36:56.451000,3128.6774999999984,20.0
2023-10-22 19:37:58.924,10623,289,8,100,False,0,car,0 days 00:01:16.320000,0 days 01:36:56.691000,3147.944166666665,20.0
2023-10-22 19:37:59.125,10623,289,8,100,False,0,car,0 days 00:01:16.521000,0 days 01:36:56.892000,3164.0799999999986,20.0
2023-10-22 19:37:59.325,10694,290,8,100,False,0,car,0 days 00:01:16.721000,0 days 01:36:57.092000,3180.19111111111,20.0
2023-10-22 19:37:59.485,10704,291,8,100,False,0,car,0 days 00:01:16.881000,0 days 01:36:57.252000,3193.124444444443,20.0
2023-10-22 19:37:59.805,10738,292,8,99,False,0,car,0 days 00:01:17.201000,0 days 01:36:57.572000,3219.0799999999977,20.0
2023-10-22 19:38:00.205,10753,292,8,100,False,0,car,0 days 00:01:17.601000,0 days 01:36:57.972000,3251.5244444444425,20.0
2023-10-22 19:38:00.525,10792,293,8,100,False,0,car,0 days 00:01:17.921000,0 days 01:36:58.292000,3277.5688888888876,20.0
2023-10-22 19:38:00.765,10790,293,8,100,False,0,car,0 days 00:01:18.161000,0 days 01:36:58.532000,3297.1022222222205,20.0
2023-10-22 19:38:01.245,10850,295,8,100,False,0,car,0 days 00:01:18.641000,0 days 01:36:59.012000,3336.435555555554,20.0
2023-10-22 19:38:01.645,10865,295,8,100,False,0,car,0 days 00:01:19.041000,0 days 01:36:59.412000,3369.213333333331,20.0
2023-10-22 19:38:01.885,10875,296,8,100,False,0,car,0 days 00:01:19.281000,0 days 01:36:59.652000,3388.946666666665,20.0
2023-10-22 19:38:02.285,10919,296,8,100,False,0,car,0 days 00:01:19.681000,0 days 01:37:00.052000,3421.835555555553,20.0
2023-10-22 19:38:02.885,10858,295,8,100,False,0,car,0 days 00:01:20.281000,0 days 01:37:00.652000,3471.0022222222206,20.0
2023-10-22 19:38:03.365,10819,294,8,100,False,0,car,0 days 00:01:20.761000,0 days 01:37:01.132000,3510.20222222222,20.0
2023-10-22 19:38:03.565,10787,294,8,100,False,0,car,0 days 00:01:20.961000,0 days 01:37:01.332000,3526.5355555555534,20.0
2023-10-22 19:38:03.805,10784,293,8,100,False,0,car,0 days 00:01:21.201000,0 days 01:37:01.572000,3546.0688888888862,20.0
2023-10-22 19:38:04.005,10763,292,8,100,False,0,car,0 days 00:01:21.401000,0 days 01:37:01.772000,3562.291111111109,20.0
2023-10-22 19:38:04.165,10595,291,8,100,False,0,car,0 days 00:01:21.561000,0 days 01:37:01.932000,3575.224444444443,20.0
2023-10-22 19:38:04.405,10365,288,8,0,False,0,car,0 days 00:01:21.801000,0 days 01:37:02.172000,3594.424444444443,20.0
2023-10-22 19:38:04.565,10159,282,8,0,False,0,car,0 days 00:01:21.961000,0 days 01:37:02.332000,3606.957777777776,20.0
2023-10-22 19:38:04.884,9517,256,8,0,True,0,car,0 days 00:01:22.280000,0 days 01:37:02.651000,3629.6422222222204,20.0
2023-10-22 19:38:05.044,9529,236,8,0,True,0,car,0 days 00:01:22.440000,0 days 01:37:02.811000,3640.131111111109,20.0
2023-10-22 19:38:05.244,9794,225,7,0,True,0,car,0 days 00:01:22.640000,0 days 01:37:03.011000,3652.631111111109,20.0
2023-10-22 19:38:05.484,9209,193,7,0,True,0,car,0 days 00:01:22.880000,0 days 01:37:03.251000,3665.4977777777754,20.0
2023-10-22 19:38:05.765,8772,165,6,0,True,0,car,0 days 00:01:23.161000,0 days 01:37:03.532000,3678.3769444444424,20.0
2023-10-22 19:38:05.925,9096,149,5,0,True,0,car,0 days 00:01:23.321000,0 days 01:37:03.692000,3684.9991666666647,20.0
2023-10-22 19:38:06.205,9104,135,4,0,True,0,car,0 days 00:01:23.601000,0 days 01:37:03.972000,3695.4991666666647,20.0
2023-10-22 19:38:06.365,8964,123,3,0,True,0,car,0 days 00:01:23.761000,0 days 01:37:04.132000,3700.9658333333314,20.0
2023-10-22 19:38:06.525,8502,115,3,0,True,0,car,0 days 00:01:23.921000,0 days 01:37:04.292000,3706.0769444444427,20.0
2023-10-22 19:38:06.765,7592,107,3,0,True,0,car,0 days 00:01:24.161000,0 days 01:37:04.532000,3713.210277777776,20.0
2023-10-22 19:38:07.045,7592,99,3,0,True,0,car,0 days 00:01:24.441000,0 days 01:37:04.812000,3720.9102777777757,20.0
2023-10-22 19:38:07.325,6480,93,3,0,True,0,car,0 days 00:01:24.721000,0 days 01:37:05.092000,3728.1436111111093,20.0
2023-10-22 19:38:07.645,6261,88,3,0,False,0,car,0 days 00:01:25.041000,0 days 01:37:05.412000,3735.9658333333314,20.0
2023-10-22 19:38:07.885,6154,87,3,5,False,0,car,0 days 00:01:25.281000,0 days 01:37:05.652000,3741.7658333333316,20.0
2023-10-22 19:38:08.245,6187,85,3,18,False,0,car,0 days 00:01:25.641000,0 days 01:37:06.012000,3750.2658333333316,20.0
2023-10-22 19:38:08.525,6752,90,3,40,False,0,car,0 days 00:01:25.921000,0 days 01:37:06.292000,3757.2658333333316,20.0
2023-10-22 19:38:08.845,7437,97,3,49,False,0,car,0 days 00:01:26.241000,0 days 01:37:06.612000,3765.888055555554,20.0
2023-10-22 19:38:09.085,7886,103,3,55,False,0,car,0 days 00:01:26.481000,0 days 01:37:06.852000,3772.75472222222,20.0
2023-10-22 19:38:09.365,8780,115,3,68,False,0,car,0 days 00:01:26.761000,0 days 01:37:07.132000,3781.6991666666645,20.0
2023-10-22 19:38:09.685,9930,129,3,84,False,0,car,0 days 00:01:27.081000,0 days 01:37:07.452000,3793.1658333333316,20.0
2023-10-22 19:38:09.885,10661,137,3,100,False,0,car,0 days 00:01:27.281000,0 days 01:37:07.652000,3800.776944444443,20.0
2023-10-22 19:38:10.085,11191,147,3,100,False,0,car,0 days 00:01:27.481000,0 days 01:37:07.852000,3808.943611111109,20.0
2023-10-22 19:38:10.285,10211,154,3,100,False,0,car,0 days 00:01:27.681000,0 days 01:37:08.052000,3817.4991666666647,20.0
2023-10-22 19:38:10.445,10104,161,3,100,False,0,car,0 days 00:01:27.841000,0 days 01:37:08.212000,3824.6547222222202,20.0
2023-10-22 19:38:10.725,10771,171,4,100,False,0,car,0 days 00:01:28.121000,0 days 01:37:08.492000,3837.9547222222204,20.0
2023-10-22 19:38:10.925,10965,177,4,100,False,0,car,0 days 00:01:28.321000,0 days 01:37:08.692000,3847.788055555554,20.0
2023-10-22 19:38:11.165,10415,183,4,100,False,0,car,0 days 00:01:28.561000,0 days 01:37:08.932000,3859.988055555554,20.0
2023-10-22 19:38:11.365,10322,188,4,100,False,0,car,0 days 00:01:28.761000,0 days 01:37:09.132000,3870.432499999998,20.0
2023-10-22 19:38:11.565,9507,191,5,0,False,0,car,0 days 00:01:28.961000,0 days 01:37:09.332000,3881.0436111111094,20.0
2023-10-22 19:38:11.844,10161,175,5,0,True,0,car,0 days 00:01:29.240000,0 days 01:37:09.611000,3894.6061111111094,20.0
2023-10-22 19:38:12.004,10581,168,4,0,True,0,car,0 days 00:01:29.400000,0 days 01:37:09.771000,3902.0727777777765,20.0
2023-10-22 19:38:12.245,10343,149,4,0,True,0,car,0 days 00:01:29.641000,0 days 01:37:10.012000,3912.0474999999988,20.0
2023-10-22 19:38:12.645,9086,130,3,0,True,0,car,0 days 00:01:30.041000,0 days 01:37:10.412000,3926.491944444443,20.0
2023-10-22 19:38:12.885,8399,125,3,0,True,0,car,0 days 00:01:30.281000,0 days 01:37:10.652000,3934.8252777777766,20.0
2023-10-22 19:38:13.045,8215,116,3,0,True,0,car,0 days 00:01:30.441000,0 days 01:37:10.812000,3939.980833333332,20.0
2023-10-22 19:38:13.205,7807,114,3,0,True,0,car,0 days 00:01:30.601000,0 days 01:37:10.972000,3945.0474999999988,20.0
2023-10-22 19:38:13.485,7561,109,3,0,False,0,car,0 days 00:01:30.881000,0 days 01:37:11.252000,3953.5252777777764,20.0
2023-10-22 19:38:13.685,7417,105,3,2,False,0,car,0 days 00:01:31.081000,0 days 01:37:11.452000,3959.35861111111,20.0
2023-10-22 19:38:13.885,7250,103,3,0,False,0,car,0 days 00:01:31.281000,0 days 01:37:11.652000,3965.080833333332,20.0
2023-10-22 19:38:14.325,6945,96,3,0,False,0,car,0 days 00:01:31.721000,0 days 01:37:12.092000,3976.814166666665,20.0
2023-10-22 19:38:14.565,7074,94,3,20,False,0,car,0 days 00:01:31.961000,0 days 01:37:12.332000,3983.0808333333316,20.0
2023-10-22 19:38:14.845,7243,97,3,37,False,0,car,0 days 00:01:32.241000,0 days 01:37:12.612000,3990.625277777776,20.0
2023-10-22 19:38:15.085,7718,101,3,42,False,0,car,0 days 00:01:32.481000,0 days 01:37:12.852000,3997.358611111109,20.0
2023-10-22 19:38:15.245,7931,105,3,44,False,0,car,0 days 00:01:32.641000,0 days 01:37:13.012000,4002.025277777776,20.0
2023-10-22 19:38:15.525,8325,111,3,50,False,0,car,0 days 00:01:32.921000,0 days 01:37:13.292000,4010.658611111109,20.0
2023-10-22 19:38:15.685,8751,113,3,53,False,0,car,0 days 00:01:33.081000,0 days 01:37:13.452000,4015.680833333331,20.0
2023-10-22 19:38:15.925,9084,118,3,56,False,0,car,0 days 00:01:33.321000,0 days 01:37:13.692000,4023.5474999999974,20.0
2023-10-22 19:38:16.165,9639,127,3,60,False,0,car,0 days 00:01:33.561000,0 days 01:37:13.932000,4032.0141666666646,20.0
2023-10-22 19:38:16.605,10743,141,3,98,False,0,car,0 days 00:01:34.001000,0 days 01:37:14.372000,4049.2474999999977,20.0
2023-10-22 19:38:16.885,11504,153,3,100,False,0,car,0 days 00:01:34.281000,0 days 01:37:14.652000,4061.1474999999978,20.0
2023-10-22 19:38:17.205,10580,163,4,100,False,0,car,0 days 00:01:34.601000,0 days 01:37:14.972000,4075.6363888888864,20.0
2023-10-22 19:38:17.525,10845,175,4,100,False,0,car,0 days 00:01:34.921000,0 days 01:37:15.292000,4091.1919444444425,20.0
2023-10-22 19:38:17.845,10780,183,4,100,False,0,car,0 days 00:01:35.241000,0 days 01:37:15.612000,4107.458611111108,20.0
2023-10-22 19:38:18.085,10324,188,5,100,False,0,car,0 days 00:01:35.481000,0 days 01:37:15.852000,4119.991944444441,20.0
2023-10-22 19:38:18.245,9638,194,5,7,False,0,car,0 days 00:01:35.641000,0 days 01:37:16.012000,4128.6141666666645,20.0
2023-10-22 19:38:18.404,9627,194,5,0,True,0,car,0 days 00:01:35.800000,0 days 01:37:16.171000,4137.182499999997,20.0
2023-10-22 19:38:18.684,10270,175,5,0,True,0,car,0 days 00:01:36.080000,0 days 01:37:16.451000,4150.7936111111085,20.0
2023-10-22 19:38:18.845,10046,165,5,0,True,0,car,0 days 00:01:36.241000,0 days 01:37:16.612000,4158.172777777775,20.0
2023-10-22 19:38:19.205,9421,150,4,0,True,0,car,0 days 00:01:36.601000,0 days 01:37:16.972000,4173.172777777775,20.0
2023-10-22 19:38:19.445,9734,138,4,0,True,0,car,0 days 00:01:36.841000,0 days 01:37:17.212000,4182.372777777775,20.0
2023-10-22 19:38:19.765,8911,126,3,0,True,0,car,0 days 00:01:37.161000,0 days 01:37:17.532000,4193.572777777775,20.0
2023-10-22 19:38:20.085,7942,116,3,0,True,0,car,0 days 00:01:37.481000,0 days 01:37:17.852000,4203.883888888886,20.0
2023-10-22 19:38:20.245,7666,110,3,0,True,0,car,0 days 00:01:37.641000,0 days 01:37:18.012000,4208.772777777775,20.0
2023-10-22 19:38:20.405,7401,110,3,0,True,0,car,0 days 00:01:37.801000,0 days 01:37:18.172000,4213.661666666664,20.0
2023-10-22 19:38:20.645,6823,99,3,0,True,0,car,0 days 00:01:38.041000,0 days 01:37:18.412000,4220.261666666664,20.0
2023-10-22 19:38:20.885,6420,94,3,0,True,0,car,0 days 00:01:38.281000,0 days 01:37:18.652000,4226.528333333331,20.0
2023-10-22 19:38:21.045,6264,90,3,0,True,0,car,0 days 00:01:38.441000,0 days 01:37:18.812000,4230.528333333331,20.0
2023-10-22 19:38:21.325,5847,85,3,0,True,0,car,0 days 00:01:38.721000,0 days 01:37:19.092000,4237.139444444442,20.0
2023-10-22 19:38:21.525,5761,82,3,0,False,0,car,0 days 00:01:38.921000,0 days 01:37:19.292000,4241.694999999998,20.0
2023-10-22 19:38:21.965,6145,80,3,20,False,0,car,0 days 00:01:39.361000,0 days 01:37:19.732000,4251.472777777775,20.0
2023-10-22 19:38:22.325,6304,85,3,35,False,0,car,0 days 00:01:39.721000,0 days 01:37:20.092000,4259.972777777775,20.0
2023-10-22 19:38:22.605,6976,89,3,46,False,0,car,0 days 00:01:40.001000,0 days 01:37:20.372000,4266.894999999998,20.0
2023-10-22 19:38:22.845,7400,97,3,52,False,0,car,0 days 00:01:40.241000,0 days 01:37:20.612000,4273.361666666664,20.0
2023-10-22 19:38:23.165,7961,107,3,55,False,0,car,0 days 00:01:40.561000,0 days 01:37:20.932000,4282.872777777775,20.0
2023-10-22 19:38:23.365,8801,111,3,62,False,0,car,0 days 00:01:40.761000,0 days 01:37:21.132000,4289.039444444441,20.0
2023-10-22 19:38:23.605,9196,111,3,71,False,0,car,0 days 00:01:41.001000,0 days 01:37:21.372000,4296.4394444444415,20.0
2023-10-22 19:38:24.045,10823,145,3,99,False,0,car,0 days 00:01:41.441000,0 days 01:37:21.812000,4314.161666666663,20.0
2023-10-22 19:38:24.325,10251,158,3,100,False,0,car,0 days 00:01:41.721000,0 days 01:37:22.092000,4326.4505555555525,20.0
2023-10-22 19:38:24.605,10061,163,4,100,False,0,car,0 days 00:01:42.001000,0 days 01:37:22.372000,4339.12833333333,20.0
2023-10-22 19:38:25.005,11320,179,4,100,False,0,car,0 days 00:01:42.401000,0 days 01:37:22.772000,4359.017222222219,20.0
2023-10-22 19:38:25.164,10493,190,4,100,False,0,car,0 days 00:01:42.560000,0 days 01:37:22.931000,4367.408888888886,20.0
2023-10-22 19:38:25.405,10793,196,5,100,False,0,car,0 days 00:01:42.801000,0 days 01:37:23.172000,4380.529999999998,20.0
2023-10-22 19:38:25.645,11164,205,5,100,False,0,car,0 days 00:01:43.041000,0 days 01:37:23.412000,4394.196666666664,20.0
2023-10-22 19:38:25.965,11533,212,5,100,False,0,car,0 days 00:01:43.361000,0 days 01:37:23.732000,4413.041111111109,20.0
2023-10-22 19:38:26.205,10694,217,5,100,False,0,car,0 days 00:01:43.601000,0 days 01:37:23.972000,4427.507777777775,20.0
2023-10-22 19:38:26.445,10528,218,6,100,False,0,car,0 days 00:01:43.841000,0 days 01:37:24.212000,4442.041111111108,20.0
2023-10-22 19:38:26.885,11032,229,6,100,False,0,car,0 days 00:01:44.281000,0 days 01:37:24.652000,4470.029999999998,20.0
2023-10-22 19:38:27.085,11059,232,6,88,False,0,car,0 days 00:01:44.481000,0 days 01:37:24.852000,4482.918888888886,20.0
2023-10-22 19:38:27.525,10979,231,6,62,False,0,car,0 days 00:01:44.921000,0 days 01:37:25.292000,4511.15222222222,20.0
2023-10-22 19:38:27.685,10888,230,6,72,False,0,car,0 days 00:01:45.081000,0 days 01:37:25.452000,4521.374444444442,20.0
2023-10-22 19:38:27.845,10945,231,6,73,False,0,car,0 days 00:01:45.241000,0 days 01:37:25.612000,4531.641111111108,20.0
2023-10-22 19:38:28.005,11033,232,6,76,False,0,car,0 days 00:01:45.401000,0 days 01:37:25.772000,4541.9522222222195,20.0
2023-10-22 19:38:28.245,11042,232,6,80,False,0,car,0 days 00:01:45.641000,0 days 01:37:26.012000,4557.418888888887,20.0
2023-10-22 19:38:28.405,11184,232,6,100,False,0,car,0 days 00:01:45.801000,0 days 01:37:26.172000,4567.729999999998,20.0
2023-10-22 19:38:28.725,11257,236,6,99,False,0,car,0 days 00:01:46.121000,0 days 01:37:26.492000,4588.707777777775,20.0
2023-10-22 19:38:28.965,11293,238,6,100,False,0,car,0 days 00:01:46.361000,0 days 01:37:26.732000,4604.574444444443,20.0
2023-10-22 19:38:29.125,11293,239,6,100,False,0,car,0 days 00:01:46.521000,0 days 01:37:26.892000,4615.196666666665,20.0
2023-10-22 19:38:29.405,11423,240,6,100,False,0,car,0 days 00:01:46.801000,0 days 01:37:27.172000,4633.863333333332,20.0
2023-10-22 19:38:29.645,11489,243,6,100,False,0,car,0 days 00:01:47.041000,0 days 01:37:27.412000,4650.063333333332,20.0
2023-10-22 19:38:29.845,11606,244,6,100,False,0,car,0 days 00:01:47.241000,0 days 01:37:27.612000,4663.618888888887,20.0
2023-10-22 19:38:30.085,10206,245,6,100,False,0,car,0 days 00:01:47.481000,0 days 01:37:27.852000,4679.95222222222,20.0
2023-10-22 19:38:30.365,10357,247,6,100,False,0,car,0 days 00:01:47.761000,0 days 01:37:28.132000,4699.163333333331,20.0
2023-10-22 19:38:30.565,10405,249,7,100,False,0,car,0 days 00:01:47.961000,0 days 01:37:28.332000,4712.996666666665,20.0
2023-10-22 19:38:30.885,10493,251,7,100,False,0,car,0 days 00:01:48.281000,0 days 01:37:28.652000,4735.307777777777,20.0
2023-10-22 19:38:31.285,10554,251,7,100,False,0,car,0 days 00:01:48.681000,0 days 01:37:29.052000,4763.196666666666,20.0
2023-10-22 19:38:31.725,10647,256,7,99,False,0,car,0 days 00:01:49.121000,0 days 01:37:29.492000,4794.485555555554,20.0
2023-10-22 19:38:31.965,10773,258,7,100,False,0,car,0 days 00:01:49.361000,0 days 01:37:29.732000,4811.685555555555,20.0
2023-10-22 19:38:32.205,10767,259,7,100,False,0,car,0 days 00:01:49.601000,0 days 01:37:29.972000,4828.952222222221,20.0
2023-10-22 19:38:32.485,10874,261,7,100,False,0,car,0 days 00:01:49.881000,0 days 01:37:30.252000,4849.2522222222215,20.0
2023-10-22 19:38:32.645,10874,262,7,100,False,0,car,0 days 00:01:50.041000,0 days 01:37:30.412000,4860.896666666666,20.0
2023-10-22 19:38:32.885,10969,263,7,99,False,0,car,0 days 00:01:50.281000,0 days 01:37:30.652000,4878.429999999999,20.0
2023-10-22 19:38:33.085,10690,265,7,18,False,0,car,0 days 00:01:50.481000,0 days 01:37:30.852000,4893.152222222221,20.0
2023-10-22 19:38:33.325,10193,254,7,1,True,0,car,0 days 00:01:50.721000,0 days 01:37:31.092000,4910.085555555555,20.0
2023-10-22 19:38:33.565,10250,240,7,1,True,0,car,0 days 00:01:50.961000,0 days 01:37:31.332000,4926.085555555555,20.0
2023-10-22 19:38:33.725,10372,226,7,0,True,0,car,0 days 00:01:51.121000,0 days 01:37:31.492000,4936.129999999999,20.0
2023-10-22 19:38:33.885,9868,220,6,0,True,0,car,0 days 00:01:51.281000,0 days 01:37:31.652000,4945.9077777777775,20.0
2023-10-22 19:38:34.205,10727,204,5,0,True,0,car,0 days 00:01:51.601000,0 days 01:37:31.972000,4964.041111111111,20.0
2023-10-22 19:38:34.405,10245,197,5,0,True,0,car,0 days 00:01:51.801000,0 days 01:37:32.172000,4974.985555555555,20.0
2023-10-22 19:38:34.565,10068,190,5,0,True,0,car,0 days 00:01:51.961000,0 days 01:37:32.332000,4983.429999999999,20.0
2023-10-22 19:38:34.725,9918,186,5,13,False,0,car,0 days 00:01:52.121000,0 days 01:37:32.492000,4991.696666666666,20.0
2023-10-22 19:38:34.885,10173,186,5,29,False,0,car,0 days 00:01:52.281000,0 days 01:37:32.652000,4999.963333333333,20.0
2023-10-22 19:38:35.045,9937,182,5,59,False,0,car,0 days 00:01:52.441000,0 days 01:37:32.812000,5008.052222222222,20.0
2023-10-22 19:38:35.325,10237,188,5,80,False,0,car,0 days 00:01:52.721000,0 days 01:37:33.092000,5022.674444444444,20.0
2023-10-22 19:38:35.645,10675,195,5,100,False,0,car,0 days 00:01:53.041000,0 days 01:37:33.412000,5040.007777777777,20.0
2023-10-22 19:38:36.045,11139,203,5,100,False,0,car,0 days 00:01:53.441000,0 days 01:37:33.812000,5062.563333333333,20.0
2023-10-22 19:38:36.445,9978,211,5,100,False,0,car,0 days 00:01:53.841000,0 days 01:37:34.212000,5086.007777777777,20.0
2023-10-22 19:38:36.845,10368,218,6,100,False,0,car,0 days 00:01:54.241000,0 days 01:37:34.612000,5110.23,20.0
2023-10-22 19:38:37.085,10568,222,6,100,False,0,car,0 days 00:01:54.481000,0 days 01:37:34.852000,5125.029999999999,20.0
2023-10-22 19:38:37.405,10780,227,6,100,False,0,car,0 days 00:01:54.801000,0 days 01:37:35.172000,5145.207777777777,20.0
2023-10-22 19:38:37.685,11082,232,6,100,False,0,car,0 days 00:01:55.081000,0 days 01:37:35.452000,5163.2522222222215,20.0
2023-10-22 19:38:37.965,11310,235,6,100,False,0,car,0 days 00:01:55.361000,0 days 01:37:35.732000,5181.53,20.0
2023-10-22 19:38:38.125,10848,226,6,0,True,0,car,0 days 00:01:55.521000,0 days 01:37:35.892000,5191.5744444444435,20.0
2023-10-22 19:38:38.445,10561,199,6,0,True,0,car,0 days 00:01:55.841000,0 days 01:37:36.212000,5209.263333333332,20.0
2023-10-22 19:38:38.685,10493,180,5,0,True,0,car,0 days 00:01:56.081000,0 days 01:37:36.452000,5221.263333333332,20.0
2023-10-22 19:38:38.925,10538,156,5,0,True,0,car,0 days 00:01:56.321000,0 days 01:37:36.692000,5231.663333333332,20.0
2023-10-22 19:38:39.085,10264,150,4,0,True,0,car,0 days 00:01:56.481000,0 days 01:37:36.852000,5238.329999999999,20.0
2023-10-22 19:38:39.525,8410,120,3,0,True,0,car,0 days 00:01:56.921000,0 days 01:37:37.292000,5252.996666666666,20.0
2023-10-22 19:38:39.925,7362,106,3,0,True,0,car,0 days 00:01:57.321000,0 days 01:37:37.692000,5264.774444444443,20.0
2023-10-22 19:38:40.125,7172,102,3,0,True,0,car,0 days 00:01:57.521000,0 days 01:37:37.892000,5270.44111111111,20.0
2023-10-22 19:38:40.525,6675,95,3,0,False,0,car,0 days 00:01:57.921000,0 days 01:37:38.292000,5280.996666666666,20.0
2023-10-22 19:38:40.765,6807,93,3,11,False,0,car,0 days 00:01:58.161000,0 days 01:37:38.532000,5287.196666666666,20.0
2023-10-22 19:38:41.165,6962,91,3,27,False,0,car,0 days 00:01:58.561000,0 days 01:37:38.932000,5297.307777777777,20.0
2023-10-22 19:38:41.325,7196,94,3,37,False,0,car,0 days 00:01:58.721000,0 days 01:37:39.092000,5301.485555555555,20.0
2023-10-22 19:38:41.685,7735,99,3,47,False,0,car,0 days 00:01:59.081000,0 days 01:37:39.452000,5311.385555555555,20.0
2023-10-22 19:38:41.885,8040,104,3,51,False,0,car,0 days 00:01:59.281000,0 days 01:37:39.652000,5317.163333333333,20.0
2023-10-22 19:38:42.325,9205,119,3,64,False,0,car,0 days 00:01:59.721000,0 days 01:37:40.092000,5331.707777777778,20.0
2023-10-22 19:38:42.525,9735,127,3,72,False,0,car,0 days 00:01:59.921000,0 days 01:37:40.292000,5338.763333333333,20.0
2023-10-22 19:38:42.685,10278,131,3,78,False,0,car,0 days 00:02:00.081000,0 days 01:37:40.452000,5344.585555555555,20.0
2023-10-22 19:38:42.885,11023,135,3,100,False,0,car,0 days 00:02:00.281000,0 days 01:37:40.652000,5352.085555555555,20.0
2023-10-22 19:38:43.125,11562,155,3,100,False,0,car,0 days 00:02:00.521000,0 days 01:37:40.892000,5362.418888888888,20.0
2023-10-22 19:38:43.445,10943,168,3,100,False,0,car,0 days 00:02:00.841000,0 days 01:37:41.212000,5377.352222222222,20.0
2023-10-22 19:38:43.605,11185,172,4,99,False,0,car,0 days 00:02:01.001000,0 days 01:37:41.372000,5384.996666666667,20.0
2023-10-22 19:38:43.845,11567,180,4,100,False,0,car,0 days 00:02:01.241000,0 days 01:37:41.612000,5396.996666666667,20.0
2023-10-22 19:38:44.045,10867,190,4,100,False,0,car,0 days 00:02:01.441000,0 days 01:37:41.812000,5407.552222222223,20.0
2023-10-22 19:38:44.245,10800,197,5,100,False,0,car,0 days 00:02:01.641000,0 days 01:37:42.012000,5418.496666666667,20.0
2023-10-22 19:38:44.565,11368,206,5,100,False,0,car,0 days 00:02:01.961000,0 days 01:37:42.332000,5436.807777777778,20.0
2023-10-22 19:38:44.805,11050,212,5,100,False,0,car,0 days 00:02:02.201000,0 days 01:37:42.572000,5450.941111111111,20.0
2023-10-22 19:38:45.045,10461,219,6,100,False,0,car,0 days 00:00:00.169000,0 days 01:37:42.812000,10.280833333333334,21.0
2023-10-22 19:38:45.246,10687,224,6,100,False,0,car,0 days 00:00:00.370000,0 days 01:37:43.013000,22.7875,21.0
2023-10-22 19:38:45.485,10993,229,6,100,False,0,car,0 days 00:00:00.609000,0 days 01:37:43.252000,37.99055555555556,21.0
2023-10-22 19:38:45.645,11008,233,6,100,False,0,car,0 days 00:00:00.769000,0 days 01:37:43.412000,48.346111111111114,21.0
2023-10-22 19:38:45.805,11224,235,6,100,False,0,car,0 days 00:00:00.929000,0 days 01:37:43.572000,58.79055555555556,21.0
2023-10-22 19:38:46.045,11431,240,6,100,False,0,car,0 days 00:00:01.169000,0 days 01:37:43.812000,74.79055555555556,21.0
2023-10-22 19:38:46.245,11554,244,6,100,False,0,car,0 days 00:00:01.369000,0 days 01:37:44.012000,88.34611111111111,21.0
2023-10-22 19:38:46.485,10663,247,6,100,False,0,car,0 days 00:00:01.609000,0 days 01:37:44.252000,104.81277777777778,21.0
2023-10-22 19:38:46.725,10473,252,7,100,False,0,car,0 days 00:00:01.849000,0 days 01:37:44.492000,121.61277777777778,21.0
2023-10-22 19:38:47.045,10577,254,7,100,False,0,car,0 days 00:00:02.169000,0 days 01:37:44.812000,144.19055555555556,21.0
2023-10-22 19:38:47.245,10806,260,7,100,False,0,car,0 days 00:00:02.369000,0 days 01:37:45.012000,158.63500000000002,21.0
2023-10-22 19:38:47.565,10979,264,7,100,False,0,car,0 days 00:00:02.689000,0 days 01:37:45.332000,182.1016666666667,21.0
2023-10-22 19:38:47.725,11074,266,7,100,False,0,car,0 days 00:00:02.849000,0 days 01:37:45.492000,193.9238888888889,21.0
2023-10-22 19:38:47.885,11146,267,7,99,False,0,car,0 days 00:00:03.009000,0 days 01:37:45.652000,205.79055555555556,21.0
2023-10-22 19:38:48.125,11274,271,7,100,False,0,car,0 days 00:00:03.249000,0 days 01:37:45.892000,223.85722222222225,21.0
2023-10-22 19:38:48.285,11328,272,7,100,False,0,car,0 days 00:00:03.409000,0 days 01:37:46.052000,235.94611111111112,21.0
2023-10-22 19:38:48.525,11415,273,7,100,False,0,car,0 days 00:00:03.649000,0 days 01:37:46.292000,254.14611111111114,21.0
2023-10-22 19:38:48.805,11421,275,7,99,False,0,car,0 days 00:00:03.929000,0 days 01:37:46.572000,275.535,21.0
2023-10-22 19:38:49.165,11429,275,7,100,False,0,car,0 days 00:00:04.289000,0 days 01:37:46.932000,303.035,21.0
2023-10-22 19:38:49.485,11483,277,7,100,False,0,car,0 days 00:00:04.609000,0 days 01:37:47.252000,327.6572222222223,21.0
2023-10-22 19:38:49.685,11483,277,7,100,False,0,car,0 days 00:00:04.809000,0 days 01:37:47.452000,343.0461111111112,21.0
2023-10-22 19:38:49.845,11504,277,7,100,False,0,car,0 days 00:00:04.969000,0 days 01:37:47.612000,355.35722222222233,21.0
2023-10-22 19:38:50.205,11486,278,7,100,False,0,car,0 days 00:00:05.329000,0 days 01:37:47.972000,383.1572222222223,21.0
2023-10-22 19:38:50.405,11471,278,7,100,False,0,car,0 days 00:00:05.529000,0 days 01:37:48.172000,398.60166666666674,21.0
2023-10-22 19:38:50.765,11493,278,7,100,False,0,car,0 days 00:00:05.889000,0 days 01:37:48.532000,426.40166666666676,21.0
2023-10-22 19:38:51.205,11449,278,7,100,False,0,car,0 days 00:00:06.329000,0 days 01:37:48.972000,460.3794444444445,21.0
2023-10-22 19:38:51.565,11464,277,7,100,False,0,car,0 days 00:00:06.689000,0 days 01:37:49.332000,488.07944444444456,21.0
2023-10-22 19:38:51.886,11357,276,7,0,True,0,car,0 days 00:00:07.010000,0 days 01:37:49.653000,512.6894444444446,21.0
2023-10-22 19:38:52.165,10294,242,7,0,True,0,car,0 days 00:00:07.289000,0 days 01:37:49.932000,531.4444444444446,21.0
2023-10-22 19:38:52.405,10154,232,6,0,True,0,car,0 days 00:00:07.529000,0 days 01:37:50.172000,546.9111111111113,21.0
2023-10-22 19:38:52.765,9717,182,5,0,True,0,car,0 days 00:00:07.889000,0 days 01:37:50.532000,565.1111111111113,21.0
2023-10-22 19:38:53.045,10645,155,4,0,True,0,car,0 days 00:00:08.169000,0 days 01:37:50.812000,577.1666666666669,21.0
2023-10-22 19:38:53.445,9166,130,3,0,True,0,car,0 days 00:00:08.569000,0 days 01:37:51.212000,591.6111111111113,21.0
2023-10-22 19:38:53.885,7300,109,3,0,True,0,car,0 days 00:00:09.009000,0 days 01:37:51.652000,604.9333333333335,21.0
2023-10-22 19:38:54.045,7038,105,3,0,True,0,car,0 days 00:00:09.169000,0 days 01:37:51.812000,609.6000000000001,21.0
2023-10-22 19:38:54.325,6445,93,3,0,True,0,car,0 days 00:00:09.449000,0 days 01:37:52.092000,616.8333333333335,21.0
2023-10-22 19:38:54.525,6003,88,3,0,True,0,car,0 days 00:00:09.649000,0 days 01:37:52.292000,621.7222222222224,21.0
2023-10-22 19:38:54.685,5915,86,3,0,False,0,car,0 days 00:00:09.809000,0 days 01:37:52.452000,625.5444444444446,21.0
2023-10-22 19:38:55.005,5629,82,3,0,False,0,car,0 days 00:00:10.129000,0 days 01:37:52.772000,632.8333333333335,21.0
2023-10-22 19:38:55.325,5253,76,3,1,False,0,car,0 days 00:00:10.449000,0 days 01:37:53.092000,639.5888888888891,21.0
2023-10-22 19:38:55.485,5631,75,3,14,False,0,car,0 days 00:00:10.609000,0 days 01:37:53.252000,642.9222222222224,21.0
2023-10-22 19:38:55.725,5764,77,3,23,False,0,car,0 days 00:00:10.849000,0 days 01:37:53.492000,648.0555555555558,21.0
2023-10-22 19:38:56.165,6409,83,3,37,False,0,car,0 days 00:00:11.289000,0 days 01:37:53.932000,658.2000000000002,21.0
2023-10-22 19:38:56.605,7235,93,3,50,False,0,car,0 days 00:00:11.729000,0 days 01:37:54.372000,669.5666666666668,21.0
2023-10-22 19:38:57.045,8238,110,3,54,False,0,car,0 days 00:00:12.169000,0 days 01:37:54.812000,683.0111111111113,21.0
2023-10-22 19:38:57.325,9433,122,3,67,False,0,car,0 days 00:00:12.449000,0 days 01:37:55.092000,692.5000000000001,21.0
2023-10-22 19:38:57.605,10171,130,3,74,False,0,car,0 days 00:00:12.729000,0 days 01:37:55.372000,702.6111111111112,21.0
2023-10-22 19:38:57.885,11047,144,3,99,False,0,car,0 days 00:00:13.009000,0 days 01:37:55.652000,713.8111111111112,21.0
2023-10-22 19:38:58.125,10172,160,3,100,False,0,car,0 days 00:00:13.249000,0 days 01:37:55.892000,724.4777777777779,21.0
2023-10-22 19:38:58.446,10951,172,4,99,False,0,car,0 days 00:00:13.570000,0 days 01:37:56.213000,739.8144444444446,21.0
2023-10-22 19:38:58.805,10420,184,4,99,False,0,car,0 days 00:00:13.929000,0 days 01:37:56.572000,758.1633333333334,21.0
2023-10-22 19:38:59.005,10777,194,5,99,False,0,car,0 days 00:00:14.129000,0 days 01:37:56.772000,768.9411111111111,21.0
2023-10-22 19:38:59.165,10917,197,5,99,False,0,car,0 days 00:00:14.289000,0 days 01:37:56.932000,777.6966666666667,21.0
2023-10-22 19:38:59.365,11442,208,5,100,False,0,car,0 days 00:00:14.489000,0 days 01:37:57.132000,789.2522222222224,21.0
2023-10-22 19:38:59.685,10377,212,6,99,False,0,car,0 days 00:00:14.809000,0 days 01:37:57.452000,808.0966666666667,21.0
2023-10-22 19:38:59.965,11012,222,6,99,False,0,car,0 days 00:00:15.089000,0 days 01:37:57.732000,825.3633333333335,21.0
2023-10-22 19:39:00.285,10977,229,6,100,False,0,car,0 days 00:00:15.409000,0 days 01:37:58.052000,845.7188888888891,21.0
2023-10-22 19:39:00.565,11289,235,6,100,False,0,car,0 days 00:00:15.689000,0 days 01:37:58.332000,863.9966666666668,21.0
2023-10-22 19:39:00.765,11420,239,6,99,False,0,car,0 days 00:00:15.889000,0 days 01:37:58.532000,877.2744444444445,21.0
2023-10-22 19:39:00.965,11552,242,6,100,False,0,car,0 days 00:00:16.089000,0 days 01:37:58.732000,890.7188888888888,21.0
2023-10-22 19:39:01.405,11760,248,6,100,False,0,car,0 days 00:00:16.529000,0 days 01:37:59.172000,921.0300000000001,21.0
2023-10-22 19:39:01.725,10578,253,7,100,False,0,car,0 days 00:00:16.849000,0 days 01:37:59.492000,943.518888888889,21.0
2023-10-22 19:39:02.005,10715,255,7,100,False,0,car,0 days 00:00:17.129000,0 days 01:37:59.772000,963.3522222222224,21.0
2023-10-22 19:39:02.405,10849,261,7,100,False,0,car,0 days 00:00:17.529000,0 days 01:38:00.172000,992.3522222222223,21.0
2023-10-22 19:39:02.765,11065,265,7,100,False,0,car,0 days 00:00:17.889000,0 days 01:38:00.532000,1018.8522222222223,21.0
2023-10-22 19:39:03.005,11098,267,7,100,False,0,car,0 days 00:00:18.129000,0 days 01:38:00.772000,1036.6522222222225,21.0
2023-10-22 19:39:03.165,11198,270,7,99,False,0,car,0 days 00:00:18.289000,0 days 01:38:00.932000,1048.6522222222225,21.0
2023-10-22 19:39:03.405,11262,272,7,100,False,0,car,0 days 00:00:18.529000,0 days 01:38:01.172000,1066.7855555555557,21.0
2023-10-22 19:39:03.765,11343,273,7,100,False,0,car,0 days 00:00:18.889000,0 days 01:38:01.532000,1094.0855555555556,21.0
2023-10-22 19:39:04.085,11412,274,7,100,False,0,car,0 days 00:00:19.209000,0 days 01:38:01.852000,1118.4411111111112,21.0
2023-10-22 19:39:04.405,11433,275,7,99,False,0,car,0 days 00:00:19.529000,0 days 01:38:02.172000,1142.8855555555558,21.0
2023-10-22 19:39:04.886,11329,274,7,100,False,0,car,0 days 00:00:20.010000,0 days 01:38:02.653000,1179.4950000000003,21.0
2023-10-22 19:39:05.086,11236,274,7,23,False,0,car,0 days 00:00:20.210000,0 days 01:38:02.853000,1194.7172222222225,21.0
2023-10-22 19:39:05.326,11025,271,7,3,True,0,car,0 days 00:00:20.450000,0 days 01:38:03.093000,1212.7838888888891,21.0
2023-10-22 19:39:05.685,10474,260,7,13,False,0,car,0 days 00:00:20.809000,0 days 01:38:03.452000,1238.711666666667,21.0
2023-10-22 19:39:05.845,10585,255,7,44,False,0,car,0 days 00:00:20.969000,0 days 01:38:03.612000,1250.0450000000003,21.0
2023-10-22 19:39:06.085,10408,249,7,78,False,0,car,0 days 00:00:21.209000,0 days 01:38:03.852000,1266.6450000000002,21.0
2023-10-22 19:39:06.245,10278,251,7,91,False,0,car,0 days 00:00:21.369000,0 days 01:38:04.012000,1277.8005555555558,21.0
2023-10-22 19:39:06.445,10037,251,7,0,False,0,car,0 days 00:00:21.569000,0 days 01:38:04.212000,1291.7450000000001,21.0
2023-10-22 19:39:06.645,11245,240,7,0,True,0,car,0 days 00:00:21.769000,0 days 01:38:04.412000,1305.0783333333334,21.0
2023-10-22 19:39:06.925,10686,230,6,1,True,0,car,0 days 00:00:22.049000,0 days 01:38:04.692000,1322.9672222222223,21.0
2023-10-22 19:39:07.125,10495,223,6,23,False,0,car,0 days 00:00:22.249000,0 days 01:38:04.892000,1335.3561111111112,21.0
2023-10-22 19:39:07.405,10421,219,6,53,False,0,car,0 days 00:00:22.529000,0 days 01:38:05.172000,1352.3894444444445,21.0
2023-10-22 19:39:07.645,10481,220,6,62,False,0,car,0 days 00:00:22.769000,0 days 01:38:05.412000,1367.056111111111,21.0
2023-10-22 19:39:07.925,10514,222,6,71,False,0,car,0 days 00:00:23.049000,0 days 01:38:05.692000,1384.3227777777777,21.0
2023-10-22 19:39:08.205,10456,225,6,24,True,0,car,0 days 00:00:23.329000,0 days 01:38:05.972000,1401.8227777777777,21.0
2023-10-22 19:39:08.405,9947,219,6,8,True,0,car,0 days 00:00:23.529000,0 days 01:38:06.172000,1413.9894444444442,21.0
2023-10-22 19:39:08.605,9754,214,6,13,True,0,car,0 days 00:00:23.729000,0 days 01:38:06.372000,1425.878333333333,21.0
2023-10-22 19:39:08.805,9503,211,6,0,True,0,car,0 days 00:00:23.929000,0 days 01:38:06.572000,1437.6005555555553,21.0
2023-10-22 19:39:09.005,9568,204,6,42,False,0,car,0 days 00:00:24.129000,0 days 01:38:06.772000,1448.9338888888888,21.0
2023-10-22 19:39:09.245,9524,202,6,50,False,0,car,0 days 00:00:24.369000,0 days 01:38:07.012000,1462.4005555555552,21.0
2023-10-22 19:39:09.645,9859,205,6,62,False,0,car,0 days 00:00:24.769000,0 days 01:38:07.412000,1485.1783333333328,21.0
2023-10-22 19:39:09.965,9344,202,6,0,False,0,car,0 days 00:00:25.089000,0 days 01:38:07.732000,1503.1338888888884,21.0
2023-10-22 19:39:10.125,9388,197,6,53,False,0,car,0 days 00:00:25.249000,0 days 01:38:07.892000,1511.8894444444438,21.0
2023-10-22 19:39:10.365,9535,200,6,69,False,0,car,0 days 00:00:25.489000,0 days 01:38:08.132000,1525.2227777777773,21.0
2023-10-22 19:39:10.525,9747,202,6,67,False,0,car,0 days 00:00:25.649000,0 days 01:38:08.292000,1534.2005555555552,21.0
2023-10-22 19:39:10.885,9505,202,6,51,False,0,car,0 days 00:00:26.009000,0 days 01:38:08.652000,1554.4005555555552,21.0
2023-10-22 19:39:11.285,9836,201,6,76,False,0,car,0 days 00:00:26.409000,0 days 01:38:09.052000,1576.7338888888885,21.0
2023-10-22 19:39:11.646,9893,208,6,82,False,0,car,0 days 00:00:26.770000,0 days 01:38:09.413000,1597.5916666666662,21.0
2023-10-22 19:39:11.846,10002,211,6,100,False,0,car,0 days 00:00:26.970000,0 days 01:38:09.613000,1609.3138888888884,21.0
2023-10-22 19:39:12.046,10116,215,6,59,False,0,car,0 days 00:00:27.170000,0 days 01:38:09.813000,1621.258333333333,21.0
2023-10-22 19:39:12.205,9833,214,6,3,True,0,car,0 days 00:00:27.329000,0 days 01:38:09.972000,1630.7099999999996,21.0
2023-10-22 19:39:12.365,10261,208,6,2,True,0,car,0 days 00:00:27.489000,0 days 01:38:10.132000,1639.954444444444,21.0
2023-10-22 19:39:12.725,10300,194,5,0,True,0,car,0 days 00:00:27.849000,0 days 01:38:10.492000,1659.354444444444,21.0
2023-10-22 19:39:13.085,9672,184,5,0,True,0,car,0 days 00:00:28.209000,0 days 01:38:10.852000,1677.7544444444438,21.0
2023-10-22 19:39:13.285,9449,181,5,5,False,0,car,0 days 00:00:28.409000,0 days 01:38:11.052000,1687.8099999999993,21.0
2023-10-22 19:39:13.525,9344,174,5,23,False,0,car,0 days 00:00:28.649000,0 days 01:38:11.292000,1699.4099999999994,21.0
2023-10-22 19:39:13.685,9448,171,5,50,False,0,car,0 days 00:00:28.809000,0 days 01:38:11.452000,1707.0099999999993,21.0
2023-10-22 19:39:13.925,9627,175,5,61,False,0,car,0 days 00:00:29.049000,0 days 01:38:11.692000,1718.6766666666658,21.0
2023-10-22 19:39:14.325,9900,181,5,65,False,0,car,0 days 00:00:29.449000,0 days 01:38:12.092000,1738.7877777777771,21.0
2023-10-22 19:39:14.565,10048,184,5,67,False,0,car,0 days 00:00:29.689000,0 days 01:38:12.332000,1751.0544444444438,21.0
2023-10-22 19:39:14.805,10223,187,5,62,False,0,car,0 days 00:00:29.929000,0 days 01:38:12.572000,1763.5211111111105,21.0
2023-10-22 19:39:15.165,10048,180,5,0,True,0,car,0 days 00:00:30.289000,0 days 01:38:12.932000,1781.5211111111107,21.0
2023-10-22 19:39:15.485,9859,167,4,0,True,0,car,0 days 00:00:30.609000,0 days 01:38:13.252000,1796.3655555555551,21.0
2023-10-22 19:39:15.645,9564,158,4,0,True,0,car,0 days 00:00:30.769000,0 days 01:38:13.412000,1803.3877777777773,21.0
2023-10-22 19:39:15.925,9062,150,4,0,True,0,car,0 days 00:00:31.049000,0 days 01:38:13.692000,1815.054444444444,21.0
2023-10-22 19:39:16.245,8651,143,4,0,False,0,car,0 days 00:00:31.369000,0 days 01:38:14.012000,1827.7655555555552,21.0
2023-10-22 19:39:16.445,8468,139,4,0,False,0,car,0 days 00:00:31.569000,0 days 01:38:14.212000,1835.4877777777774,21.0
2023-10-22 19:39:16.605,8296,137,4,0,False,0,car,0 days 00:00:31.729000,0 days 01:38:14.372000,1841.5766666666664,21.0
2023-10-22 19:39:16.845,7981,132,4,0,True,0,car,0 days 00:00:31.969000,0 days 01:38:14.612000,1850.3766666666666,21.0
2023-10-22 19:39:17.005,8199,130,4,30,False,0,car,0 days 00:00:32.129000,0 days 01:38:14.772000,1856.1544444444442,21.0
2023-10-22 19:39:17.205,8184,127,4,42,False,0,car,0 days 00:00:32.329000,0 days 01:38:14.972000,1863.2099999999998,21.0
2023-10-22 19:39:17.525,8418,134,4,43,False,0,car,0 days 00:00:32.649000,0 days 01:38:15.292000,1875.1211111111108,21.0
2023-10-22 19:39:17.885,8790,135,4,50,False,0,car,0 days 00:00:33.009000,0 days 01:38:15.652000,1888.6211111111108,21.0
2023-10-22 19:39:18.126,8851,139,4,69,False,0,car,0 days 00:00:33.250000,0 days 01:38:15.893000,1897.9263888888886,21.0
2023-10-22 19:39:18.446,9848,151,4,75,False,0,car,0 days 00:00:33.570000,0 days 01:38:16.213000,1911.3486111111108,21.0
2023-10-22 19:39:18.646,10059,154,4,53,False,0,car,0 days 00:00:33.770000,0 days 01:38:16.413000,1919.9041666666665,21.0
2023-10-22 19:39:19.085,10327,159,4,50,False,0,car,0 days 00:00:34.209000,0 days 01:38:16.852000,1939.293333333333,21.0
2023-10-22 19:39:19.245,10510,160,4,53,False,0,car,0 days 00:00:34.369000,0 days 01:38:17.012000,1946.404444444444,21.0
2023-10-22 19:39:19.525,10623,165,4,72,False,0,car,0 days 00:00:34.649000,0 days 01:38:17.292000,1959.2377777777774,21.0
2023-10-22 19:39:19.885,11301,171,4,99,False,0,car,0 days 00:00:35.009000,0 days 01:38:17.652000,1976.3377777777773,21.0
2023-10-22 19:39:20.125,11571,185,4,100,False,0,car,0 days 00:00:35.249000,0 days 01:38:17.892000,1988.6711111111108,21.0
2023-10-22 19:39:20.325,11571,185,4,100,False,0,car,0 days 00:00:35.449000,0 days 01:38:18.092000,1998.9488888888884,21.0
2023-10-22 19:39:20.485,10871,191,5,100,False,0,car,0 days 00:00:35.609000,0 days 01:38:18.252000,2007.4377777777775,21.0
2023-10-22 19:39:20.885,10655,196,5,100,False,0,car,0 days 00:00:36.009000,0 days 01:38:18.652000,2029.215555555555,21.0
2023-10-22 19:39:21.125,11646,212,5,100,False,0,car,0 days 00:00:36.249000,0 days 01:38:18.892000,2043.3488888888885,21.0
2023-10-22 19:39:21.325,10675,219,5,100,False,0,car,0 days 00:00:36.449000,0 days 01:38:19.092000,2055.515555555555,21.0
2023-10-22 19:39:21.605,10751,225,6,100,False,0,car,0 days 00:00:36.729000,0 days 01:38:19.372000,2073.015555555555,21.0
2023-10-22 19:39:21.885,11127,233,6,99,False,0,car,0 days 00:00:37.009000,0 days 01:38:19.652000,2091.137777777777,21.0
2023-10-22 19:39:22.165,11346,239,6,99,False,0,car,0 days 00:00:37.289000,0 days 01:38:19.932000,2109.726666666666,21.0
2023-10-22 19:39:22.445,11813,244,6,100,False,0,car,0 days 00:00:37.569000,0 days 01:38:20.212000,2128.7044444444437,21.0
2023-10-22 19:39:22.765,10341,250,6,100,False,0,car,0 days 00:00:37.889000,0 days 01:38:20.532000,2150.926666666666,21.0
2023-10-22 19:39:23.005,10699,253,7,99,False,0,car,0 days 00:00:38.129000,0 days 01:38:20.772000,2167.793333333332,21.0
2023-10-22 19:39:23.405,10903,260,7,100,False,0,car,0 days 00:00:38.529000,0 days 01:38:21.172000,2196.6822222222213,21.0
2023-10-22 19:39:23.685,11018,263,7,100,False,0,car,0 days 00:00:38.809000,0 days 01:38:21.452000,2217.1377777777766,21.0
2023-10-22 19:39:23.885,11107,267,7,99,False,0,car,0 days 00:00:39.009000,0 days 01:38:21.652000,2231.97111111111,21.0
2023-10-22 19:39:24.165,11304,271,7,100,False,0,car,0 days 00:00:39.289000,0 days 01:38:21.932000,2253.048888888888,21.0
2023-10-22 19:39:24.365,11346,274,7,99,False,0,car,0 days 00:00:39.489000,0 days 01:38:22.132000,2268.27111111111,21.0
2023-10-22 19:39:24.566,11441,276,7,100,False,0,car,0 days 00:00:39.690000,0 days 01:38:22.333000,2283.6811111111097,21.0
2023-10-22 19:39:24.846,11518,279,7,100,False,0,car,0 days 00:00:39.970000,0 days 01:38:22.613000,2305.38111111111,21.0
2023-10-22 19:39:25.006,10538,280,7,100,False,0,car,0 days 00:00:40.130000,0 days 01:38:22.773000,2317.8255555555547,21.0
2023-10-22 19:39:25.246,10413,282,8,100,False,0,car,0 days 00:00:40.370000,0 days 01:38:23.013000,2336.6255555555545,21.0
2023-10-22 19:39:25.406,10485,283,8,99,False,0,car,0 days 00:00:40.530000,0 days 01:38:23.173000,2349.2033333333325,21.0
2023-10-22 19:39:25.566,10489,284,8,100,False,0,car,0 days 00:00:40.690000,0 days 01:38:23.333000,2361.8255555555543,21.0
2023-10-22 19:39:25.845,10542,287,8,99,False,0,car,0 days 00:00:40.969000,0 days 01:38:23.612000,2384.0680555555546,21.0
2023-10-22 19:39:26.325,10037,244,8,0,True,0,car,0 days 00:00:41.449000,0 days 01:38:24.092000,2416.601388888888,21.0
2023-10-22 19:39:26.685,9947,211,7,0,True,0,car,0 days 00:00:41.809000,0 days 01:38:24.452000,2437.701388888888,21.0
2023-10-22 19:39:26.885,10160,193,6,0,True,0,car,0 days 00:00:42.009000,0 days 01:38:24.652000,2448.42361111111,21.0
2023-10-22 19:39:27.205,9103,166,5,0,True,0,car,0 days 00:00:42.329000,0 days 01:38:24.972000,2463.1791666666654,21.0
2023-10-22 19:39:27.485,9862,139,4,0,True,0,car,0 days 00:00:42.609000,0 days 01:38:25.252000,2473.9902777777766,21.0
2023-10-22 19:39:27.725,8811,122,3,0,True,0,car,0 days 00:00:42.849000,0 days 01:38:25.492000,2482.1236111111098,21.0
2023-10-22 19:39:27.885,8081,116,3,0,True,0,car,0 days 00:00:43.009000,0 days 01:38:25.652000,2487.2791666666653,21.0
2023-10-22 19:39:28.085,7388,105,3,0,True,0,car,0 days 00:00:43.209000,0 days 01:38:25.852000,2493.112499999999,21.0
2023-10-22 19:39:28.365,6386,93,3,0,True,0,car,0 days 00:00:43.489000,0 days 01:38:26.132000,2500.345833333332,21.0
2023-10-22 19:39:28.645,5920,89,3,0,True,0,car,0 days 00:00:43.769000,0 days 01:38:26.412000,2507.2680555555544,21.0
2023-10-22 19:39:28.805,5640,82,3,0,True,0,car,0 days 00:00:43.929000,0 days 01:38:26.572000,2510.912499999999,21.0
2023-10-22 19:39:29.005,5405,78,3,0,True,0,car,0 days 00:00:44.129000,0 days 01:38:26.772000,2515.245833333332,21.0
2023-10-22 19:39:29.245,4971,71,3,0,True,0,car,0 days 00:00:44.369000,0 days 01:38:27.012000,2519.9791666666656,21.0
2023-10-22 19:39:29.605,4892,68,3,0,False,0,car,0 days 00:00:44.729000,0 days 01:38:27.372000,2526.779166666666,21.0
2023-10-22 19:39:29.805,5050,68,3,16,False,0,car,0 days 00:00:44.929000,0 days 01:38:27.572000,2530.5569444444436,21.0
2023-10-22 19:39:29.965,5151,68,3,17,False,0,car,0 days 00:00:45.089000,0 days 01:38:27.732000,2533.579166666666,21.0
2023-10-22 19:39:30.205,5373,70,3,24,False,0,car,0 days 00:00:45.329000,0 days 01:38:27.972000,2538.2458333333325,21.0
2023-10-22 19:39:30.365,5507,71,3,28,False,0,car,0 days 00:00:45.489000,0 days 01:38:28.132000,2541.401388888888,21.0
2023-10-22 19:39:30.685,5886,79,3,32,False,0,car,0 days 00:00:45.809000,0 days 01:38:28.452000,2548.4236111111104,21.0
2023-10-22 19:39:30.965,6683,85,3,39,False,0,car,0 days 00:00:46.089000,0 days 01:38:28.732000,2555.0347222222217,21.0
2023-10-22 19:39:31.366,8066,98,3,58,False,0,car,0 days 00:00:46.490000,0 days 01:38:29.133000,2565.950833333333,21.0
2023-10-22 19:39:31.606,8946,105,3,56,False,0,car,0 days 00:00:46.730000,0 days 01:38:29.373000,2572.950833333333,21.0
2023-10-22 19:39:31.886,7530,113,4,55,False,0,car,0 days 00:00:47.010000,0 days 01:38:29.653000,2581.7397222222216,21.0
2023-10-22 19:39:32.126,7980,119,4,71,False,0,car,0 days 00:00:47.250000,0 days 01:38:29.893000,2589.673055555555,21.0
2023-10-22 19:39:32.286,8397,127,4,71,False,0,car,0 days 00:00:47.410000,0 days 01:38:30.053000,2595.317499999999,21.0
2023-10-22 19:39:32.525,9183,139,4,89,False,0,car,0 days 00:00:47.649000,0 days 01:38:30.292000,2604.545555555555,21.0
2023-10-22 19:39:32.845,9549,148,4,100,False,0,car,0 days 00:00:47.969000,0 days 01:38:30.612000,2617.7011111111105,21.0
2023-10-22 19:39:33.085,10389,161,4,100,False,0,car,0 days 00:00:48.209000,0 days 01:38:30.852000,2628.434444444444,21.0
2023-10-22 19:39:33.445,11013,179,4,100,False,8,car,0 days 00:00:48.569000,0 days 01:38:31.212000,2646.334444444444,21.0
2023-10-22 19:39:33.645,10266,187,4,100,False,8,car,0 days 00:00:48.769000,0 days 01:38:31.412000,2656.723333333333,21.0
2023-10-22 19:39:33.805,10641,191,5,100,False,8,car,0 days 00:00:48.929000,0 days 01:38:31.572000,2665.212222222222,21.0
2023-10-22 19:39:33.965,10804,198,5,100,False,8,car,0 days 00:00:49.089000,0 days 01:38:31.732000,2674.0122222222217,21.0
2023-10-22 19:39:34.205,11172,205,5,100,False,8,car,0 days 00:00:49.329000,0 days 01:38:31.972000,2687.6788888888887,21.0
2023-10-22 19:39:34.405,11160,211,5,100,False,8,car,0 days 00:00:49.529000,0 days 01:38:32.172000,2699.401111111111,21.0
2023-10-22 19:39:34.645,10486,220,5,100,False,8,car,0 days 00:00:49.769000,0 days 01:38:32.412000,2714.0677777777773,21.0
2023-10-22 19:39:34.885,10768,222,6,100,False,8,car,0 days 00:00:50.009000,0 days 01:38:32.652000,2728.8677777777775,21.0
2023-10-22 19:39:35.285,11144,232,6,100,False,8,car,0 days 00:00:50.409000,0 days 01:38:33.052000,2754.6455555555553,21.0
2023-10-22 19:39:35.445,11339,239,6,100,False,8,car,0 days 00:00:50.569000,0 days 01:38:33.212000,2765.2677777777776,21.0
2023-10-22 19:39:35.685,11643,243,6,100,False,8,car,0 days 00:00:50.809000,0 days 01:38:33.452000,2781.4677777777774,21.0
2023-10-22 19:39:35.885,11669,245,6,100,False,8,car,0 days 00:00:51.009000,0 days 01:38:33.652000,2795.0788888888887,21.0
2023-10-22 19:39:36.085,10829,248,6,100,False,8,car,0 days 00:00:51.209000,0 days 01:38:33.852000,2808.8566666666666,21.0
2023-10-22 19:39:36.285,10629,254,7,100,False,8,car,0 days 00:00:51.409000,0 days 01:38:34.052000,2822.9677777777774,21.0
2023-10-22 19:39:36.445,10703,258,7,100,False,14,car,0 days 00:00:51.569000,0 days 01:38:34.212000,2834.4344444444446,21.0
2023-10-22 19:39:36.645,10869,261,7,100,False,14,car,0 days 00:00:51.769000,0 days 01:38:34.412000,2848.934444444444,21.0
2023-10-22 19:39:36.965,11033,266,7,100,False,12,car,0 days 00:00:52.089000,0 days 01:38:34.732000,2872.5788888888887,21.0
2023-10-22 19:39:37.165,11255,267,7,100,False,12,car,0 days 00:00:52.289000,0 days 01:38:34.932000,2887.412222222222,21.0
2023-10-22 19:39:37.405,11412,273,7,100,False,12,car,0 days 00:00:52.529000,0 days 01:38:35.172000,2905.6122222222225,21.0
2023-10-22 19:39:37.806,10545,279,7,100,False,12,car,0 days 00:00:52.930000,0 days 01:38:35.573000,2936.6897222222224,21.0
2023-10-22 19:39:37.966,10404,282,8,100,False,12,car,0 days 00:00:53.090000,0 days 01:38:35.733000,2949.223055555556,21.0
2023-10-22 19:39:38.166,10544,284,8,100,False,12,car,0 days 00:00:53.290000,0 days 01:38:35.933000,2965.0008333333335,21.0
2023-10-22 19:39:38.446,10683,289,8,100,False,12,car,0 days 00:00:53.570000,0 days 01:38:36.213000,2987.478611111111,21.0
2023-10-22 19:39:38.726,10660,291,8,100,False,12,car,0 days 00:00:53.850000,0 days 01:38:36.493000,3010.1119444444444,21.0
2023-10-22 19:39:38.886,10879,293,8,100,False,12,car,0 days 00:00:54.010000,0 days 01:38:36.653000,3023.1341666666663,21.0
2023-10-22 19:39:39.245,10994,298,8,100,False,12,car,0 days 00:00:54.369000,0 days 01:38:37.012000,3052.851388888889,21.0
2023-10-22 19:39:39.485,11087,300,8,100,False,12,car,0 days 00:00:54.609000,0 days 01:38:37.252000,3072.851388888889,21.0
2023-10-22 19:39:39.725,11249,304,8,100,False,12,car,0 days 00:00:54.849000,0 days 01:38:37.492000,3093.118055555555,21.0
2023-10-22 19:39:40.045,11460,307,8,100,False,12,car,0 days 00:00:55.169000,0 days 01:38:37.812000,3120.406944444444,21.0
2023-10-22 19:39:40.245,11320,309,8,100,False,12,car,0 days 00:00:55.369000,0 days 01:38:38.012000,3137.573611111111,21.0
2023-10-22 19:39:40.485,11451,310,8,100,False,12,car,0 days 00:00:55.609000,0 days 01:38:38.252000,3158.240277777778,21.0
2023-10-22 19:39:40.645,11452,312,8,100,False,12,car,0 days 00:00:55.769000,0 days 01:38:38.412000,3172.1069444444443,21.0
2023-10-22 19:39:40.805,11454,312,8,100,False,12,car,0 days 00:00:55.929000,0 days 01:38:38.572000,3185.973611111111,21.0
2023-10-22 19:39:41.325,11581,315,8,100,False,12,car,0 days 00:00:56.449000,0 days 01:38:39.092000,3231.4736111111106,21.0
2023-10-22 19:39:41.525,11946,315,8,100,False,12,car,0 days 00:00:56.649000,0 days 01:38:39.292000,3248.973611111111,21.0
2023-10-22 19:39:41.885,11575,315,8,100,False,12,car,0 days 00:00:57.009000,0 days 01:38:39.652000,3280.473611111111,21.0
2023-10-22 19:39:42.165,11639,316,8,100,False,12,car,0 days 00:00:57.289000,0 days 01:38:39.932000,3305.051388888889,21.0
2023-10-22 19:39:42.365,11640,316,8,100,False,12,car,0 days 00:00:57.489000,0 days 01:38:40.132000,3322.6069444444443,21.0
2023-10-22 19:39:42.525,11641,317,8,100,False,12,car,0 days 00:00:57.649000,0 days 01:38:40.292000,3336.6958333333337,21.0
2023-10-22 19:39:42.765,11652,317,8,100,False,12,car,0 days 00:00:57.889000,0 days 01:38:40.532000,3357.8291666666673,21.0
2023-10-22 19:39:43.165,11629,317,8,100,False,12,car,0 days 00:00:58.289000,0 days 01:38:40.932000,3393.0513888888895,21.0
2023-10-22 19:39:43.445,11753,318,8,100,False,12,car,0 days 00:00:58.569000,0 days 01:38:41.212000,3417.784722222223,21.0
2023-10-22 19:39:43.725,11667,319,8,100,False,12,car,0 days 00:00:58.849000,0 days 01:38:41.492000,3442.5958333333338,21.0
2023-10-22 19:39:43.885,11755,319,8,100,False,12,car,0 days 00:00:59.009000,0 days 01:38:41.652000,3456.7736111111117,21.0
2023-10-22 19:39:44.085,11734,319,8,100,False,12,car,0 days 00:00:59.209000,0 days 01:38:41.852000,3474.4958333333343,21.0
2023-10-22 19:39:44.326,11761,320,8,100,False,12,car,0 days 00:00:59.450000,0 days 01:38:42.093000,3495.9180555555563,21.0
2023-10-22 19:39:44.566,11762,320,8,100,False,12,car,0 days 00:00:59.690000,0 days 01:38:42.333000,3517.2513888888893,21.0
2023-10-22 19:39:44.886,11745,320,8,100,False,12,car,0 days 00:01:00.010000,0 days 01:38:42.653000,3545.6958333333337,21.0
2023-10-22 19:39:45.166,11781,321,8,92,False,12,car,0 days 00:01:00.290000,0 days 01:38:42.933000,3570.6625000000004,21.0
2023-10-22 19:39:45.366,11168,307,8,0,True,0,car,0 days 00:01:00.490000,0 days 01:38:43.133000,3587.718055555556,21.0
2023-10-22 19:39:45.766,10563,259,8,0,True,0,car,0 days 00:01:00.890000,0 days 01:38:43.533000,3616.495833333334,21.0
2023-10-22 19:39:46.125,10178,211,7,0,True,0,car,0 days 00:01:01.249000,0 days 01:38:43.892000,3637.5372222222227,21.0
2023-10-22 19:39:46.365,10048,189,6,0,True,0,car,0 days 00:01:01.489000,0 days 01:38:44.132000,3650.1372222222226,21.0
2023-10-22 19:39:46.605,9747,168,5,0,True,0,car,0 days 00:01:01.729000,0 days 01:38:44.372000,3661.337222222223,21.0
2023-10-22 19:39:46.765,10341,159,4,0,True,0,car,0 days 00:01:01.889000,0 days 01:38:44.532000,3668.4038888888895,21.0
2023-10-22 19:39:46.925,10084,147,4,0,True,0,car,0 days 00:01:02.049000,0 days 01:38:44.692000,3674.9372222222228,21.0
2023-10-22 19:39:47.125,9195,132,3,0,True,0,car,0 days 00:01:02.249000,0 days 01:38:44.892000,3682.2705555555563,21.0
2023-10-22 19:39:47.405,8336,121,3,0,True,0,car,0 days 00:01:02.529000,0 days 01:38:45.172000,3691.6816666666673,21.0
2023-10-22 19:39:47.845,7177,103,3,0,True,0,car,0 days 00:01:02.969000,0 days 01:38:45.612000,3704.2705555555563,21.0
2023-10-22 19:39:48.005,6846,103,3,0,True,0,car,0 days 00:01:03.129000,0 days 01:38:45.772000,3708.848333333334,21.0
2023-10-22 19:39:48.205,6498,96,3,0,True,0,car,0 days 00:01:03.329000,0 days 01:38:45.972000,3714.1816666666673,21.0
2023-10-22 19:39:48.445,6357,90,3,0,True,0,car,0 days 00:01:03.569000,0 days 01:38:46.212000,3720.1816666666673,21.0
2023-10-22 19:39:48.805,6292,88,3,8,False,0,car,0 days 00:01:03.929000,0 days 01:38:46.572000,3728.9816666666675,21.0
2023-10-22 19:39:49.005,6275,83,3,21,False,0,car,0 days 00:01:04.129000,0 days 01:38:46.772000,3733.592777777779,21.0
2023-10-22 19:39:49.285,6506,85,3,36,False,0,car,0 days 00:01:04.409000,0 days 01:38:47.052000,3740.20388888889,21.0
2023-10-22 19:39:49.485,6824,90,3,41,False,0,car,0 days 00:01:04.609000,0 days 01:38:47.252000,3745.2038888888897,21.0
2023-10-22 19:39:49.685,7226,94,3,46,False,0,car,0 days 00:01:04.809000,0 days 01:38:47.452000,3750.426111111112,21.0
2023-10-22 19:39:50.125,8018,110,3,57,False,0,car,0 days 00:01:05.249000,0 days 01:38:47.892000,3763.870555555556,21.0
2023-10-22 19:39:50.325,8884,117,3,69,False,0,car,0 days 00:01:05.449000,0 days 01:38:48.092000,3770.370555555556,21.0
2023-10-22 19:39:50.685,10476,132,3,100,False,0,car,0 days 00:01:05.809000,0 days 01:38:48.452000,3783.570555555556,21.0
2023-10-22 19:39:50.926,11065,147,3,100,False,0,car,0 days 00:01:06.050000,0 days 01:38:48.693000,3793.411388888889,21.0
2023-10-22 19:39:51.286,10329,156,4,100,False,0,car,0 days 00:01:06.410000,0 days 01:38:49.053000,3809.011388888889,21.0
2023-10-22 19:39:51.446,10764,170,4,100,False,0,car,0 days 00:01:06.570000,0 days 01:38:49.213000,3816.5669444444443,21.0
2023-10-22 19:39:51.646,11267,178,4,100,False,0,car,0 days 00:01:06.770000,0 days 01:38:49.413000,3826.4558333333334,21.0
2023-10-22 19:39:51.926,11150,186,4,100,False,0,car,0 days 00:01:07.050000,0 days 01:38:49.693000,3840.9225,21.0
2023-10-22 19:39:52.086,10448,189,4,100,False,0,car,0 days 00:01:07.210000,0 days 01:38:49.853000,3849.3224999999998,21.0
2023-10-22 19:39:52.326,10085,195,5,12,False,0,car,0 days 00:01:07.450000,0 days 01:38:50.093000,3862.3225,21.0
2023-10-22 19:39:52.765,10281,170,5,0,True,0,car,0 days 00:01:07.889000,0 days 01:38:50.532000,3883.0530555555556,21.0
2023-10-22 19:39:53.165,9920,144,3,0,True,0,car,0 days 00:01:08.289000,0 days 01:38:50.932000,3899.053055555556,21.0
2023-10-22 19:39:53.325,9368,138,3,0,True,0,car,0 days 00:01:08.449000,0 days 01:38:51.092000,3905.1863888888893,21.0
2023-10-22 19:39:53.525,8948,129,3,0,True,0,car,0 days 00:01:08.649000,0 days 01:38:51.292000,3912.3530555555562,21.0
2023-10-22 19:39:53.765,8204,118,3,0,True,0,car,0 days 00:01:08.889000,0 days 01:38:51.532000,3920.2197222222226,21.0
2023-10-22 19:39:53.925,7927,112,3,0,True,0,car,0 days 00:01:09.049000,0 days 01:38:51.692000,3925.1975000000007,21.0
2023-10-22 19:39:54.205,7494,107,3,0,True,0,car,0 days 00:01:09.329000,0 days 01:38:51.972000,3933.5197222222223,21.0
2023-10-22 19:39:54.405,7523,105,3,0,False,0,car,0 days 00:01:09.529000,0 days 01:38:52.172000,3939.353055555556,21.0
2023-10-22 19:39:54.565,7144,101,3,0,False,0,car,0 days 00:01:09.689000,0 days 01:38:52.332000,3943.8419444444444,21.0
2023-10-22 19:39:54.845,6883,98,3,0,False,0,car,0 days 00:01:09.969000,0 days 01:38:52.612000,3951.4641666666666,21.0
2023-10-22 19:39:55.165,6952,93,3,13,False,0,car,0 days 00:01:10.289000,0 days 01:38:52.932000,3959.7308333333335,21.0
2023-10-22 19:39:55.525,7159,94,3,32,False,0,car,0 days 00:01:10.649000,0 days 01:38:53.292000,3969.1308333333336,21.0
2023-10-22 19:39:55.725,7376,97,3,38,False,0,car,0 days 00:01:10.849000,0 days 01:38:53.492000,3974.5197222222228,21.0
2023-10-22 19:39:56.005,7799,99,3,40,False,0,car,0 days 00:01:11.129000,0 days 01:38:53.772000,3982.2197222222226,21.0
2023-10-22 19:39:56.205,7990,105,3,44,False,0,car,0 days 00:01:11.329000,0 days 01:38:53.972000,3988.0530555555556,21.0
2023-10-22 19:39:56.365,8189,109,3,46,False,0,car,0 days 00:01:11.489000,0 days 01:38:54.132000,3992.8975000000005,21.0
2023-10-22 19:39:56.605,8706,113,3,51,False,0,car,0 days 00:01:11.729000,0 days 01:38:54.372000,4000.430833333334,21.0
2023-10-22 19:39:56.765,8916,118,3,51,False,0,car,0 days 00:01:11.889000,0 days 01:38:54.532000,4005.6752777777783,21.0
2023-10-22 19:39:57.045,9790,127,3,69,False,0,car,0 days 00:01:12.169000,0 days 01:38:54.812000,4015.553055555556,21.0
2023-10-22 19:39:57.285,10420,135,3,81,False,0,car,0 days 00:01:12.409000,0 days 01:38:55.052000,4024.5530555555565,21.0
2023-10-22 19:39:57.446,10788,143,3,96,False,0,car,0 days 00:01:12.570000,0 days 01:38:55.213000,4030.9483333333337,21.0
2023-10-22 19:39:57.806,11213,155,3,99,False,0,car,0 days 00:01:12.930000,0 days 01:38:55.573000,4046.448333333334,21.0
2023-10-22 19:39:58.166,10566,167,4,99,False,0,car,0 days 00:01:13.290000,0 days 01:38:55.933000,4063.148333333334,21.0
2023-10-22 19:39:58.446,11119,176,4,100,False,0,car,0 days 00:01:13.570000,0 days 01:38:56.213000,4076.8372222222224,21.0
2023-10-22 19:39:58.646,10797,182,4,99,False,0,car,0 days 00:01:13.770000,0 days 01:38:56.413000,4086.9483333333337,21.0
2023-10-22 19:39:58.926,10331,189,5,100,False,0,car,0 days 00:01:14.050000,0 days 01:38:56.693000,4101.6483333333335,21.0
2023-10-22 19:39:59.086,10563,192,5,0,True,0,car,0 days 00:01:14.210000,0 days 01:38:56.853000,4110.181666666666,21.0
2023-10-22 19:39:59.405,9634,181,5,0,True,0,car,0 days 00:01:14.529000,0 days 01:38:57.172000,4126.2202777777775,21.0
2023-10-22 19:39:59.645,9726,164,5,0,True,0,car,0 days 00:01:14.769000,0 days 01:38:57.412000,4137.153611111111,21.0
2023-10-22 19:39:59.805,9446,158,4,0,True,0,car,0 days 00:01:14.929000,0 days 01:38:57.572000,4144.175833333333,21.0
2023-10-22 19:40:00.165,9823,140,4,0,True,0,car,0 days 00:01:15.289000,0 days 01:38:57.932000,4158.175833333333,21.0
2023-10-22 19:40:00.525,8847,126,3,0,True,0,car,0 days 00:01:15.649000,0 days 01:38:58.292000,4170.775833333333,21.0
2023-10-22 19:40:00.725,8309,119,3,0,True,0,car,0 days 00:01:15.849000,0 days 01:38:58.492000,4177.386944444444,21.0
2023-10-22 19:40:00.885,8169,116,3,0,True,0,car,0 days 00:01:16.009000,0 days 01:38:58.652000,4182.5425,21.0
2023-10-22 19:40:01.045,7693,113,3,0,True,0,car,0 days 00:01:16.169000,0 days 01:38:58.812000,4187.5647222222215,21.0
2023-10-22 19:40:01.285,7150,104,3,0,True,0,car,0 days 00:01:16.409000,0 days 01:38:59.052000,4194.498055555555,21.0
2023-10-22 19:40:01.445,6894,99,3,0,True,0,car,0 days 00:01:16.569000,0 days 01:38:59.212000,4198.8980555555545,21.0
2023-10-22 19:40:01.605,6614,98,3,0,True,0,car,0 days 00:01:16.729000,0 days 01:38:59.372000,4203.25361111111,21.0
2023-10-22 19:40:01.925,6192,89,3,0,True,0,car,0 days 00:01:17.049000,0 days 01:38:59.692000,4211.164722222222,21.0
2023-10-22 19:40:02.085,5884,87,3,0,True,0,car,0 days 00:01:17.209000,0 days 01:38:59.852000,4215.031388888889,21.0
2023-10-22 19:40:02.245,5878,86,3,0,True,0,car,0 days 00:01:17.369000,0 days 01:39:00.012000,4218.853611111111,21.0
2023-10-22 19:40:02.525,5573,80,3,0,False,0,car,0 days 00:01:17.649000,0 days 01:39:00.292000,4225.075833333333,21.0
2023-10-22 19:40:02.725,5580,77,3,9,False,0,car,0 days 00:01:17.849000,0 days 01:39:00.492000,4229.353611111112,21.0
2023-10-22 19:40:02.885,5809,78,3,14,False,0,car,0 days 00:01:18.009000,0 days 01:39:00.652000,4232.820277777778,21.0
2023-10-22 19:40:03.045,5922,80,3,26,False,0,car,0 days 00:01:18.169000,0 days 01:39:00.812000,4236.3758333333335,21.0
2023-10-22 19:40:03.285,6393,81,3,38,False,0,car,0 days 00:01:18.409000,0 days 01:39:01.052000,4241.775833333334,21.0
2023-10-22 19:40:03.445,6537,87,3,42,False,0,car,0 days 00:01:18.569000,0 days 01:39:01.212000,4245.642500000001,21.0
2023-10-22 19:40:03.765,7238,95,3,47,False,0,car,0 days 00:01:18.889000,0 days 01:39:01.532000,4254.086944444445,21.0
2023-10-22 19:40:04.206,8310,101,3,58,False,0,car,0 days 00:01:19.330000,0 days 01:39:01.973000,4266.459444444446,21.0
2023-10-22 19:40:04.446,8882,118,3,65,False,0,car,0 days 00:01:19.570000,0 days 01:39:02.213000,4274.326111111112,21.0
2023-10-22 19:40:04.646,9199,125,3,70,False,0,car,0 days 00:01:19.770000,0 days 01:39:02.413000,4281.270555555557,21.0
2023-10-22 19:40:04.846,9905,135,3,78,False,0,car,0 days 00:01:19.970000,0 days 01:39:02.613000,4288.770555555557,21.0
2023-10-22 19:40:05.046,11066,145,3,97,False,0,car,0 days 00:01:20.170000,0 days 01:39:02.813000,4296.826111111112,21.0
2023-10-22 19:40:05.206,11198,145,3,100,False,0,car,0 days 00:01:20.330000,0 days 01:39:02.973000,4303.270555555557,21.0
2023-10-22 19:40:05.646,10296,167,3,100,False,0,car,0 days 00:01:20.770000,0 days 01:39:03.413000,4323.681666666667,21.0
2023-10-22 19:40:05.926,11307,182,4,100,False,0,car,0 days 00:01:21.050000,0 days 01:39:03.693000,4337.837222222223,21.0
2023-10-22 19:40:06.245,10576,193,4,100,False,0,car,0 days 00:01:21.369000,0 days 01:39:04.012000,4354.939166666668,21.0
2023-10-22 19:40:06.405,10906,196,5,100,False,0,car,0 days 00:01:21.529000,0 days 01:39:04.172000,4363.650277777779,21.0
2023-10-22 19:40:06.685,11124,202,5,99,False,0,car,0 days 00:01:21.809000,0 days 01:39:04.452000,4379.361388888889,21.0
2023-10-22 19:40:06.925,11593,212,5,100,False,0,car,0 days 00:01:22.049000,0 days 01:39:04.692000,4393.494722222224,21.0
2023-10-22 19:40:07.165,11187,212,5,100,False,0,car,0 days 00:01:22.289000,0 days 01:39:04.932000,4407.628055555557,21.0
2023-10-22 19:40:07.405,10508,212,6,100,False,0,car,0 days 00:01:22.529000,0 days 01:39:05.172000,4421.76138888889,21.0
2023-10-22 19:40:07.725,10756,227,6,100,False,0,car,0 days 00:01:22.849000,0 days 01:39:05.492000,4441.939166666668,21.0
2023-10-22 19:40:07.925,10825,228,6,74,False,0,car,0 days 00:01:23.049000,0 days 01:39:05.692000,4454.605833333335,21.0
2023-10-22 19:40:08.165,10826,230,6,60,False,0,car,0 days 00:01:23.289000,0 days 01:39:05.932000,4469.939166666668,21.0
2023-10-22 19:40:08.565,10824,228,6,68,False,0,car,0 days 00:01:23.689000,0 days 01:39:06.332000,4495.272500000001,21.0
2023-10-22 19:40:08.725,10969,230,6,85,False,0,car,0 days 00:01:23.849000,0 days 01:39:06.492000,4505.494722222224,21.0
2023-10-22 19:40:08.885,11116,232,6,80,False,0,car,0 days 00:01:24.009000,0 days 01:39:06.652000,4515.805833333335,21.0
2023-10-22 19:40:09.045,11056,234,6,78,False,0,car,0 days 00:01:24.169000,0 days 01:39:06.812000,4526.205833333334,21.0
2023-10-22 19:40:09.285,11051,233,6,72,False,0,car,0 days 00:01:24.409000,0 days 01:39:07.052000,4541.739166666668,21.0
2023-10-22 19:40:09.725,11235,236,6,83,False,0,car,0 days 00:01:24.849000,0 days 01:39:07.492000,4570.583611111112,21.0
2023-10-22 19:40:10.205,11629,242,6,100,False,0,car,0 days 00:01:25.329000,0 days 01:39:07.972000,4602.8502777777785,21.0
2023-10-22 19:40:10.565,11700,246,6,100,False,0,car,0 days 00:01:25.689000,0 days 01:39:08.332000,4627.450277777779,21.0
2023-10-22 19:40:10.806,10425,248,6,100,False,0,car,0 days 00:01:25.930000,0 days 01:39:08.573000,4644.052500000002,21.0
2023-10-22 19:40:11.086,10563,251,7,100,False,0,car,0 days 00:01:26.210000,0 days 01:39:08.853000,4663.574722222223,21.0
2023-10-22 19:40:11.366,10612,254,7,100,False,0,car,0 days 00:01:26.490000,0 days 01:39:09.133000,4683.330277777778,21.0
2023-10-22 19:40:11.646,10618,256,7,99,False,0,car,0 days 00:01:26.770000,0 days 01:39:09.413000,4703.24138888889,21.0
2023-10-22 19:40:11.926,10700,255,7,100,False,0,car,0 days 00:01:27.050000,0 days 01:39:09.693000,4723.074722222223,21.0
2023-10-22 19:40:12.126,10790,257,7,100,False,0,car,0 days 00:01:27.250000,0 days 01:39:09.893000,4737.352500000001,21.0
2023-10-22 19:40:12.406,10780,259,7,99,False,0,car,0 days 00:01:27.530000,0 days 01:39:10.173000,4757.496944444445,21.0
2023-10-22 19:40:12.566,10821,260,7,99,False,0,car,0 days 00:01:27.690000,0 days 01:39:10.333000,4769.052500000001,21.0
2023-10-22 19:40:12.765,10876,261,7,100,False,0,car,0 days 00:01:27.889000,0 days 01:39:10.532000,4783.4800000000005,21.0
2023-10-22 19:40:13.045,10880,261,7,100,False,0,car,0 days 00:01:28.169000,0 days 01:39:10.812000,4803.780000000001,21.0
2023-10-22 19:40:13.285,10902,263,7,99,False,0,car,0 days 00:01:28.409000,0 days 01:39:11.052000,4821.313333333334,21.0
2023-10-22 19:40:13.485,10954,264,7,99,False,0,car,0 days 00:01:28.609000,0 days 01:39:11.252000,4835.9800000000005,21.0
2023-10-22 19:40:13.725,11006,265,7,100,False,0,car,0 days 00:01:28.849000,0 days 01:39:11.492000,4853.646666666667,21.0
2023-10-22 19:40:13.885,11037,265,7,98,False,0,car,0 days 00:01:29.009000,0 days 01:39:11.652000,4865.424444444445,21.0
2023-10-22 19:40:14.085,11233,263,7,0,True,0,car,0 days 00:01:29.209000,0 days 01:39:11.852000,4880.035555555556,21.0
2023-10-22 19:40:14.445,10392,252,7,0,True,0,car,0 days 00:01:29.569000,0 days 01:39:12.212000,4905.235555555556,21.0
2023-10-22 19:40:14.605,10849,228,7,0,True,0,car,0 days 00:01:29.729000,0 days 01:39:12.372000,4915.368888888889,21.0
2023-10-22 19:40:14.805,9766,215,6,0,True,0,car,0 days 00:01:29.929000,0 days 01:39:12.572000,4927.3133333333335,21.0
2023-10-22 19:40:14.965,10256,204,6,0,True,0,car,0 days 00:01:30.089000,0 days 01:39:12.732000,4936.38,21.0
2023-10-22 19:40:15.205,10185,194,5,0,True,0,car,0 days 00:01:30.329000,0 days 01:39:12.972000,4949.3133333333335,21.0
2023-10-22 19:40:15.445,9803,186,5,0,True,0,car,0 days 00:01:30.569000,0 days 01:39:13.212000,4961.713333333334,21.0
2023-10-22 19:40:15.605,9793,186,5,14,False,0,car,0 days 00:01:30.729000,0 days 01:39:13.372000,4969.9800000000005,21.0
2023-10-22 19:40:15.805,9793,180,5,14,False,0,car,0 days 00:01:30.929000,0 days 01:39:13.572000,4979.9800000000005,21.0
2023-10-22 19:40:15.965,9826,179,5,14,False,0,car,0 days 00:01:31.089000,0 days 01:39:13.732000,4987.935555555556,21.0
2023-10-22 19:40:16.325,10063,181,5,72,False,0,car,0 days 00:01:31.449000,0 days 01:39:14.092000,5006.035555555556,21.0
2023-10-22 19:40:16.485,10361,185,5,100,False,0,car,0 days 00:01:31.609000,0 days 01:39:14.252000,5014.257777777778,21.0
2023-10-22 19:40:16.725,10793,193,5,100,False,0,car,0 days 00:01:31.849000,0 days 01:39:14.492000,5027.124444444445,21.0
2023-10-22 19:40:16.885,10953,197,5,100,False,0,car,0 days 00:01:32.009000,0 days 01:39:14.652000,5035.88,21.0
2023-10-22 19:40:17.125,11241,207,5,100,False,0,car,0 days 00:01:32.249000,0 days 01:39:14.892000,5049.679999999999,21.0
2023-10-22 19:40:17.366,11681,211,5,100,False,0,car,0 days 00:01:32.490000,0 days 01:39:15.133000,5063.8052777777775,21.0
2023-10-22 19:40:17.566,11681,215,5,100,False,0,car,0 days 00:01:32.690000,0 days 01:39:15.333000,5075.749722222222,21.0
2023-10-22 19:40:17.926,10743,223,6,100,False,0,car,0 days 00:01:33.050000,0 days 01:39:15.693000,5098.049722222222,21.0
2023-10-22 19:40:18.126,10923,223,6,100,False,0,car,0 days 00:01:33.250000,0 days 01:39:15.893000,5110.438611111111,21.0
2023-10-22 19:40:18.326,10798,234,6,100,False,0,car,0 days 00:01:33.450000,0 days 01:39:16.093000,5123.438611111111,21.0
2023-10-22 19:40:18.526,11142,236,6,100,False,0,car,0 days 00:01:33.650000,0 days 01:39:16.293000,5136.549722222222,21.0
2023-10-22 19:40:18.726,11276,239,6,100,False,0,car,0 days 00:01:33.850000,0 days 01:39:16.493000,5149.827499999999,21.0
2023-10-22 19:40:19.126,10767,226,6,0,True,0,car,0 days 00:01:34.250000,0 days 01:39:16.893000,5174.938611111111,21.0
2023-10-22 19:40:19.525,10127,183,5,0,True,0,car,0 days 00:01:34.649000,0 days 01:39:17.292000,5195.221111111111,21.0
2023-10-22 19:40:19.685,10044,183,5,0,True,0,car,0 days 00:01:34.809000,0 days 01:39:17.452000,5203.354444444444,21.0
2023-10-22 19:40:19.845,10604,160,5,0,True,0,car,0 days 00:01:34.969000,0 days 01:39:17.612000,5210.4655555555555,21.0
2023-10-22 19:40:20.165,9766,138,4,0,True,0,car,0 days 00:01:35.289000,0 days 01:39:17.932000,5222.732222222223,21.0
2023-10-22 19:40:20.365,8913,128,3,0,True,0,car,0 days 00:01:35.489000,0 days 01:39:18.132000,5229.843333333334,21.0
2023-10-22 19:40:20.605,8059,123,3,0,True,0,car,0 days 00:01:35.729000,0 days 01:39:18.372000,5238.043333333334,21.0
2023-10-22 19:40:20.885,7353,107,3,0,True,0,car,0 days 00:01:36.009000,0 days 01:39:18.652000,5246.365555555556,21.0
2023-10-22 19:40:21.085,6993,101,3,0,True,0,car,0 days 00:01:36.209000,0 days 01:39:18.852000,5251.976666666667,21.0
2023-10-22 19:40:21.325,6710,95,3,0,True,0,car,0 days 00:01:36.449000,0 days 01:39:19.092000,5258.31,21.0
2023-10-22 19:40:21.525,6417,93,3,0,False,0,car,0 days 00:01:36.649000,0 days 01:39:19.292000,5263.476666666667,21.0
2023-10-22 19:40:21.845,6731,88,3,16,False,0,car,0 days 00:01:36.969000,0 days 01:39:19.612000,5271.298888888889,21.0
2023-10-22 19:40:22.165,6789,90,3,34,False,0,car,0 days 00:01:37.289000,0 days 01:39:19.932000,5279.298888888889,21.0
2023-10-22 19:40:22.365,6864,93,3,36,False,0,car,0 days 00:01:37.489000,0 days 01:39:20.132000,5284.465555555556,21.0
2023-10-22 19:40:22.525,7437,96,3,42,False,0,car,0 days 00:01:37.649000,0 days 01:39:20.292000,5288.732222222223,21.0
2023-10-22 19:40:22.845,7771,101,3,48,False,0,car,0 days 00:01:37.969000,0 days 01:39:20.612000,5297.71,21.0
2023-10-22 19:40:23.205,8757,112,3,60,False,0,car,0 days 00:01:38.329000,0 days 01:39:20.972000,5308.91,21.0
2023-10-22 19:40:23.365,8974,118,3,61,False,0,car,0 days 00:01:38.489000,0 days 01:39:21.132000,5314.154444444444,21.0
2023-10-22 19:40:23.605,9825,125,3,74,False,0,car,0 days 00:01:38.729000,0 days 01:39:21.372000,5322.487777777777,21.0
2023-10-22 19:40:23.806,9825,134,3,74,False,0,car,0 days 00:01:38.930000,0 days 01:39:21.573000,5329.969444444444,21.0
2023-10-22 19:40:24.086,10984,149,3,100,False,0,car,0 days 00:01:39.210000,0 days 01:39:21.853000,5341.5583333333325,21.0
2023-10-22 19:40:24.326,10376,162,3,100,False,0,car,0 days 00:01:39.450000,0 days 01:39:22.093000,5352.358333333333,21.0
2023-10-22 19:40:24.686,11308,175,4,100,False,0,car,0 days 00:01:39.810000,0 days 01:39:22.453000,5369.858333333333,21.0
2023-10-22 19:40:24.926,11182,186,4,100,False,0,car,0 days 00:01:40.050000,0 days 01:39:22.693000,5382.258333333332,21.0
2023-10-22 19:40:25.166,10578,189,5,100,False,0,car,0 days 00:01:40.290000,0 days 01:39:22.933000,5394.858333333333,21.0
2023-10-22 19:40:25.446,11078,203,5,100,False,0,car,0 days 00:01:40.570000,0 days 01:39:23.213000,5410.647222222221,21.0
2023-10-22 19:40:25.606,11078,203,5,100,False,0,car,0 days 00:01:40.730000,0 days 01:39:23.373000,5419.669444444444,21.0
2023-10-22 19:40:25.926,10342,217,5,100,False,0,car,0 days 00:00:00.063000,0 days 01:39:23.693000,3.7975,22.0
2023-10-22 19:40:26.205,10795,219,6,100,False,0,car,0 days 00:00:00.342000,0 days 01:39:23.972000,20.77,22.0
2023-10-22 19:40:26.405,10774,224,6,100,False,0,car,0 days 00:00:00.542000,0 days 01:39:24.172000,33.214444444444446,22.0
2023-10-22 19:40:26.605,11054,231,6,100,False,0,car,0 days 00:00:00.742000,0 days 01:39:24.372000,46.04777777777778,22.0
2023-10-22 19:40:26.925,11403,240,6,100,False,0,car,0 days 00:00:01.062000,0 days 01:39:24.692000,67.38111111111112,22.0
2023-10-22 19:40:27.085,11512,242,6,100,False,0,car,0 days 00:00:01.222000,0 days 01:39:24.852000,78.13666666666667,22.0
2023-10-22 19:40:27.285,11534,246,6,100,False,0,car,0 days 00:00:01.422000,0 days 01:39:25.052000,91.80333333333333,22.0
2023-10-22 19:40:27.525,10436,248,6,100,False,0,car,0 days 00:00:01.662000,0 days 01:39:25.292000,108.33666666666666,22.0
2023-10-22 19:40:27.765,10541,252,6,100,False,0,car,0 days 00:00:01.902000,0 days 01:39:25.532000,125.13666666666666,22.0
2023-10-22 19:40:27.965,10682,255,7,100,False,0,car,0 days 00:00:02.102000,0 days 01:39:25.732000,139.3033333333333,22.0
2023-10-22 19:40:28.125,10823,260,7,100,False,0,car,0 days 00:00:02.262000,0 days 01:39:25.892000,150.85888888888888,22.0
2023-10-22 19:40:28.405,11010,263,7,100,False,0,car,0 days 00:00:02.542000,0 days 01:39:26.172000,171.31444444444443,22.0
2023-10-22 19:40:28.605,11090,266,7,100,False,0,car,0 days 00:00:02.742000,0 days 01:39:26.372000,186.09222222222223,22.0
2023-10-22 19:40:28.845,11227,269,7,100,False,0,car,0 days 00:00:02.982000,0 days 01:39:26.612000,204.02555555555557,22.0
2023-10-22 19:40:29.165,11345,272,7,100,False,0,car,0 days 00:00:03.302000,0 days 01:39:26.932000,228.20333333333335,22.0
2023-10-22 19:40:29.525,11363,276,7,100,False,0,car,0 days 00:00:03.662000,0 days 01:39:27.292000,255.80333333333334,22.0
2023-10-22 19:40:29.725,11462,278,7,100,False,0,car,0 days 00:00:03.862000,0 days 01:39:27.492000,271.2477777777778,22.0
2023-10-22 19:40:29.965,10362,279,7,100,False,0,car,0 days 00:00:04.102000,0 days 01:39:27.732000,289.8477777777778,22.0
2023-10-22 19:40:30.125,10416,281,8,100,False,0,car,0 days 00:00:04.262000,0 days 01:39:27.892000,302.33666666666664,22.0
2023-10-22 19:40:30.326,10410,282,8,100,False,0,car,0 days 00:00:04.463000,0 days 01:39:28.093000,318.0816666666667,22.0
2023-10-22 19:40:30.526,10451,283,8,100,False,0,car,0 days 00:00:04.663000,0 days 01:39:28.293000,333.80388888888893,22.0
2023-10-22 19:40:30.806,10503,284,8,100,False,0,car,0 days 00:00:04.943000,0 days 01:39:28.573000,355.8927777777778,22.0
2023-10-22 19:40:31.086,10510,286,8,100,False,0,car,0 days 00:00:05.223000,0 days 01:39:28.853000,378.13722222222225,22.0
2023-10-22 19:40:31.446,10640,287,8,100,False,0,car,0 days 00:00:05.583000,0 days 01:39:29.213000,406.8372222222223,22.0
2023-10-22 19:40:31.606,10596,288,8,99,False,0,car,0 days 00:00:05.743000,0 days 01:39:29.373000,419.6372222222223,22.0
2023-10-22 19:40:31.846,10648,289,8,99,False,0,car,0 days 00:00:05.983000,0 days 01:39:29.613000,438.9038888888889,22.0
2023-10-22 19:40:32.006,10611,289,8,100,False,0,car,0 days 00:00:06.143000,0 days 01:39:29.773000,451.74833333333333,22.0
2023-10-22 19:40:32.246,10611,290,8,100,False,0,car,0 days 00:00:06.383000,0 days 01:39:30.013000,471.0816666666667,22.0
2023-10-22 19:40:32.446,10858,288,8,100,False,0,car,0 days 00:00:06.583000,0 days 01:39:30.213000,487.0816666666667,22.0
2023-10-22 19:40:32.846,10198,271,8,0,False,0,car,0 days 00:00:06.983000,0 days 01:39:30.613000,517.1927777777778,22.0
2023-10-22 19:40:33.045,9891,243,8,0,True,0,car,0 days 00:00:07.182000,0 days 01:39:30.812000,530.6252777777778,22.0
2023-10-22 19:40:33.485,9845,196,8,0,True,0,car,0 days 00:00:07.622000,0 days 01:39:31.252000,554.5808333333333,22.0
2023-10-22 19:40:33.685,9005,176,7,0,True,0,car,0 days 00:00:07.822000,0 days 01:39:31.452000,564.3586111111111,22.0
2023-10-22 19:40:34.085,9567,141,4,0,True,0,car,0 days 00:00:08.222000,0 days 01:39:31.852000,580.0252777777778,22.0
2023-10-22 19:40:34.245,9118,130,4,0,True,0,car,0 days 00:00:08.382000,0 days 01:39:32.012000,585.8030555555556,22.0
2023-10-22 19:40:34.565,7975,113,3,0,True,0,car,0 days 00:00:08.702000,0 days 01:39:32.332000,595.8475000000001,22.0
2023-10-22 19:40:34.885,6939,104,3,0,True,0,car,0 days 00:00:09.022000,0 days 01:39:32.652000,605.0919444444445,22.0
2023-10-22 19:40:35.165,6485,92,3,0,True,0,car,0 days 00:00:09.302000,0 days 01:39:32.932000,612.2475000000001,22.0
2023-10-22 19:40:35.565,5959,85,3,0,False,0,car,0 days 00:00:09.702000,0 days 01:39:33.332000,621.6919444444445,22.0
2023-10-22 19:40:35.885,5717,84,3,0,False,0,car,0 days 00:00:10.022000,0 days 01:39:33.652000,629.1586111111112,22.0
2023-10-22 19:40:36.045,5717,80,3,0,False,0,car,0 days 00:00:10.182000,0 days 01:39:33.812000,632.7141666666668,22.0
2023-10-22 19:40:36.325,5396,76,3,0,False,0,car,0 days 00:00:10.462000,0 days 01:39:34.092000,638.6252777777779,22.0
2023-10-22 19:40:36.565,6027,76,3,17,False,0,car,0 days 00:00:10.702000,0 days 01:39:34.332000,643.6919444444446,22.0
2023-10-22 19:40:36.845,5781,80,3,32,False,0,car,0 days 00:00:10.982000,0 days 01:39:34.612000,649.9141666666668,22.0
2023-10-22 19:40:37.246,6654,89,3,40,False,0,car,0 days 00:00:11.383000,0 days 01:39:35.013000,659.8277777777779,22.0
2023-10-22 19:40:37.446,7126,94,3,42,False,0,car,0 days 00:00:11.583000,0 days 01:39:35.213000,665.0500000000002,22.0
2023-10-22 19:40:37.606,7612,94,3,45,False,0,car,0 days 00:00:11.743000,0 days 01:39:35.373000,669.227777777778,22.0
2023-10-22 19:40:38.006,8415,104,3,54,False,0,car,0 days 00:00:12.143000,0 days 01:39:35.773000,680.7833333333335,22.0
2023-10-22 19:40:38.286,8670,114,3,57,False,0,car,0 days 00:00:12.423000,0 days 01:39:36.053000,689.6500000000002,22.0
2023-10-22 19:40:38.566,9851,129,3,63,False,0,car,0 days 00:00:12.703000,0 days 01:39:36.333000,699.6833333333335,22.0
2023-10-22 19:40:38.886,11031,142,3,99,False,0,car,0 days 00:00:13.023000,0 days 01:39:36.653000,712.3055555555558,22.0
2023-10-22 19:40:39.246,10751,157,3,100,False,0,car,0 days 00:00:13.383000,0 days 01:39:37.013000,728.0055555555557,22.0
2023-10-22 19:40:39.486,11040,171,4,99,False,0,car,0 days 00:00:13.623000,0 days 01:39:37.253000,739.4055555555557,22.0
2023-10-22 19:40:39.725,11382,180,4,100,False,0,car,0 days 00:00:13.862000,0 days 01:39:37.492000,751.3555555555557,22.0
2023-10-22 19:40:39.925,10549,192,4,99,False,0,car,0 days 00:00:14.062000,0 days 01:39:37.692000,762.0222222222224,22.0
2023-10-22 19:40:40.085,10549,197,5,99,False,0,car,0 days 00:00:14.222000,0 days 01:39:37.852000,770.7777777777779,22.0
2023-10-22 19:40:40.325,11138,206,5,100,False,0,car,0 days 00:00:14.462000,0 days 01:39:38.092000,784.5111111111113,22.0
2023-10-22 19:40:40.645,11177,206,5,100,False,0,car,0 days 00:00:14.782000,0 days 01:39:38.412000,802.8222222222224,22.0
2023-10-22 19:40:41.365,11024,232,6,99,False,0,car,0 days 00:00:15.502000,0 days 01:39:39.132000,849.2222222222225,22.0
2023-10-22 19:40:41.605,11244,235,6,100,False,0,car,0 days 00:00:15.742000,0 days 01:39:39.372000,864.8888888888891,22.0
2023-10-22 19:40:41.805,11496,239,6,100,False,0,car,0 days 00:00:15.942000,0 days 01:39:39.572000,878.1666666666669,22.0
2023-10-22 19:40:42.045,11485,243,6,100,False,0,car,0 days 00:00:16.182000,0 days 01:39:39.812000,894.3666666666668,22.0
2023-10-22 19:40:42.365,10995,247,6,100,False,0,car,0 days 00:00:16.502000,0 days 01:39:40.132000,916.3222222222223,22.0
2023-10-22 19:40:42.805,10597,252,7,100,False,0,car,0 days 00:00:16.942000,0 days 01:39:40.572000,947.1222222222224,22.0
2023-10-22 19:40:43.045,10628,256,7,100,False,0,car,0 days 00:00:17.182000,0 days 01:39:40.812000,964.188888888889,22.0
2023-10-22 19:40:43.445,10873,261,7,100,False,0,car,0 days 00:00:17.582000,0 days 01:39:41.212000,993.1888888888891,22.0
2023-10-22 19:40:43.646,10958,263,7,100,False,0,car,0 days 00:00:17.783000,0 days 01:39:41.413000,1007.8730555555558,22.0
2023-10-22 19:40:43.886,11030,265,7,100,False,0,car,0 days 00:00:18.023000,0 days 01:39:41.653000,1025.5397222222223,22.0
2023-10-22 19:40:44.246,11087,267,7,100,False,0,car,0 days 00:00:18.383000,0 days 01:39:42.013000,1052.2397222222223,22.0
2023-10-22 19:40:44.486,11193,269,7,100,False,0,car,0 days 00:00:18.623000,0 days 01:39:42.253000,1070.1730555555557,22.0
2023-10-22 19:40:44.686,11213,270,7,100,False,0,car,0 days 00:00:18.823000,0 days 01:39:42.453000,1085.1730555555557,22.0
2023-10-22 19:40:44.926,11207,270,7,100,False,0,car,0 days 00:00:19.063000,0 days 01:39:42.693000,1103.1730555555555,22.0
2023-10-22 19:40:45.246,11287,271,7,99,False,0,car,0 days 00:00:19.383000,0 days 01:39:43.013000,1127.2619444444445,22.0
2023-10-22 19:40:45.526,11412,269,7,99,False,0,car,0 days 00:00:19.663000,0 days 01:39:43.293000,1148.1841666666667,22.0
2023-10-22 19:40:45.766,11143,271,7,100,False,0,car,0 days 00:00:19.903000,0 days 01:39:43.533000,1166.2508333333333,22.0
2023-10-22 19:40:45.966,11271,271,7,100,False,0,car,0 days 00:00:20.103000,0 days 01:39:43.733000,1181.306388888889,22.0
2023-10-22 19:40:46.326,10823,266,7,5,True,0,car,0 days 00:00:20.463000,0 days 01:39:44.093000,1207.9063888888888,22.0
2023-10-22 19:40:46.565,10510,258,7,10,True,0,car,0 days 00:00:20.702000,0 days 01:39:44.332000,1225.0347222222222,22.0
2023-10-22 19:40:46.925,10234,250,7,53,False,0,car,0 days 00:00:21.062000,0 days 01:39:44.692000,1250.0347222222222,22.0
2023-10-22 19:40:47.165,10248,246,7,53,False,0,car,0 days 00:00:21.302000,0 days 01:39:44.932000,1266.434722222222,22.0
2023-10-22 19:40:47.325,10264,247,7,83,False,0,car,0 days 00:00:21.462000,0 days 01:39:45.092000,1277.4125,22.0
2023-10-22 19:40:47.605,10269,242,7,0,True,0,car,0 days 00:00:21.742000,0 days 01:39:45.372000,1296.2347222222222,22.0
2023-10-22 19:40:47.805,10561,234,6,0,True,0,car,0 days 00:00:21.942000,0 days 01:39:45.572000,1309.2347222222222,22.0
2023-10-22 19:40:47.965,10347,228,6,8,False,0,car,0 days 00:00:22.102000,0 days 01:39:45.732000,1319.3680555555557,22.0
2023-10-22 19:40:48.325,10354,217,6,36,False,0,car,0 days 00:00:22.462000,0 days 01:39:46.092000,1341.0680555555557,22.0
2023-10-22 19:40:48.485,10471,217,6,64,False,0,car,0 days 00:00:22.622000,0 days 01:39:46.252000,1350.7125,22.0
2023-10-22 19:40:48.765,10380,219,6,74,False,0,car,0 days 00:00:22.902000,0 days 01:39:46.532000,1367.7458333333334,22.0
2023-10-22 19:40:49.205,10531,228,6,56,False,0,car,0 days 00:00:23.342000,0 days 01:39:46.972000,1395.6125,22.0
2023-10-22 19:40:49.525,10357,227,6,32,False,0,car,0 days 00:00:23.662000,0 days 01:39:47.292000,1415.7902777777776,22.0
2023-10-22 19:40:49.725,10429,223,6,15,True,0,car,0 days 00:00:23.862000,0 days 01:39:47.492000,1428.1791666666666,22.0
2023-10-22 19:40:50.005,10332,216,6,30,False,0,car,0 days 00:00:24.142000,0 days 01:39:47.772000,1444.9791666666665,22.0
2023-10-22 19:40:50.366,10211,214,6,55,False,0,car,0 days 00:00:24.503000,0 days 01:39:48.133000,1466.438611111111,22.0
2023-10-22 19:40:50.646,9799,212,6,40,False,0,car,0 days 00:00:24.783000,0 days 01:39:48.413000,1482.9275,22.0
2023-10-22 19:40:50.926,9357,202,6,0,True,0,car,0 days 00:00:25.063000,0 days 01:39:48.693000,1498.638611111111,22.0
2023-10-22 19:40:51.206,9154,199,6,16,False,0,car,0 days 00:00:25.343000,0 days 01:39:48.973000,1514.1163888888889,22.0
2023-10-22 19:40:51.366,9225,195,6,29,False,0,car,0 days 00:00:25.503000,0 days 01:39:49.133000,1522.7830555555556,22.0
2023-10-22 19:40:51.726,9246,194,6,47,False,0,car,0 days 00:00:25.863000,0 days 01:39:49.493000,1542.1830555555555,22.0
2023-10-22 19:40:51.886,9383,194,6,55,False,0,car,0 days 00:00:26.023000,0 days 01:39:49.653000,1550.8052777777777,22.0
2023-10-22 19:40:52.086,9416,195,6,69,False,0,car,0 days 00:00:26.223000,0 days 01:39:49.853000,1561.638611111111,22.0
2023-10-22 19:40:52.286,9556,196,6,69,False,0,car,0 days 00:00:26.423000,0 days 01:39:50.053000,1572.5275,22.0
2023-10-22 19:40:52.526,9808,202,6,87,False,0,car,0 days 00:00:26.663000,0 days 01:39:50.293000,1585.9941666666666,22.0
2023-10-22 19:40:52.726,9785,205,6,100,False,0,car,0 days 00:00:26.863000,0 days 01:39:50.493000,1597.3830555555555,22.0
2023-10-22 19:40:53.006,9933,209,6,100,False,0,car,0 days 00:00:27.143000,0 days 01:39:50.773000,1613.6386111111112,22.0
2023-10-22 19:40:53.245,8723,212,6,10,True,0,car,0 days 00:00:27.382000,0 days 01:39:51.012000,1627.7130555555557,22.0
2023-10-22 19:40:53.445,9983,201,6,1,True,0,car,0 days 00:00:27.582000,0 days 01:39:51.212000,1638.8797222222222,22.0
2023-10-22 19:40:53.765,10022,190,5,3,True,0,car,0 days 00:00:27.902000,0 days 01:39:51.532000,1655.768611111111,22.0
2023-10-22 19:40:53.925,9743,184,5,3,True,0,car,0 days 00:00:28.062000,0 days 01:39:51.692000,1663.9463888888888,22.0
2023-10-22 19:40:54.205,9436,178,5,16,True,0,car,0 days 00:00:28.342000,0 days 01:39:51.972000,1677.7908333333332,22.0
2023-10-22 19:40:54.405,9476,174,5,25,False,0,car,0 days 00:00:28.542000,0 days 01:39:52.172000,1687.4575,22.0
2023-10-22 19:40:54.565,9446,171,5,31,False,0,car,0 days 00:00:28.702000,0 days 01:39:52.332000,1695.0575,22.0
2023-10-22 19:40:54.765,9424,174,5,48,False,0,car,0 days 00:00:28.902000,0 days 01:39:52.532000,1704.7241666666666,22.0
2023-10-22 19:40:55.085,9899,176,5,74,False,0,car,0 days 00:00:29.222000,0 days 01:39:52.852000,1720.368611111111,22.0
2023-10-22 19:40:55.925,10585,194,5,69,True,0,car,0 days 00:00:30.062000,0 days 01:39:53.692000,1765.6352777777777,22.0
2023-10-22 19:40:56.325,10353,171,5,0,True,0,car,0 days 00:00:30.462000,0 days 01:39:54.092000,1784.6352777777777,22.0
2023-10-22 19:40:56.565,9786,162,4,0,True,0,car,0 days 00:00:30.702000,0 days 01:39:54.332000,1795.4352777777779,22.0
2023-10-22 19:40:56.886,9404,153,4,7,False,0,car,0 days 00:00:31.023000,0 days 01:39:54.653000,1809.0777777777778,22.0
2023-10-22 19:40:57.126,9055,148,4,0,False,0,car,0 days 00:00:31.263000,0 days 01:39:54.893000,1818.9444444444446,22.0
2023-10-22 19:40:57.326,8872,145,4,5,False,0,car,0 days 00:00:31.463000,0 days 01:39:55.093000,1827.0,22.0
2023-10-22 19:40:57.566,8892,142,4,12,False,0,car,0 days 00:00:31.703000,0 days 01:39:55.333000,1836.4666666666667,22.0
2023-10-22 19:40:58.006,7927,131,4,0,True,0,car,0 days 00:00:32.143000,0 days 01:39:55.773000,1852.4777777777779,22.0
2023-10-22 19:40:58.166,7899,128,4,10,False,0,car,0 days 00:00:32.303000,0 days 01:39:55.933000,1858.1666666666667,22.0
2023-10-22 19:40:58.446,8206,124,4,34,False,0,car,0 days 00:00:32.583000,0 days 01:39:56.213000,1867.8111111111111,22.0
2023-10-22 19:40:58.646,8122,126,4,41,False,0,car,0 days 00:00:32.783000,0 days 01:39:56.413000,1874.8111111111111,22.0
2023-10-22 19:40:59.006,8559,130,4,59,False,0,car,0 days 00:00:33.143000,0 days 01:39:56.773000,1887.8111111111111,22.0
2023-10-22 19:40:59.286,8699,137,4,78,False,0,car,0 days 00:00:33.423000,0 days 01:39:57.053000,1898.4666666666667,22.0
2023-10-22 19:40:59.686,9696,151,4,57,False,0,car,0 days 00:00:33.823000,0 days 01:39:57.453000,1915.2444444444445,22.0
2023-10-22 19:40:59.885,9642,154,4,53,False,0,car,0 days 00:00:34.022000,0 days 01:39:57.652000,1923.7572222222223,22.0
2023-10-22 19:41:00.205,9922,156,4,52,False,0,car,0 days 00:00:34.342000,0 days 01:39:57.972000,1937.623888888889,22.0
2023-10-22 19:41:00.445,10986,159,4,57,False,0,car,0 days 00:00:34.582000,0 days 01:39:58.212000,1948.2238888888892,22.0
2023-10-22 19:41:00.725,10842,167,4,74,False,0,car,0 days 00:00:34.862000,0 days 01:39:58.492000,1961.2127777777782,22.0
2023-10-22 19:41:00.885,11062,167,4,87,False,0,car,0 days 00:00:35.022000,0 days 01:39:58.652000,1968.6350000000002,22.0
2023-10-22 19:41:01.045,11062,175,4,87,False,0,car,0 days 00:00:35.182000,0 days 01:39:58.812000,1976.4127777777783,22.0
2023-10-22 19:41:01.325,11541,182,4,100,False,0,car,0 days 00:00:35.462000,0 days 01:39:59.092000,1990.5683333333338,22.0
2023-10-22 19:41:01.485,10421,182,4,99,False,0,car,0 days 00:00:35.622000,0 days 01:39:59.252000,1998.6572222222226,22.0
2023-10-22 19:41:01.965,11267,201,5,100,False,0,car,0 days 00:00:36.102000,0 days 01:39:59.732000,2025.4572222222223,22.0
2023-10-22 19:41:02.325,11357,211,5,100,False,0,car,0 days 00:00:36.462000,0 days 01:40:00.092000,2046.5572222222227,22.0
2023-10-22 19:41:02.805,10529,226,6,100,False,0,car,0 days 00:00:36.942000,0 days 01:40:00.572000,2076.690555555556,22.0
2023-10-22 19:41:03.165,11163,234,6,100,False,0,car,0 days 00:00:37.302000,0 days 01:40:00.932000,2100.090555555556,22.0
2023-10-22 19:41:03.446,11668,241,6,100,False,0,car,0 days 00:00:37.583000,0 days 01:40:01.213000,2118.901944444445,22.0
2023-10-22 19:41:03.646,11752,244,6,100,False,0,car,0 days 00:00:37.783000,0 days 01:40:01.413000,2132.4575000000004,22.0
2023-10-22 19:41:04.006,10706,246,7,99,False,0,car,0 days 00:00:38.143000,0 days 01:40:01.773000,2157.0575000000003,22.0
2023-10-22 19:41:04.166,10579,251,7,99,False,0,car,0 days 00:00:38.303000,0 days 01:40:01.933000,2168.2130555555555,22.0
2023-10-22 19:41:04.526,10667,257,7,100,False,0,car,0 days 00:00:38.663000,0 days 01:40:02.293000,2193.9130555555553,22.0
2023-10-22 19:41:04.686,10918,257,7,100,False,0,car,0 days 00:00:38.823000,0 days 01:40:02.453000,2205.3352777777777,22.0
2023-10-22 19:41:05.046,11062,267,7,100,False,0,car,0 days 00:00:39.183000,0 days 01:40:02.813000,2232.0352777777775,22.0
2023-10-22 19:41:05.326,11252,271,7,99,False,0,car,0 days 00:00:39.463000,0 days 01:40:03.093000,2253.1130555555555,22.0
2023-10-22 19:41:05.566,11455,274,7,99,False,0,car,0 days 00:00:39.703000,0 days 01:40:03.333000,2271.3797222222224,22.0
2023-10-22 19:41:05.766,11455,276,7,100,False,0,car,0 days 00:00:39.903000,0 days 01:40:03.533000,2286.7130555555555,22.0
2023-10-22 19:41:05.966,11582,279,7,100,False,0,car,0 days 00:00:40.103000,0 days 01:40:03.733000,2302.2130555555555,22.0
2023-10-22 19:41:06.126,11681,281,7,100,False,0,car,0 days 00:00:40.263000,0 days 01:40:03.893000,2314.701944444444,22.0
2023-10-22 19:41:06.406,11761,283,7,100,False,0,car,0 days 00:00:40.543000,0 days 01:40:04.173000,2336.7130555555555,22.0
2023-10-22 19:41:06.605,11835,285,7,100,False,0,car,0 days 00:00:40.742000,0 days 01:40:04.372000,2352.467222222222,22.0
2023-10-22 19:41:06.885,11814,285,7,100,False,0,car,0 days 00:00:41.022000,0 days 01:40:04.652000,2374.633888888889,22.0
2023-10-22 19:41:07.045,11394,284,7,100,True,0,car,0 days 00:00:41.182000,0 days 01:40:04.812000,2387.2561111111117,22.0
2023-10-22 19:41:07.445,10762,237,7,0,True,0,car,0 days 00:00:41.582000,0 days 01:40:05.212000,2413.589444444445,22.0
2023-10-22 19:41:07.605,10902,226,6,0,True,0,car,0 days 00:00:41.742000,0 days 01:40:05.372000,2423.633888888889,22.0
2023-10-22 19:41:07.765,11040,206,6,0,True,0,car,0 days 00:00:41.902000,0 days 01:40:05.532000,2432.7894444444446,22.0
2023-10-22 19:41:08.005,10060,182,5,0,True,0,car,0 days 00:00:42.142000,0 days 01:40:05.772000,2444.922777777778,22.0
2023-10-22 19:41:08.285,9868,162,4,0,True,0,car,0 days 00:00:42.422000,0 days 01:40:06.052000,2457.5227777777777,22.0
2023-10-22 19:41:08.805,9231,126,3,0,True,0,car,0 days 00:00:42.942000,0 days 01:40:06.572000,2475.722777777778,22.0
2023-10-22 19:41:09.125,7802,110,3,0,True,0,car,0 days 00:00:43.262000,0 days 01:40:06.892000,2485.500555555556,22.0
2023-10-22 19:41:09.325,6766,97,3,0,True,0,car,0 days 00:00:43.462000,0 days 01:40:07.092000,2490.889444444445,22.0
2023-10-22 19:41:09.525,6341,90,3,0,True,0,car,0 days 00:00:43.662000,0 days 01:40:07.292000,2495.889444444445,22.0
2023-10-22 19:41:09.966,5612,81,3,0,True,0,car,0 days 00:00:44.103000,0 days 01:40:07.733000,2505.811944444445,22.0
2023-10-22 19:41:10.366,5205,75,3,0,False,0,car,0 days 00:00:44.503000,0 days 01:40:08.133000,2514.1452777777786,22.0
2023-10-22 19:41:10.806,4815,72,3,0,False,0,car,0 days 00:00:44.943000,0 days 01:40:08.573000,2522.9452777777788,22.0
2023-10-22 19:41:11.206,5128,68,3,13,False,0,car,0 days 00:00:45.343000,0 days 01:40:08.973000,2530.5008333333344,22.0
2023-10-22 19:41:11.366,5343,68,3,15,False,0,car,0 days 00:00:45.503000,0 days 01:40:09.133000,2533.5230555555568,22.0
2023-10-22 19:41:11.566,5593,73,3,23,False,0,car,0 days 00:00:45.703000,0 days 01:40:09.333000,2537.5786111111124,22.0
2023-10-22 19:41:11.846,5680,75,3,29,False,0,car,0 days 00:00:45.983000,0 days 01:40:09.613000,2543.4119444444455,22.0
2023-10-22 19:41:12.006,6104,79,3,35,False,0,car,0 days 00:00:46.143000,0 days 01:40:09.773000,2546.923055555557,22.0
2023-10-22 19:41:12.286,6773,83,3,43,False,0,car,0 days 00:00:46.423000,0 days 01:40:10.053000,2553.3786111111126,22.0
2023-10-22 19:41:12.526,7232,91,3,49,False,0,car,0 days 00:00:46.663000,0 days 01:40:10.293000,2559.445277777779,22.0
2023-10-22 19:41:12.806,8144,101,3,55,False,0,car,0 days 00:00:46.943000,0 days 01:40:10.573000,2567.3008333333346,22.0
2023-10-22 19:41:13.006,8322,108,3,55,False,0,car,0 days 00:00:47.143000,0 days 01:40:10.773000,2573.3008333333346,22.0
2023-10-22 19:41:13.246,7863,118,4,62,False,0,car,0 days 00:00:47.383000,0 days 01:40:11.013000,2581.1675000000014,22.0
2023-10-22 19:41:13.565,8436,132,4,76,False,0,car,0 days 00:00:47.702000,0 days 01:40:11.332000,2592.864166666668,22.0
2023-10-22 19:41:13.885,9443,142,4,100,False,0,car,0 days 00:00:48.022000,0 days 01:40:11.652000,2605.4863888888904,22.0
2023-10-22 19:41:14.125,10113,152,4,100,False,0,car,0 days 00:00:48.262000,0 days 01:40:11.892000,2615.6197222222236,22.0
2023-10-22 19:41:14.325,10906,165,4,100,False,0,car,0 days 00:00:48.462000,0 days 01:40:12.092000,2624.7863888888905,22.0
2023-10-22 19:41:14.565,10906,174,4,100,False,8,car,0 days 00:00:48.702000,0 days 01:40:12.332000,2636.3863888888905,22.0
2023-10-22 19:41:14.885,11680,186,4,100,False,8,car,0 days 00:00:49.022000,0 days 01:40:12.652000,2652.9197222222238,22.0
2023-10-22 19:41:15.125,10760,197,5,100,False,8,car,0 days 00:00:49.262000,0 days 01:40:12.892000,2666.0530555555574,22.0
2023-10-22 19:41:15.365,11035,204,5,100,False,8,car,0 days 00:00:49.502000,0 days 01:40:13.132000,2679.6530555555573,22.0
2023-10-22 19:41:15.645,11666,213,5,100,False,8,car,0 days 00:00:49.782000,0 days 01:40:13.412000,2696.2197222222235,22.0
2023-10-22 19:41:15.885,11042,219,5,100,False,8,car,0 days 00:00:50.022000,0 days 01:40:13.652000,2710.8197222222234,22.0
2023-10-22 19:41:16.325,11010,232,6,100,False,8,car,0 days 00:00:50.462000,0 days 01:40:14.092000,2739.1752777777792,22.0
2023-10-22 19:41:16.566,11091,234,6,100,False,8,car,0 days 00:00:50.703000,0 days 01:40:14.333000,2754.840277777779,22.0
2023-10-22 19:41:16.846,11522,243,6,100,False,8,car,0 days 00:00:50.983000,0 days 01:40:14.613000,2773.740277777779,22.0
2023-10-22 19:41:17.206,10967,249,6,100,False,8,car,0 days 00:00:51.343000,0 days 01:40:14.973000,2798.6402777777794,22.0
2023-10-22 19:41:17.566,10638,256,7,100,False,10,car,0 days 00:00:51.703000,0 days 01:40:15.333000,2824.2402777777793,22.0
2023-10-22 19:41:17.766,10822,260,7,100,False,14,car,0 days 00:00:51.903000,0 days 01:40:15.533000,2838.6847222222236,22.0
2023-10-22 19:41:17.966,10822,264,7,100,False,12,car,0 days 00:00:52.103000,0 days 01:40:15.733000,2853.3513888888906,22.0
2023-10-22 19:41:18.206,11237,266,7,100,False,12,car,0 days 00:00:52.343000,0 days 01:40:15.973000,2871.084722222224,22.0
2023-10-22 19:41:18.406,11349,271,7,100,False,12,car,0 days 00:00:52.543000,0 days 01:40:16.173000,2886.1402777777794,22.0
2023-10-22 19:41:18.766,11584,277,7,100,False,12,car,0 days 00:00:52.903000,0 days 01:40:16.533000,2913.840277777779,22.0
2023-10-22 19:41:18.966,11049,280,7,100,False,12,car,0 days 00:00:53.103000,0 days 01:40:16.733000,2929.395833333335,22.0
2023-10-22 19:41:19.126,10501,283,8,100,False,12,car,0 days 00:00:53.263000,0 days 01:40:16.893000,2941.9736111111124,22.0
2023-10-22 19:41:19.606,10746,290,8,100,False,12,car,0 days 00:00:53.743000,0 days 01:40:17.373000,2980.6402777777794,22.0
2023-10-22 19:41:19.886,11022,292,8,100,False,12,car,0 days 00:00:54.023000,0 days 01:40:17.653000,3003.3513888888906,22.0
2023-10-22 19:41:20.085,11708,296,8,100,False,12,car,0 days 00:00:54.222000,0 days 01:40:17.852000,3019.7136111111126,22.0
2023-10-22 19:41:20.285,11040,299,8,100,False,12,car,0 days 00:00:54.422000,0 days 01:40:18.052000,3036.3247222222235,22.0
2023-10-22 19:41:20.525,11105,302,8,100,False,12,car,0 days 00:00:54.662000,0 days 01:40:18.292000,3056.458055555557,22.0
2023-10-22 19:41:20.805,11213,304,8,100,False,12,car,0 days 00:00:54.942000,0 days 01:40:18.572000,3080.102500000002,22.0
2023-10-22 19:41:21.005,11393,306,8,100,False,12,car,0 days 00:00:55.142000,0 days 01:40:18.772000,3097.1025000000022,22.0
2023-10-22 19:41:21.245,11431,310,8,100,False,12,car,0 days 00:00:55.382000,0 days 01:40:19.012000,3117.7691666666683,22.0
2023-10-22 19:41:21.605,11589,312,8,100,False,12,car,0 days 00:00:55.742000,0 days 01:40:19.372000,3148.969166666668,22.0
2023-10-22 19:41:21.925,11712,317,8,100,False,12,car,0 days 00:00:56.062000,0 days 01:40:19.692000,3177.146944444446,22.0
2023-10-22 19:41:22.205,11731,319,8,100,False,12,car,0 days 00:00:56.342000,0 days 01:40:19.972000,3201.958055555557,22.0
2023-10-22 19:41:22.445,11763,319,8,100,False,12,car,0 days 00:00:56.582000,0 days 01:40:20.212000,3223.224722222224,22.0
2023-10-22 19:41:22.885,11841,320,8,100,False,12,car,0 days 00:00:57.022000,0 days 01:40:20.652000,3262.335833333335,22.0
2023-10-22 19:41:23.046,11757,321,8,100,False,12,car,0 days 00:00:57.183000,0 days 01:40:20.813000,3276.6916666666684,22.0
2023-10-22 19:41:23.446,11824,321,8,100,False,12,car,0 days 00:00:57.583000,0 days 01:40:21.213000,3312.358333333335,22.0
2023-10-22 19:41:23.646,11785,321,8,100,False,12,car,0 days 00:00:57.783000,0 days 01:40:21.413000,3330.1916666666684,22.0
2023-10-22 19:41:23.926,11801,321,8,100,False,12,car,0 days 00:00:58.063000,0 days 01:40:21.693000,3355.158333333335,22.0
2023-10-22 19:41:24.286,11796,322,8,100,False,12,car,0 days 00:00:58.423000,0 days 01:40:22.053000,3387.358333333335,22.0
2023-10-22 19:41:24.646,11833,321,8,100,False,12,car,0 days 00:00:58.783000,0 days 01:40:22.413000,3419.458333333335,22.0
2023-10-22 19:41:25.086,11820,322,8,100,False,12,car,0 days 00:00:59.223000,0 days 01:40:22.853000,3458.8138888888902,22.0
2023-10-22 19:41:25.486,11802,322,8,100,False,12,car,0 days 00:00:59.623000,0 days 01:40:23.253000,3494.591666666668,22.0
2023-10-22 19:41:25.846,11862,322,8,100,False,12,car,0 days 00:00:59.983000,0 days 01:40:23.613000,3526.791666666668,22.0
2023-10-22 19:41:26.006,11862,321,8,100,False,12,car,0 days 00:01:00.143000,0 days 01:40:23.773000,3541.0583333333348,22.0
2023-10-22 19:41:26.366,11759,321,8,100,False,12,car,0 days 00:01:00.503000,0 days 01:40:24.133000,3573.1583333333347,22.0
2023-10-22 19:41:26.566,11136,302,8,0,True,0,car,0 days 00:01:00.703000,0 days 01:40:24.333000,3589.9361111111125,22.0
2023-10-22 19:41:26.965,10480,257,8,0,True,0,car,0 days 00:01:01.102000,0 days 01:40:24.732000,3618.4202777777787,22.0
2023-10-22 19:41:27.205,10748,234,7,0,True,0,car,0 days 00:01:01.342000,0 days 01:40:24.972000,3634.0202777777786,22.0
2023-10-22 19:41:27.525,9916,187,7,0,True,0,car,0 days 00:01:01.662000,0 days 01:40:25.292000,3650.642500000001,22.0
2023-10-22 19:41:27.685,9529,178,5,0,True,0,car,0 days 00:01:01.822000,0 days 01:40:25.452000,3658.5536111111123,22.0
2023-10-22 19:41:28.005,10281,152,4,0,True,0,car,0 days 00:01:02.142000,0 days 01:40:25.772000,3672.0647222222233,22.0
2023-10-22 19:41:28.245,9725,138,4,0,True,0,car,0 days 00:01:02.382000,0 days 01:40:26.012000,3681.264722222223,22.0
2023-10-22 19:41:28.605,9560,115,2,0,True,0,car,0 days 00:01:02.742000,0 days 01:40:26.372000,3692.764722222223,22.0
2023-10-22 19:41:28.885,8470,102,2,0,True,0,car,0 days 00:01:03.022000,0 days 01:40:26.652000,3700.6980555555565,22.0
2023-10-22 19:41:29.085,7844,94,2,0,True,0,car,0 days 00:01:03.222000,0 days 01:40:26.852000,3705.9202777777787,22.0
2023-10-22 19:41:29.325,7233,87,2,0,True,0,car,0 days 00:01:03.462000,0 days 01:40:27.092000,3711.720277777779,22.0
2023-10-22 19:41:29.485,7043,84,2,0,True,0,car,0 days 00:01:03.622000,0 days 01:40:27.252000,3715.453611111112,22.0
2023-10-22 19:41:29.846,6368,79,2,0,False,0,car,0 days 00:01:03.983000,0 days 01:40:27.613000,3723.3755555555563,22.0
2023-10-22 19:41:30.286,6730,76,2,22,False,0,car,0 days 00:01:04.423000,0 days 01:40:28.053000,3732.664444444445,22.0
2023-10-22 19:41:30.566,6863,81,2,28,False,0,car,0 days 00:01:04.703000,0 days 01:40:28.333000,3738.9644444444452,22.0
2023-10-22 19:41:30.926,8200,92,2,47,False,0,car,0 days 00:01:05.063000,0 days 01:40:28.693000,3748.164444444445,22.0
2023-10-22 19:41:31.086,8545,95,2,55,False,0,car,0 days 00:01:05.223000,0 days 01:40:28.853000,3752.386666666667,22.0
2023-10-22 19:41:31.246,8965,99,2,55,False,0,car,0 days 00:01:05.383000,0 days 01:40:29.013000,3756.7866666666673,22.0
2023-10-22 19:41:31.606,10747,115,2,70,False,0,car,0 days 00:01:05.743000,0 days 01:40:29.373000,3768.2866666666673,22.0
2023-10-22 19:41:31.806,10922,125,2,72,False,0,car,0 days 00:01:05.943000,0 days 01:40:29.573000,3775.2311111111117,22.0
2023-10-22 19:41:32.086,10280,136,3,100,False,0,car,0 days 00:01:06.223000,0 days 01:40:29.853000,3785.8088888888897,22.0
2023-10-22 19:41:32.246,11093,146,3,100,False,0,car,0 days 00:01:06.383000,0 days 01:40:30.013000,3792.2977777777783,22.0
2023-10-22 19:41:32.446,11642,156,3,100,False,0,car,0 days 00:01:06.583000,0 days 01:40:30.213000,3800.9644444444452,22.0
2023-10-22 19:41:32.646,10522,164,3,100,False,0,car,0 days 00:01:06.783000,0 days 01:40:30.413000,3810.0755555555565,22.0
2023-10-22 19:41:32.806,10827,168,4,100,False,0,car,0 days 00:01:06.943000,0 days 01:40:30.573000,3817.5422222222232,22.0
2023-10-22 19:41:32.966,10949,176,4,100,False,0,car,0 days 00:01:07.103000,0 days 01:40:30.733000,3825.3644444444453,22.0
2023-10-22 19:41:33.326,10374,186,4,100,False,0,car,0 days 00:01:07.463000,0 days 01:40:31.093000,3843.9644444444452,22.0
2023-10-22 19:41:33.725,9616,179,5,0,True,0,car,0 days 00:01:07.862000,0 days 01:40:31.492000,3863.803611111112,22.0
2023-10-22 19:41:34.165,10765,159,5,0,True,0,car,0 days 00:01:08.302000,0 days 01:40:31.932000,3883.2369444444457,22.0
2023-10-22 19:41:34.565,9150,131,3,0,True,0,car,0 days 00:01:08.702000,0 days 01:40:32.332000,3897.792500000001,22.0
2023-10-22 19:41:34.885,8338,119,3,0,True,0,car,0 days 00:01:09.022000,0 days 01:40:32.652000,3908.370277777779,22.0
2023-10-22 19:41:35.245,7519,108,3,0,True,0,car,0 days 00:01:09.382000,0 days 01:40:33.012000,3919.170277777779,22.0
2023-10-22 19:41:35.445,7223,104,3,1,True,0,car,0 days 00:01:09.582000,0 days 01:40:33.212000,3924.9480555555565,22.0
2023-10-22 19:41:35.805,6853,99,3,0,True,0,car,0 days 00:01:09.942000,0 days 01:40:33.572000,3934.8480555555566,22.0
2023-10-22 19:41:35.965,6700,96,3,0,True,0,car,0 days 00:01:10.102000,0 days 01:40:33.732000,3939.1147222222235,22.0
2023-10-22 19:41:36.166,6649,93,3,0,False,0,car,0 days 00:01:10.303000,0 days 01:40:33.933000,3944.307222222223,22.0
2023-10-22 19:41:36.526,6672,90,3,20,False,0,car,0 days 00:01:10.663000,0 days 01:40:34.293000,3953.307222222223,22.0
2023-10-22 19:41:36.846,7119,92,3,29,False,0,car,0 days 00:01:10.983000,0 days 01:40:34.613000,3961.485000000001,22.0
2023-10-22 19:41:37.166,7354,97,3,37,False,0,car,0 days 00:01:11.303000,0 days 01:40:34.933000,3970.1072222222233,22.0
2023-10-22 19:41:37.446,7698,102,3,41,False,0,car,0 days 00:01:11.583000,0 days 01:40:35.213000,3978.0405555555567,22.0
2023-10-22 19:41:37.646,8104,104,3,42,False,0,car,0 days 00:01:11.783000,0 days 01:40:35.413000,3983.8183333333345,22.0
2023-10-22 19:41:37.966,8505,113,3,46,False,0,car,0 days 00:01:12.103000,0 days 01:40:35.733000,3993.862777777779,22.0
2023-10-22 19:41:38.246,9160,121,3,52,False,0,car,0 days 00:01:12.383000,0 days 01:40:36.013000,4003.27388888889,22.0
2023-10-22 19:41:38.686,10304,135,3,70,False,0,car,0 days 00:01:12.823000,0 days 01:40:36.453000,4019.77388888889,22.0
2023-10-22 19:41:39.006,11275,146,3,100,False,0,car,0 days 00:01:13.143000,0 days 01:40:36.773000,4032.751666666668,22.0
2023-10-22 19:41:39.286,10703,157,3,100,False,0,car,0 days 00:01:13.423000,0 days 01:40:37.053000,4044.962777777779,22.0
2023-10-22 19:41:39.686,10788,169,4,100,False,0,car,0 days 00:01:13.823000,0 days 01:40:37.453000,4063.7405555555565,22.0
2023-10-22 19:41:39.926,11253,178,4,100,False,0,car,0 days 00:01:14.063000,0 days 01:40:37.693000,4075.6072222222238,22.0
2023-10-22 19:41:40.086,11361,180,4,100,False,0,car,0 days 00:01:14.223000,0 days 01:40:37.853000,4083.6072222222238,22.0
2023-10-22 19:41:40.245,10241,183,4,99,False,0,car,0 days 00:01:14.382000,0 days 01:40:38.012000,4091.689722222224,22.0
2023-10-22 19:41:40.445,9705,189,5,99,False,0,car,0 days 00:01:14.582000,0 days 01:40:38.212000,4102.189722222223,22.0
2023-10-22 19:41:40.685,9753,179,5,0,True,0,car,0 days 00:01:14.822000,0 days 01:40:38.452000,4114.123055555557,22.0
2023-10-22 19:41:40.965,9493,161,5,0,True,0,car,0 days 00:01:15.102000,0 days 01:40:38.732000,4126.645277777779,22.0
2023-10-22 19:41:41.365,9772,140,4,0,True,0,car,0 days 00:01:15.502000,0 days 01:40:39.132000,4142.200833333334,22.0
2023-10-22 19:41:41.645,9014,127,3,0,True,0,car,0 days 00:01:15.782000,0 days 01:40:39.412000,4152.078611111112,22.0
2023-10-22 19:41:42.005,8423,118,3,0,True,0,car,0 days 00:01:16.142000,0 days 01:40:39.772000,4163.878611111112,22.0
2023-10-22 19:41:42.365,7787,109,3,0,True,0,car,0 days 00:01:16.502000,0 days 01:40:40.132000,4174.778611111112,22.0
2023-10-22 19:41:42.806,6805,100,3,0,True,0,car,0 days 00:01:16.943000,0 days 01:40:40.573000,4187.028611111112,22.0
2023-10-22 19:41:43.006,6525,95,3,0,True,0,car,0 days 00:01:17.143000,0 days 01:40:40.773000,4192.30638888889,22.0
2023-10-22 19:41:43.206,6236,92,3,0,True,0,car,0 days 00:01:17.343000,0 days 01:40:40.973000,4197.417500000001,22.0
2023-10-22 19:41:43.366,6182,90,3,0,False,0,car,0 days 00:01:17.503000,0 days 01:40:41.133000,4201.417500000001,22.0
2023-10-22 19:41:43.846,5641,81,3,0,False,0,car,0 days 00:01:17.983000,0 days 01:40:41.613000,4212.217500000002,22.0
2023-10-22 19:41:44.006,5572,79,3,0,False,0,car,0 days 00:01:18.143000,0 days 01:40:41.773000,4215.7286111111125,22.0
2023-10-22 19:41:44.446,5757,76,3,21,False,0,car,0 days 00:01:18.583000,0 days 01:40:42.213000,4225.017500000002,22.0
2023-10-22 19:41:44.726,6405,83,3,36,False,0,car,0 days 00:01:18.863000,0 days 01:40:42.493000,4231.473055555557,22.0
2023-10-22 19:41:45.086,6700,90,3,44,False,0,car,0 days 00:01:19.223000,0 days 01:40:42.853000,4240.473055555557,22.0
2023-10-22 19:41:45.446,7875,103,3,52,False,0,car,0 days 00:01:19.583000,0 days 01:40:43.213000,4250.773055555557,22.0
2023-10-22 19:41:45.646,8547,106,3,59,False,0,car,0 days 00:01:19.783000,0 days 01:40:43.413000,4256.661944444446,22.0
2023-10-22 19:41:45.966,9441,122,3,68,False,0,car,0 days 00:01:20.103000,0 days 01:40:43.733000,4267.50638888889,22.0
2023-10-22 19:41:46.246,10436,136,3,85,False,0,car,0 days 00:01:20.383000,0 days 01:40:44.013000,4278.084166666667,22.0
2023-10-22 19:41:46.566,11405,151,3,100,False,0,car,0 days 00:01:20.703000,0 days 01:40:44.333000,4291.50638888889,22.0
2023-10-22 19:41:46.806,11666,160,3,100,False,0,car,0 days 00:01:20.943000,0 days 01:40:44.573000,4302.173055555556,22.0
2023-10-22 19:41:47.045,11106,168,3,100,False,0,car,0 days 00:01:21.182000,0 days 01:40:44.812000,4313.32638888889,22.0
2023-10-22 19:41:47.245,11179,177,4,100,False,0,car,0 days 00:01:21.382000,0 days 01:40:45.012000,4323.159722222223,22.0
2023-10-22 19:41:47.525,11365,187,4,100,False,0,car,0 days 00:01:21.662000,0 days 01:40:45.292000,4337.704166666667,22.0
2023-10-22 19:41:47.765,10840,187,5,100,False,0,car,0 days 00:01:21.902000,0 days 01:40:45.532000,4350.170833333334,22.0
2023-10-22 19:41:47.965,11099,201,5,100,False,0,car,0 days 00:01:22.102000,0 days 01:40:45.732000,4361.337500000001,22.0
2023-10-22 19:41:48.125,11435,209,5,100,False,0,car,0 days 00:01:22.262000,0 days 01:40:45.892000,4370.626388888889,22.0
2023-10-22 19:41:48.285,11435,209,5,100,False,0,car,0 days 00:01:22.422000,0 days 01:40:46.052000,4379.915277777777,22.0
2023-10-22 19:41:48.565,11603,214,5,100,False,0,car,0 days 00:01:22.702000,0 days 01:40:46.332000,4396.559722222221,22.0
2023-10-22 19:41:48.885,10565,222,6,100,False,0,car,0 days 00:01:23.022000,0 days 01:40:46.652000,4416.293055555555,22.0
2023-10-22 19:41:49.205,10808,228,6,77,False,0,car,0 days 00:01:23.342000,0 days 01:40:46.972000,4436.559722222221,22.0
2023-10-22 19:41:49.606,10740,226,6,64,False,0,car,0 days 00:01:23.743000,0 days 01:40:47.373000,4461.73361111111,22.0
2023-10-22 19:41:49.806,10897,226,6,83,False,0,car,0 days 00:01:23.943000,0 days 01:40:47.573000,4474.289166666666,22.0
2023-10-22 19:41:50.046,10896,231,6,83,False,0,car,0 days 00:01:24.183000,0 days 01:40:47.813000,4489.689166666666,22.0
2023-10-22 19:41:50.366,10893,230,6,55,False,0,car,0 days 00:01:24.503000,0 days 01:40:48.133000,4510.13361111111,22.0
2023-10-22 19:41:50.566,10808,228,6,63,False,0,car,0 days 00:01:24.703000,0 days 01:40:48.333000,4522.800277777777,22.0
2023-10-22 19:41:50.806,10912,227,6,71,False,0,car,0 days 00:01:24.943000,0 days 01:40:48.573000,4537.933611111111,22.0
2023-10-22 19:41:51.046,10872,228,6,75,False,0,car,0 days 00:01:25.183000,0 days 01:40:48.813000,4553.133611111111,22.0
2023-10-22 19:41:51.206,11020,230,6,84,False,0,car,0 days 00:01:25.343000,0 days 01:40:48.973000,4563.355833333333,22.0
2023-10-22 19:41:51.406,11157,233,6,99,False,0,car,0 days 00:01:25.543000,0 days 01:40:49.173000,4576.300277777777,22.0
2023-10-22 19:41:51.646,11322,238,6,100,False,0,car,0 days 00:01:25.783000,0 days 01:40:49.413000,4592.166944444443,22.0
2023-10-22 19:41:51.886,11322,239,6,100,False,0,car,0 days 00:01:26.023000,0 days 01:40:49.653000,4608.100277777777,22.0
2023-10-22 19:41:52.126,11633,245,6,100,False,0,car,0 days 00:01:26.263000,0 days 01:40:49.893000,4624.433611111111,22.0
2023-10-22 19:41:52.486,10556,247,6,100,False,0,car,0 days 00:01:26.623000,0 days 01:40:50.253000,4649.13361111111,22.0
2023-10-22 19:41:52.646,10523,249,7,100,False,0,car,0 days 00:01:26.783000,0 days 01:40:50.413000,4660.200277777777,22.0
2023-10-22 19:41:52.846,10602,253,7,100,False,0,car,0 days 00:01:26.983000,0 days 01:40:50.613000,4674.255833333333,22.0
2023-10-22 19:41:53.246,10658,256,7,100,False,0,car,0 days 00:01:27.383000,0 days 01:40:51.013000,4702.700277777776,22.0
2023-10-22 19:41:53.526,10856,257,7,100,False,0,car,0 days 00:01:27.663000,0 days 01:40:51.293000,4722.689166666665,22.0
2023-10-22 19:41:53.925,10792,260,7,100,False,0,car,0 days 00:01:28.062000,0 days 01:40:51.692000,4751.505833333332,22.0
2023-10-22 19:41:54.325,10857,260,7,100,False,0,car,0 days 00:01:28.462000,0 days 01:40:52.092000,4780.394722222221,22.0
2023-10-22 19:41:54.725,10915,263,7,100,False,0,car,0 days 00:01:28.862000,0 days 01:40:52.492000,4809.616944444443,22.0
2023-10-22 19:41:55.005,10992,264,7,100,False,0,car,0 days 00:01:29.142000,0 days 01:40:52.772000,4830.150277777777,22.0
2023-10-22 19:41:55.285,11074,266,7,99,False,0,car,0 days 00:01:29.422000,0 days 01:40:53.052000,4850.839166666666,22.0
2023-10-22 19:41:55.605,10769,262,7,1,True,0,car,0 days 00:01:29.742000,0 days 01:40:53.372000,4874.128055555555,22.0
2023-10-22 19:41:55.846,9892,237,7,0,True,0,car,0 days 00:01:29.983000,0 days 01:40:53.613000,4889.993888888888,22.0
2023-10-22 19:41:56.166,9851,216,6,0,True,0,car,0 days 00:01:30.303000,0 days 01:40:53.933000,4909.193888888888,22.0
2023-10-22 19:41:56.366,10126,203,6,0,True,0,car,0 days 00:01:30.503000,0 days 01:40:54.133000,4920.471666666666,22.0
2023-10-22 19:41:56.566,10163,196,6,0,True,0,car,0 days 00:01:30.703000,0 days 01:40:54.333000,4931.360555555555,22.0
2023-10-22 19:41:56.806,9868,188,5,3,True,0,car,0 days 00:01:30.943000,0 days 01:40:54.573000,4943.893888888888,22.0
2023-10-22 19:41:57.206,9494,180,5,12,False,0,car,0 days 00:01:31.343000,0 days 01:40:54.973000,4963.893888888888,22.0
2023-10-22 19:41:57.446,9676,174,5,45,False,0,car,0 days 00:01:31.583000,0 days 01:40:55.213000,4975.493888888887,22.0
2023-10-22 19:41:57.766,9709,179,5,45,False,0,car,0 days 00:01:31.903000,0 days 01:40:55.533000,4991.404999999999,22.0
2023-10-22 19:41:58.006,10088,181,5,71,False,0,car,0 days 00:01:32.143000,0 days 01:40:55.773000,5003.471666666665,22.0
2023-10-22 19:41:58.246,10729,187,5,94,False,0,car,0 days 00:01:32.383000,0 days 01:40:56.013000,5015.938333333332,22.0
2023-10-22 19:41:58.406,10706,192,5,100,False,0,car,0 days 00:01:32.543000,0 days 01:40:56.173000,5024.471666666665,22.0
2023-10-22 19:41:58.646,10767,201,5,100,False,0,car,0 days 00:01:32.783000,0 days 01:40:56.413000,5037.871666666665,22.0
2023-10-22 19:41:59.046,11624,212,5,100,False,0,car,0 days 00:01:33.183000,0 days 01:40:56.813000,5061.427222222221,22.0
2023-10-22 19:41:59.486,10490,220,6,99,False,0,car,0 days 00:01:33.623000,0 days 01:40:57.253000,5088.316111111109,22.0
2023-10-22 19:41:59.686,10682,223,6,100,False,0,car,0 days 00:01:33.823000,0 days 01:40:57.453000,5100.704999999997,22.0
2023-10-22 19:42:00.006,10874,230,6,100,False,0,car,0 days 00:01:34.143000,0 days 01:40:57.773000,5121.149444444442,22.0
2023-10-22 19:42:00.286,11073,234,6,100,False,0,car,0 days 00:01:34.423000,0 days 01:40:58.053000,5139.349444444442,22.0
2023-10-22 19:42:00.525,11248,238,6,100,False,0,car,0 days 00:01:34.662000,0 days 01:40:58.292000,5155.149999999998,22.0
2023-10-22 19:42:00.925,10651,202,6,0,True,0,car,0 days 00:01:35.062000,0 days 01:40:58.692000,5177.594444444442,22.0
2023-10-22 19:42:01.245,10231,170,6,0,True,8,car,0 days 00:01:35.382000,0 days 01:40:59.012000,5192.7055555555535,22.0
2023-10-22 19:42:01.565,10435,146,4,0,True,8,car,0 days 00:01:35.702000,0 days 01:40:59.332000,5205.683333333331,22.0
2023-10-22 19:42:01.965,8415,122,3,0,True,8,car,0 days 00:01:36.102000,0 days 01:40:59.732000,5219.238888888886,22.0
2023-10-22 19:42:02.125,7799,113,3,0,True,8,car,0 days 00:01:36.262000,0 days 01:40:59.892000,5224.261111111108,22.0
2023-10-22 19:42:02.365,7247,104,3,0,True,8,car,0 days 00:01:36.502000,0 days 01:41:00.132000,5231.194444444442,22.0
2023-10-22 19:42:02.606,6763,99,3,0,True,8,car,0 days 00:01:36.743000,0 days 01:41:00.373000,5237.821944444441,22.0
2023-10-22 19:42:02.966,6260,90,3,0,True,8,car,0 days 00:01:37.103000,0 days 01:41:00.733000,5246.821944444441,22.0
2023-10-22 19:42:03.166,5990,87,3,0,False,8,car,0 days 00:01:37.303000,0 days 01:41:00.933000,5251.655277777774,22.0
2023-10-22 19:42:03.366,6392,83,3,7,False,8,car,0 days 00:01:37.503000,0 days 01:41:01.133000,5256.266388888886,22.0
2023-10-22 19:42:03.766,6786,87,3,30,False,8,car,0 days 00:01:37.903000,0 days 01:41:01.533000,5265.9330555555525,22.0
2023-10-22 19:42:04.006,7056,90,3,40,False,8,car,0 days 00:01:38.143000,0 days 01:41:01.773000,5271.9330555555525,22.0
2023-10-22 19:42:04.326,7805,98,3,48,False,8,car,0 days 00:01:38.463000,0 days 01:41:02.093000,5280.644166666663,22.0
2023-10-22 19:42:04.646,8501,110,3,61,False,8,car,0 days 00:01:38.783000,0 days 01:41:02.413000,5290.421944444442,22.0
2023-10-22 19:42:04.886,9233,114,3,71,False,8,car,0 days 00:01:39.023000,0 days 01:41:02.653000,5298.021944444441,22.0
2023-10-22 19:42:05.086,9814,126,3,73,False,8,car,0 days 00:01:39.223000,0 days 01:41:02.853000,5305.021944444441,22.0
2023-10-22 19:42:05.406,10915,133,3,100,False,8,car,0 days 00:01:39.543000,0 days 01:41:03.173000,5316.844166666663,22.0
2023-10-22 19:42:05.606,11744,133,3,100,False,8,car,0 days 00:01:39.743000,0 days 01:41:03.373000,5324.233055555552,22.0
2023-10-22 19:42:05.806,10904,157,3,100,False,8,car,0 days 00:01:39.943000,0 days 01:41:03.573000,5332.955277777774,22.0
2023-10-22 19:42:06.206,11296,175,4,100,False,14,car,0 days 00:01:40.343000,0 days 01:41:03.973000,5352.399722222219,22.0
2023-10-22 19:42:06.366,11836,182,4,100,False,14,car,0 days 00:01:40.503000,0 days 01:41:04.133000,5360.488611111107,22.0
2023-10-22 19:42:06.646,10789,193,4,100,False,12,car,0 days 00:01:40.783000,0 days 01:41:04.413000,5375.499722222218,22.0
2023-10-22 19:42:07.006,11313,203,5,100,False,12,car,0 days 00:01:41.143000,0 days 01:41:04.773000,5395.799722222218,22.0
2023-10-22 19:42:07.165,11688,209,5,100,False,12,car,0 days 00:01:41.302000,0 days 01:41:04.932000,5405.030555555552,22.0
2023-10-22 19:42:07.525,10572,222,6,100,False,12,car,0 days 00:00:00.074000,0 days 01:41:05.292000,4.563333333333333,23.0
2023-10-22 19:42:07.885,11258,229,6,100,False,12,car,0 days 00:00:00.434000,0 days 01:41:05.652000,27.46333333333333,23.0
2023-10-22 19:42:08.365,11547,242,6,100,False,12,car,0 days 00:00:00.914000,0 days 01:41:06.132000,59.73,23.0
2023-10-22 19:42:08.685,10319,246,6,100,False,12,car,0 days 00:00:01.234000,0 days 01:41:06.452000,81.59666666666666,23.0
2023-10-22 19:42:09.126,10736,259,7,100,False,12,car,0 days 00:00:01.675000,0 days 01:41:06.893000,113.32416666666667,23.0
2023-10-22 19:42:09.286,10874,259,7,100,False,12,car,0 days 00:00:01.835000,0 days 01:41:07.053000,124.83527777777778,23.0
2023-10-22 19:42:09.446,11014,264,7,100,False,12,car,0 days 00:00:01.995000,0 days 01:41:07.213000,136.56861111111112,23.0
2023-10-22 19:42:09.646,11121,267,7,100,False,12,car,0 days 00:00:02.195000,0 days 01:41:07.413000,151.40194444444444,23.0
2023-10-22 19:42:09.926,11406,273,7,100,False,12,car,0 days 00:00:02.475000,0 days 01:41:07.693000,172.6352777777778,23.0
2023-10-22 19:42:10.086,11457,275,7,100,False,12,car,0 days 00:00:02.635000,0 days 01:41:07.853000,184.8575,23.0
2023-10-22 19:42:10.246,11603,277,7,100,False,12,car,0 days 00:00:02.795000,0 days 01:41:08.013000,197.16861111111112,23.0
2023-10-22 19:42:10.566,10798,283,7,100,False,12,car,0 days 00:00:03.115000,0 days 01:41:08.333000,222.3241666666667,23.0
2023-10-22 19:42:10.726,10505,285,8,100,False,12,car,0 days 00:00:03.275000,0 days 01:41:08.493000,234.99083333333334,23.0
2023-10-22 19:42:10.926,10555,288,8,100,False,12,car,0 days 00:00:03.475000,0 days 01:41:08.693000,250.99083333333334,23.0
2023-10-22 19:42:11.086,10998,289,8,100,False,12,car,0 days 00:00:03.635000,0 days 01:41:08.853000,263.8352777777778,23.0
2023-10-22 19:42:11.326,10756,293,8,100,False,12,car,0 days 00:00:03.875000,0 days 01:41:09.093000,283.36861111111114,23.0
2023-10-22 19:42:11.486,10885,293,8,100,False,12,car,0 days 00:00:04.035000,0 days 01:41:09.253000,296.3908333333334,23.0
2023-10-22 19:42:11.766,10958,297,8,100,False,12,car,0 days 00:00:04.315000,0 days 01:41:09.533000,319.4908333333334,23.0
2023-10-22 19:42:12.046,11044,300,8,100,False,12,car,0 days 00:00:04.595000,0 days 01:41:09.813000,342.82416666666666,23.0
2023-10-22 19:42:12.406,11382,302,8,100,False,12,car,0 days 00:00:04.955000,0 days 01:41:10.173000,373.0241666666667,23.0
2023-10-22 19:42:12.606,11063,302,8,100,False,12,car,0 days 00:00:05.155000,0 days 01:41:10.373000,389.8019444444445,23.0
2023-10-22 19:42:12.926,11279,307,8,100,False,12,car,0 days 00:00:05.475000,0 days 01:41:10.693000,417.0908333333333,23.0
2023-10-22 19:42:13.166,11330,308,8,100,False,12,car,0 days 00:00:05.715000,0 days 01:41:10.933000,437.62416666666667,23.0
2023-10-22 19:42:13.326,11366,309,8,100,False,12,car,0 days 00:00:05.875000,0 days 01:41:11.093000,451.3575,23.0
2023-10-22 19:42:13.606,11980,310,8,100,False,12,car,0 days 00:00:06.155000,0 days 01:41:11.373000,475.46861111111116,23.0
2023-10-22 19:42:13.806,11993,307,8,3,True,0,car,0 days 00:00:06.355000,0 days 01:41:11.573000,492.5241666666667,23.0
2023-10-22 19:42:14.005,10664,297,8,0,True,0,car,0 days 00:00:06.554000,0 days 01:41:11.772000,508.94166666666666,23.0
2023-10-22 19:42:14.525,10541,219,7,0,True,0,car,0 days 00:00:07.074000,0 days 01:41:12.292000,540.5749999999999,23.0
2023-10-22 19:42:14.725,10718,196,7,0,True,0,car,0 days 00:00:07.274000,0 days 01:41:12.492000,551.4638888888888,23.0
2023-10-22 19:42:14.925,10265,180,5,0,True,0,car,0 days 00:00:07.474000,0 days 01:41:12.692000,561.4638888888888,23.0
2023-10-22 19:42:15.125,9704,161,4,0,True,0,car,0 days 00:00:07.674000,0 days 01:41:12.892000,570.4083333333333,23.0
2023-10-22 19:42:15.566,9673,135,3,0,True,0,car,0 days 00:00:08.115000,0 days 01:41:13.333000,586.9458333333333,23.0
2023-10-22 19:42:15.926,9602,114,2,0,True,0,car,0 days 00:00:08.475000,0 days 01:41:13.693000,598.3458333333333,23.0
2023-10-22 19:42:16.286,8122,96,2,0,True,0,car,0 days 00:00:08.835000,0 days 01:41:14.053000,607.9458333333333,23.0
2023-10-22 19:42:16.806,6328,78,2,0,True,0,car,0 days 00:00:09.355000,0 days 01:41:14.573000,619.2125,23.0
2023-10-22 19:42:17.006,5882,78,2,0,True,0,car,0 days 00:00:09.555000,0 days 01:41:14.773000,623.5458333333333,23.0
2023-10-22 19:42:17.286,5477,67,2,0,False,0,car,0 days 00:00:09.835000,0 days 01:41:15.053000,628.7569444444445,23.0
2023-10-22 19:42:17.566,5122,64,2,0,False,0,car,0 days 00:00:10.115000,0 days 01:41:15.333000,633.7347222222222,23.0
2023-10-22 19:42:17.806,5661,61,2,15,False,0,car,0 days 00:00:10.355000,0 days 01:41:15.573000,637.8013888888889,23.0
2023-10-22 19:42:18.046,6042,65,2,21,False,0,car,0 days 00:00:10.595000,0 days 01:41:15.813000,642.1347222222223,23.0
2023-10-22 19:42:18.206,6399,66,2,29,False,0,car,0 days 00:00:10.755000,0 days 01:41:15.973000,645.0680555555556,23.0
2023-10-22 19:42:18.686,6828,75,2,40,False,0,car,0 days 00:00:11.235000,0 days 01:41:16.453000,655.0680555555556,23.0
2023-10-22 19:42:19.006,8130,84,2,47,False,0,car,0 days 00:00:11.555000,0 days 01:41:16.773000,662.5347222222223,23.0
2023-10-22 19:42:19.246,9000,94,2,48,False,0,car,0 days 00:00:11.795000,0 days 01:41:17.013000,668.8013888888889,23.0
2023-10-22 19:42:19.486,9863,97,2,48,False,0,car,0 days 00:00:12.035000,0 days 01:41:17.253000,675.2680555555556,23.0
2023-10-22 19:42:19.646,9955,106,2,49,False,0,car,0 days 00:00:12.195000,0 days 01:41:17.413000,679.9791666666667,23.0
2023-10-22 19:42:19.806,10397,110,2,56,False,0,car,0 days 00:00:12.355000,0 days 01:41:17.573000,684.8680555555557,23.0
2023-10-22 19:42:19.966,10853,114,2,57,False,0,car,0 days 00:00:12.515000,0 days 01:41:17.733000,689.9347222222224,23.0
2023-10-22 19:42:20.206,10039,125,3,71,False,0,car,0 days 00:00:12.755000,0 days 01:41:17.973000,698.2680555555557,23.0
2023-10-22 19:42:20.446,10592,134,3,75,False,0,car,0 days 00:00:12.995000,0 days 01:41:18.213000,707.201388888889,23.0
2023-10-22 19:42:20.725,11730,153,3,93,False,0,car,0 days 00:00:13.274000,0 days 01:41:18.492000,719.058888888889,23.0
2023-10-22 19:42:21.005,10928,163,3,99,False,0,car,0 days 00:00:13.554000,0 days 01:41:18.772000,731.7366666666668,23.0
2023-10-22 19:42:21.205,11023,172,4,100,False,0,car,0 days 00:00:13.754000,0 days 01:41:18.972000,741.2922222222223,23.0
2023-10-22 19:42:21.525,11875,185,4,99,False,0,car,0 days 00:00:14.074000,0 days 01:41:19.292000,757.7366666666668,23.0
2023-10-22 19:42:21.725,11875,197,4,99,False,0,car,0 days 00:00:14.274000,0 days 01:41:19.492000,768.6811111111112,23.0
2023-10-22 19:42:22.005,11218,204,5,100,False,0,car,0 days 00:00:14.554000,0 days 01:41:19.772000,784.547777777778,23.0
2023-10-22 19:42:22.246,11232,212,5,100,False,0,car,0 days 00:00:14.795000,0 days 01:41:20.013000,798.7400000000002,23.0
2023-10-22 19:42:22.566,10850,219,6,99,False,0,car,0 days 00:00:15.115000,0 days 01:41:20.333000,818.2066666666669,23.0
2023-10-22 19:42:22.766,11041,225,6,100,False,0,car,0 days 00:00:15.315000,0 days 01:41:20.533000,830.7066666666669,23.0
2023-10-22 19:42:23.166,11052,231,6,100,False,0,car,0 days 00:00:15.715000,0 days 01:41:20.933000,856.3733333333337,23.0
2023-10-22 19:42:23.326,11284,237,6,100,False,0,car,0 days 00:00:15.875000,0 days 01:41:21.093000,866.906666666667,23.0
2023-10-22 19:42:23.526,11411,240,6,99,False,0,car,0 days 00:00:16.075000,0 days 01:41:21.293000,880.2400000000002,23.0
2023-10-22 19:42:23.726,11527,243,6,100,False,0,car,0 days 00:00:16.275000,0 days 01:41:21.493000,893.7400000000002,23.0
2023-10-22 19:42:23.886,11612,243,6,99,False,0,car,0 days 00:00:16.435000,0 days 01:41:21.653000,904.5400000000002,23.0
2023-10-22 19:42:24.166,10478,243,6,100,False,0,car,0 days 00:00:16.715000,0 days 01:41:21.933000,923.4400000000003,23.0
2023-10-22 19:42:24.646,10587,254,7,100,False,0,car,0 days 00:00:17.195000,0 days 01:41:22.413000,957.306666666667,23.0
2023-10-22 19:42:24.966,10719,257,7,100,False,0,car,0 days 00:00:17.515000,0 days 01:41:22.733000,980.1511111111114,23.0
2023-10-22 19:42:25.126,10805,260,7,100,False,0,car,0 days 00:00:17.675000,0 days 01:41:22.893000,991.7066666666669,23.0
2023-10-22 19:42:25.326,10847,262,7,100,False,0,car,0 days 00:00:17.875000,0 days 01:41:23.093000,1006.2622222222225,23.0
2023-10-22 19:42:25.526,10906,263,7,100,False,0,car,0 days 00:00:18.075000,0 days 01:41:23.293000,1020.8733333333336,23.0
2023-10-22 19:42:25.806,11021,265,7,100,False,0,car,0 days 00:00:18.355000,0 days 01:41:23.573000,1041.4844444444448,23.0
2023-10-22 19:42:26.086,11066,267,7,100,False,0,car,0 days 00:00:18.635000,0 days 01:41:23.853000,1062.2511111111114,23.0
2023-10-22 19:42:26.406,11125,268,7,100,False,0,car,0 days 00:00:18.955000,0 days 01:41:24.173000,1086.0733333333335,23.0
2023-10-22 19:42:26.606,11093,268,7,100,False,0,car,0 days 00:00:19.155000,0 days 01:41:24.373000,1100.9622222222226,23.0
2023-10-22 19:42:26.806,11156,268,7,100,False,0,car,0 days 00:00:19.355000,0 days 01:41:24.573000,1115.8511111111115,23.0
2023-10-22 19:42:27.086,11188,269,7,100,False,0,car,0 days 00:00:19.635000,0 days 01:41:24.853000,1136.7733333333338,23.0
2023-10-22 19:42:27.285,11219,270,7,99,False,0,car,0 days 00:00:19.834000,0 days 01:41:25.052000,1151.6983333333337,23.0
2023-10-22 19:42:27.485,11168,270,7,100,False,0,car,0 days 00:00:20.034000,0 days 01:41:25.252000,1166.6983333333337,23.0
2023-10-22 19:42:27.645,11150,270,7,100,False,0,car,0 days 00:00:20.194000,0 days 01:41:25.412000,1178.6983333333337,23.0
2023-10-22 19:42:27.925,10581,264,7,9,True,0,car,0 days 00:00:20.474000,0 days 01:41:25.692000,1199.231666666667,23.0
2023-10-22 19:42:28.125,10468,257,7,8,False,0,car,0 days 00:00:20.674000,0 days 01:41:25.892000,1213.5094444444449,23.0
2023-10-22 19:42:28.325,10344,250,7,19,False,0,car,0 days 00:00:20.874000,0 days 01:41:26.092000,1227.3983333333338,23.0
2023-10-22 19:42:28.726,10319,247,7,53,False,0,car,0 days 00:00:21.275000,0 days 01:41:26.493000,1254.9113888888894,23.0
2023-10-22 19:42:29.206,10467,243,7,0,True,0,car,0 days 00:00:21.755000,0 days 01:41:26.973000,1287.3113888888895,23.0
2023-10-22 19:42:29.366,10888,234,7,0,True,0,car,0 days 00:00:21.915000,0 days 01:41:27.133000,1297.7113888888896,23.0
2023-10-22 19:42:29.606,10614,230,6,21,False,0,car,0 days 00:00:22.155000,0 days 01:41:27.373000,1313.044722222223,23.0
2023-10-22 19:42:29.806,10623,224,6,39,False,0,car,0 days 00:00:22.355000,0 days 01:41:27.573000,1325.4891666666674,23.0
2023-10-22 19:42:30.006,10574,221,6,55,False,0,car,0 days 00:00:22.555000,0 days 01:41:27.773000,1337.7669444444452,23.0
2023-10-22 19:42:30.286,10868,223,6,70,False,0,car,0 days 00:00:22.835000,0 days 01:41:28.053000,1355.1113888888897,23.0
2023-10-22 19:42:30.606,10820,226,6,82,False,0,car,0 days 00:00:23.155000,0 days 01:41:28.373000,1375.2002777777786,23.0
2023-10-22 19:42:31.046,10416,223,6,10,True,0,car,0 days 00:00:23.595000,0 days 01:41:28.813000,1402.455833333334,23.0
2023-10-22 19:42:31.286,10034,216,6,4,True,0,car,0 days 00:00:23.835000,0 days 01:41:29.053000,1416.8558333333342,23.0
2023-10-22 19:42:31.686,11077,208,5,28,False,0,car,0 days 00:00:24.235000,0 days 01:41:29.453000,1439.9669444444453,23.0
2023-10-22 19:42:31.846,11135,208,5,45,False,0,car,0 days 00:00:24.395000,0 days 01:41:29.613000,1449.2113888888898,23.0
2023-10-22 19:42:32.126,11402,208,5,72,False,0,car,0 days 00:00:24.675000,0 days 01:41:29.893000,1465.3891666666677,23.0
2023-10-22 19:42:32.326,10422,210,5,69,False,0,car,0 days 00:00:24.875000,0 days 01:41:30.093000,1477.0558333333342,23.0
2023-10-22 19:42:32.526,9524,209,6,0,False,0,car,0 days 00:00:25.075000,0 days 01:41:30.293000,1488.6669444444453,23.0
2023-10-22 19:42:32.966,9575,202,6,51,False,0,car,0 days 00:00:25.515000,0 days 01:41:30.733000,1513.3558333333342,23.0
2023-10-22 19:42:33.406,9557,202,6,48,False,0,car,0 days 00:00:25.955000,0 days 01:41:31.173000,1538.044722222223,23.0
2023-10-22 19:42:33.566,9557,201,6,51,False,0,car,0 days 00:00:26.115000,0 days 01:41:31.333000,1546.9780555555565,23.0
2023-10-22 19:42:33.806,9752,201,6,71,False,0,car,0 days 00:00:26.355000,0 days 01:41:31.573000,1560.3780555555566,23.0
2023-10-22 19:42:34.925,10248,206,6,5,True,0,car,0 days 00:00:27.474000,0 days 01:41:32.692000,1624.4097222222233,23.0
2023-10-22 19:42:35.205,10412,200,5,0,True,0,car,0 days 00:00:27.754000,0 days 01:41:32.972000,1639.965277777779,23.0
2023-10-22 19:42:35.566,9830,185,5,0,True,0,car,0 days 00:00:28.115000,0 days 01:41:33.333000,1658.5166666666678,23.0
2023-10-22 19:42:35.886,9626,178,5,23,False,0,car,0 days 00:00:28.435000,0 days 01:41:33.653000,1674.33888888889,23.0
2023-10-22 19:42:36.086,9548,177,5,42,False,0,car,0 days 00:00:28.635000,0 days 01:41:33.853000,1684.1722222222236,23.0
2023-10-22 19:42:36.286,9722,176,5,54,False,0,car,0 days 00:00:28.835000,0 days 01:41:34.053000,1693.9500000000014,23.0
2023-10-22 19:42:36.486,9832,179,5,59,False,0,car,0 days 00:00:29.035000,0 days 01:41:34.253000,1703.8944444444458,23.0
2023-10-22 19:42:36.686,9998,180,5,65,False,0,car,0 days 00:00:29.235000,0 days 01:41:34.453000,1713.8944444444458,23.0
2023-10-22 19:42:36.846,10147,185,5,67,False,0,car,0 days 00:00:29.395000,0 days 01:41:34.613000,1722.116666666668,23.0
2023-10-22 19:42:37.206,10544,190,5,72,False,0,car,0 days 00:00:29.755000,0 days 01:41:34.973000,1741.116666666668,23.0
2023-10-22 19:42:37.486,9705,192,5,0,True,0,car,0 days 00:00:30.035000,0 days 01:41:35.253000,1756.0500000000013,23.0
2023-10-22 19:42:37.726,10521,174,5,0,True,0,car,0 days 00:00:30.275000,0 days 01:41:35.493000,1767.6500000000012,23.0
2023-10-22 19:42:37.886,10143,169,4,0,True,0,car,0 days 00:00:30.435000,0 days 01:41:35.653000,1775.1611111111124,23.0
2023-10-22 19:42:38.166,9452,155,4,0,True,0,car,0 days 00:00:30.715000,0 days 01:41:35.933000,1787.216666666668,23.0
2023-10-22 19:42:38.326,9069,149,4,0,True,0,car,0 days 00:00:30.875000,0 days 01:41:36.093000,1793.8388888888903,23.0
2023-10-22 19:42:38.606,8774,144,4,1,False,0,car,0 days 00:00:31.155000,0 days 01:41:36.373000,1805.0388888888904,23.0
2023-10-22 19:42:38.886,8478,141,4,0,False,0,car,0 days 00:00:31.435000,0 days 01:41:36.653000,1816.0055555555568,23.0
2023-10-22 19:42:39.166,8092,135,4,0,False,0,car,0 days 00:00:31.715000,0 days 01:41:36.933000,1826.5055555555568,23.0
2023-10-22 19:42:39.366,8279,130,4,0,False,0,car,0 days 00:00:31.915000,0 days 01:41:37.133000,1833.727777777779,23.0
2023-10-22 19:42:39.566,8077,128,4,25,False,0,car,0 days 00:00:32.115000,0 days 01:41:37.333000,1840.8388888888903,23.0
2023-10-22 19:42:39.766,8521,129,4,35,False,0,car,0 days 00:00:32.315000,0 days 01:41:37.533000,1848.0055555555568,23.0
2023-10-22 19:42:40.006,8336,130,4,41,False,0,car,0 days 00:00:32.555000,0 days 01:41:37.773000,1856.6722222222236,23.0
2023-10-22 19:42:40.166,8336,133,4,39,False,0,car,0 days 00:00:32.715000,0 days 01:41:37.933000,1862.5833333333348,23.0
2023-10-22 19:42:40.406,8596,132,4,46,False,0,car,0 days 00:00:32.955000,0 days 01:41:38.173000,1871.3833333333346,23.0
2023-10-22 19:42:40.566,8830,136,4,57,False,0,car,0 days 00:00:33.115000,0 days 01:41:38.333000,1877.427777777779,23.0
2023-10-22 19:42:40.765,9182,141,4,61,False,0,car,0 days 00:00:33.314000,0 days 01:41:38.532000,1885.2219444444456,23.0
2023-10-22 19:42:41.085,9617,152,4,67,False,0,car,0 days 00:00:33.634000,0 days 01:41:38.852000,1898.7330555555568,23.0
2023-10-22 19:42:41.245,9956,155,4,63,False,0,car,0 days 00:00:33.794000,0 days 01:41:39.012000,1905.6219444444455,23.0
2023-10-22 19:42:41.565,9948,157,4,42,False,0,car,0 days 00:00:34.114000,0 days 01:41:39.332000,1919.577500000001,23.0
2023-10-22 19:42:41.725,10119,158,4,47,False,0,car,0 days 00:00:34.274000,0 days 01:41:39.492000,1926.5997222222234,23.0
2023-10-22 19:42:42.006,10415,158,4,64,False,0,car,0 days 00:00:34.555000,0 days 01:41:39.773000,1938.932500000001,23.0
2023-10-22 19:42:42.366,11079,171,4,85,False,0,car,0 days 00:00:34.915000,0 days 01:41:40.133000,1956.032500000001,23.0
2023-10-22 19:42:42.526,11359,178,4,100,False,0,car,0 days 00:00:35.075000,0 days 01:41:40.293000,1963.9436111111122,23.0
2023-10-22 19:42:42.806,11122,186,4,100,False,0,car,0 days 00:00:35.355000,0 days 01:41:40.573000,1978.4102777777787,23.0
2023-10-22 19:42:43.086,10488,194,5,100,False,0,car,0 days 00:00:35.635000,0 days 01:41:40.853000,1993.4991666666676,23.0
2023-10-22 19:42:43.326,11532,204,5,99,False,0,car,0 days 00:00:35.875000,0 days 01:41:41.093000,2007.0991666666678,23.0
2023-10-22 19:42:43.606,11705,210,5,100,False,0,car,0 days 00:00:36.155000,0 days 01:41:41.373000,2023.4325000000013,23.0
2023-10-22 19:42:43.806,11743,214,5,100,False,0,car,0 days 00:00:36.355000,0 days 01:41:41.573000,2035.32138888889,23.0
2023-10-22 19:42:44.006,10843,219,6,100,False,0,car,0 days 00:00:36.555000,0 days 01:41:41.773000,2047.4880555555567,23.0
2023-10-22 19:42:44.326,11042,229,6,99,False,0,car,0 days 00:00:36.875000,0 days 01:41:42.093000,2067.8436111111123,23.0
2023-10-22 19:42:44.646,11230,234,6,100,False,0,car,0 days 00:00:37.195000,0 days 01:41:42.413000,2088.6436111111125,23.0
2023-10-22 19:42:44.926,11177,242,6,100,False,0,car,0 days 00:00:37.475000,0 days 01:41:42.693000,2107.4658333333346,23.0
2023-10-22 19:42:45.166,11383,245,6,100,False,0,car,0 days 00:00:37.715000,0 days 01:41:42.933000,2123.799166666668,23.0
2023-10-22 19:42:45.646,10513,254,7,100,False,0,car,0 days 00:00:38.195000,0 days 01:41:43.413000,2157.6658333333344,23.0
2023-10-22 19:42:45.966,10745,258,7,99,False,0,car,0 days 00:00:38.515000,0 days 01:41:43.733000,2180.5991666666678,23.0
2023-10-22 19:42:46.126,10853,259,7,99,False,0,car,0 days 00:00:38.675000,0 days 01:41:43.893000,2192.1102777777787,23.0
2023-10-22 19:42:46.486,11062,266,7,100,False,0,car,0 days 00:00:39.035000,0 days 01:41:44.253000,2218.7102777777786,23.0
2023-10-22 19:42:46.846,11261,271,7,100,False,0,car,0 days 00:00:39.395000,0 days 01:41:44.613000,2245.810277777779,23.0
2023-10-22 19:42:47.046,11261,272,7,100,False,0,car,0 days 00:00:39.595000,0 days 01:41:44.813000,2260.92138888889,23.0
2023-10-22 19:42:47.286,11417,275,7,100,False,0,car,0 days 00:00:39.835000,0 days 01:41:45.053000,2279.2547222222233,23.0
2023-10-22 19:42:47.605,10669,278,7,100,False,0,car,0 days 00:00:40.154000,0 days 01:41:45.372000,2303.8886111111124,23.0
2023-10-22 19:42:47.845,10352,281,8,100,False,0,car,0 days 00:00:40.394000,0 days 01:41:45.612000,2322.6219444444455,23.0
2023-10-22 19:42:48.325,10577,283,8,99,False,0,car,0 days 00:00:40.874000,0 days 01:41:46.092000,2360.355277777779,23.0
2023-10-22 19:42:48.646,10201,280,8,99,True,0,car,0 days 00:00:41.195000,0 days 01:41:46.413000,2385.3219444444458,23.0
2023-10-22 19:42:48.806,9684,265,8,0,True,0,car,0 days 00:00:41.355000,0 days 01:41:46.573000,2397.099722222223,23.0
2023-10-22 19:42:49.166,9612,211,8,0,True,0,car,0 days 00:00:41.715000,0 days 01:41:46.933000,2418.1997222222235,23.0
2023-10-22 19:42:49.326,9583,188,6,0,True,0,car,0 days 00:00:41.875000,0 days 01:41:47.093000,2426.555277777779,23.0
2023-10-22 19:42:49.726,9006,159,5,0,True,0,car,0 days 00:00:42.275000,0 days 01:41:47.493000,2444.2219444444454,23.0
2023-10-22 19:42:49.926,9258,145,4,0,True,0,car,0 days 00:00:42.475000,0 days 01:41:47.693000,2452.277500000001,23.0
2023-10-22 19:42:50.206,9205,129,3,0,True,0,car,0 days 00:00:42.755000,0 days 01:41:47.973000,2462.3108333333344,23.0
2023-10-22 19:42:50.526,8566,106,3,0,True,0,car,0 days 00:00:43.075000,0 days 01:41:48.293000,2471.733055555557,23.0
2023-10-22 19:42:50.726,7166,99,3,0,True,0,car,0 days 00:00:43.275000,0 days 01:41:48.493000,2477.233055555557,23.0
2023-10-22 19:42:50.966,6555,93,3,0,True,0,car,0 days 00:00:43.515000,0 days 01:41:48.733000,2483.433055555557,23.0
2023-10-22 19:42:51.206,6129,88,3,0,True,0,car,0 days 00:00:43.755000,0 days 01:41:48.973000,2489.299722222224,23.0
2023-10-22 19:42:51.566,5495,80,3,0,True,0,car,0 days 00:00:44.115000,0 days 01:41:49.333000,2497.299722222224,23.0
2023-10-22 19:42:51.846,5126,76,3,0,False,0,car,0 days 00:00:44.395000,0 days 01:41:49.613000,2503.210833333335,23.0
2023-10-22 19:42:52.086,4987,73,3,0,False,0,car,0 days 00:00:44.635000,0 days 01:41:49.853000,2508.0775000000017,23.0
2023-10-22 19:42:52.366,5113,71,3,0,False,0,car,0 days 00:00:44.915000,0 days 01:41:50.133000,2513.599722222224,23.0
2023-10-22 19:42:52.526,5181,68,3,10,False,0,car,0 days 00:00:45.075000,0 days 01:41:50.293000,2516.6219444444464,23.0
2023-10-22 19:42:52.726,5583,71,3,19,False,0,car,0 days 00:00:45.275000,0 days 01:41:50.493000,2520.5663888888907,23.0
2023-10-22 19:42:53.086,5732,75,3,29,False,0,car,0 days 00:00:45.635000,0 days 01:41:50.853000,2528.0663888888907,23.0
2023-10-22 19:42:53.446,6539,80,3,39,False,0,car,0 days 00:00:45.995000,0 days 01:41:51.213000,2536.0663888888907,23.0
2023-10-22 19:42:53.886,7364,92,3,49,False,0,car,0 days 00:00:46.435000,0 days 01:41:51.653000,2547.3108333333353,23.0
2023-10-22 19:42:54.166,8141,101,3,50,False,0,car,0 days 00:00:46.715000,0 days 01:41:51.933000,2555.1663888888907,23.0
2023-10-22 19:42:54.445,8355,109,3,50,False,0,car,0 days 00:00:46.994000,0 days 01:41:52.212000,2563.6138888888904,23.0
2023-10-22 19:42:54.685,8937,116,3,68,False,0,car,0 days 00:00:47.234000,0 days 01:41:52.452000,2571.347222222224,23.0
2023-10-22 19:42:54.885,10229,127,3,76,False,0,car,0 days 00:00:47.434000,0 days 01:41:52.652000,2578.402777777779,23.0
2023-10-22 19:42:55.086,10422,135,3,81,False,0,car,0 days 00:00:47.635000,0 days 01:41:52.853000,2585.940277777779,23.0
2023-10-22 19:42:55.286,10863,144,3,100,False,0,car,0 days 00:00:47.835000,0 days 01:41:53.053000,2593.940277777779,23.0
2023-10-22 19:42:55.606,10762,155,3,100,False,0,car,0 days 00:00:48.155000,0 days 01:41:53.373000,2607.718055555557,23.0
2023-10-22 19:42:55.846,11114,173,4,100,False,8,car,0 days 00:00:48.395000,0 days 01:41:53.613000,2619.2513888888902,23.0
2023-10-22 19:42:56.166,11711,184,4,100,False,8,car,0 days 00:00:48.715000,0 days 01:41:53.933000,2635.6069444444456,23.0
2023-10-22 19:42:56.566,10874,199,5,100,False,8,car,0 days 00:00:49.115000,0 days 01:41:54.333000,2657.7180555555565,23.0
2023-10-22 19:42:56.886,11390,209,5,100,False,8,car,0 days 00:00:49.435000,0 days 01:41:54.653000,2676.2958333333345,23.0
2023-10-22 19:42:57.086,11672,214,5,100,False,8,car,0 days 00:00:49.635000,0 days 01:41:54.853000,2688.184722222223,23.0
2023-10-22 19:42:57.326,10808,223,5,100,False,8,car,0 days 00:00:49.875000,0 days 01:41:55.093000,2703.05138888889,23.0
2023-10-22 19:42:57.606,10939,228,6,100,False,8,car,0 days 00:00:50.155000,0 days 01:41:55.373000,2720.7847222222235,23.0
2023-10-22 19:42:57.846,11164,235,6,100,False,8,car,0 days 00:00:50.395000,0 days 01:41:55.613000,2736.4513888888905,23.0
2023-10-22 19:42:58.206,11511,241,6,100,False,8,car,0 days 00:00:50.755000,0 days 01:41:55.973000,2760.5513888888904,23.0
2023-10-22 19:42:58.566,10594,248,6,100,False,8,car,0 days 00:00:51.115000,0 days 01:41:56.333000,2785.3513888888906,23.0
2023-10-22 19:42:59.006,10731,255,7,100,False,14,car,0 days 00:00:51.555000,0 days 01:41:56.773000,2816.518055555557,23.0
2023-10-22 19:42:59.206,10825,259,7,100,False,14,car,0 days 00:00:51.755000,0 days 01:41:56.973000,2830.9069444444463,23.0
2023-10-22 19:42:59.406,10827,260,7,100,False,12,car,0 days 00:00:51.955000,0 days 01:41:57.173000,2845.3513888888906,23.0
2023-10-22 19:42:59.606,11108,264,7,100,False,12,car,0 days 00:00:52.155000,0 days 01:41:57.373000,2860.0180555555576,23.0
2023-10-22 19:42:59.846,11215,270,7,100,False,12,car,0 days 00:00:52.395000,0 days 01:41:57.613000,2878.0180555555576,23.0
2023-10-22 19:43:00.086,11417,274,7,100,False,12,car,0 days 00:00:52.635000,0 days 01:41:57.853000,2896.284722222224,23.0
2023-10-22 19:43:00.406,11569,277,7,100,False,12,car,0 days 00:00:52.955000,0 days 01:41:58.173000,2920.9069444444463,23.0
2023-10-22 19:43:00.806,10706,283,8,100,False,12,car,0 days 00:00:53.355000,0 days 01:41:58.573000,2952.3513888888906,23.0
2023-10-22 19:43:01.045,10764,285,8,100,False,12,car,0 days 00:00:53.594000,0 days 01:41:58.812000,2971.272222222224,23.0
2023-10-22 19:43:01.325,10568,289,8,100,False,12,car,0 days 00:00:53.874000,0 days 01:41:59.092000,2993.750000000002,23.0
2023-10-22 19:43:01.565,10680,292,8,100,False,12,car,0 days 00:00:54.114000,0 days 01:41:59.332000,3013.216666666668,23.0
2023-10-22 19:43:01.806,10878,294,8,100,False,12,car,0 days 00:00:54.355000,0 days 01:41:59.573000,3032.898333333335,23.0
2023-10-22 19:43:02.006,10971,296,8,100,False,12,car,0 days 00:00:54.555000,0 days 01:41:59.773000,3049.3427777777797,23.0
2023-10-22 19:43:02.286,11043,299,8,100,False,12,car,0 days 00:00:54.835000,0 days 01:42:00.053000,3072.598333333335,23.0
2023-10-22 19:43:02.486,11043,299,8,100,False,12,car,0 days 00:00:55.035000,0 days 01:42:00.253000,3089.209444444446,23.0
2023-10-22 19:43:02.766,11222,303,8,100,False,12,car,0 days 00:00:55.315000,0 days 01:42:00.533000,3112.7761111111126,23.0
2023-10-22 19:43:03.046,11257,306,8,100,False,12,car,0 days 00:00:55.595000,0 days 01:42:00.813000,3136.576111111113,23.0
2023-10-22 19:43:03.206,11257,306,8,100,False,12,car,0 days 00:00:55.755000,0 days 01:42:00.973000,3150.176111111113,23.0
2023-10-22 19:43:03.486,11349,308,8,100,False,12,car,0 days 00:00:56.035000,0 days 01:42:01.253000,3174.131666666668,23.0
2023-10-22 19:43:03.806,11467,312,8,100,False,12,car,0 days 00:00:56.355000,0 days 01:42:01.573000,3201.8650000000016,23.0
2023-10-22 19:43:04.046,11512,313,8,100,False,12,car,0 days 00:00:56.595000,0 days 01:42:01.813000,3222.7316666666684,23.0
2023-10-22 19:43:04.406,11628,315,8,100,False,12,car,0 days 00:00:56.955000,0 days 01:42:02.173000,3254.2316666666684,23.0
2023-10-22 19:43:04.686,11618,316,8,100,False,12,car,0 days 00:00:57.235000,0 days 01:42:02.453000,3278.8094444444464,23.0
2023-10-22 19:43:04.926,11673,318,8,100,False,12,car,0 days 00:00:57.475000,0 days 01:42:02.693000,3300.0094444444467,23.0
2023-10-22 19:43:05.286,11705,318,8,100,False,12,car,0 days 00:00:57.835000,0 days 01:42:03.053000,3331.8094444444464,23.0
2023-10-22 19:43:05.566,11690,318,8,100,False,12,car,0 days 00:00:58.115000,0 days 01:42:03.333000,3356.54277777778,23.0
2023-10-22 19:43:05.926,11736,318,8,100,False,12,car,0 days 00:00:58.475000,0 days 01:42:03.693000,3388.3427777777797,23.0
2023-10-22 19:43:06.286,11709,317,8,100,False,12,car,0 days 00:00:58.835000,0 days 01:42:04.053000,3420.0427777777795,23.0
2023-10-22 19:43:06.526,11748,319,8,100,False,12,car,0 days 00:00:59.075000,0 days 01:42:04.293000,3441.3094444444464,23.0
2023-10-22 19:43:06.806,11716,320,8,100,False,12,car,0 days 00:00:59.355000,0 days 01:42:04.573000,3466.1983333333346,23.0
2023-10-22 19:43:07.046,11759,320,8,100,False,12,car,0 days 00:00:59.595000,0 days 01:42:04.813000,3487.531666666668,23.0
2023-10-22 19:43:07.366,11771,320,8,100,False,12,car,0 days 00:00:59.915000,0 days 01:42:05.133000,3515.9761111111125,23.0
2023-10-22 19:43:07.566,11794,320,8,100,False,12,car,0 days 00:01:00.115000,0 days 01:42:05.333000,3533.7538888888903,23.0
2023-10-22 19:43:07.805,11799,320,8,100,False,12,car,0 days 00:01:00.354000,0 days 01:42:05.572000,3554.9983333333344,23.0
2023-10-22 19:43:08.005,11806,321,8,100,True,0,car,0 days 00:01:00.554000,0 days 01:42:05.772000,3572.831666666668,23.0
2023-10-22 19:43:08.206,10860,302,8,0,True,0,car,0 days 00:01:00.755000,0 days 01:42:05.973000,3589.6933333333345,23.0
2023-10-22 19:43:08.446,10329,259,8,0,True,0,car,0 days 00:01:00.995000,0 days 01:42:06.213000,3606.960000000001,23.0
2023-10-22 19:43:08.766,9812,219,8,0,True,0,car,0 days 00:01:01.315000,0 days 01:42:06.533000,3626.4266666666676,23.0
2023-10-22 19:43:09.086,10332,181,6,0,True,0,car,0 days 00:01:01.635000,0 days 01:42:06.853000,3642.5155555555566,23.0
2023-10-22 19:43:09.286,10332,159,6,0,True,0,car,0 days 00:01:01.835000,0 days 01:42:07.053000,3651.34888888889,23.0
2023-10-22 19:43:09.606,9954,134,4,0,True,0,car,0 days 00:01:02.155000,0 days 01:42:07.373000,3663.260000000001,23.0
2023-10-22 19:43:09.886,9585,118,2,0,True,0,car,0 days 00:01:02.435000,0 days 01:42:07.653000,3672.437777777779,23.0
2023-10-22 19:43:10.126,8754,105,2,0,True,0,car,0 days 00:01:02.675000,0 days 01:42:07.893000,3679.437777777779,23.0
2023-10-22 19:43:10.446,7944,95,2,0,True,0,car,0 days 00:01:02.995000,0 days 01:42:08.213000,3687.8822222222234,23.0
2023-10-22 19:43:10.726,7348,88,2,0,True,0,car,0 days 00:01:03.275000,0 days 01:42:08.493000,3694.726666666668,23.0
2023-10-22 19:43:10.966,6840,84,2,0,True,0,car,0 days 00:01:03.515000,0 days 01:42:08.733000,3700.3266666666677,23.0
2023-10-22 19:43:11.166,6846,81,2,0,False,0,car,0 days 00:01:03.715000,0 days 01:42:08.933000,3704.8266666666677,23.0
2023-10-22 19:43:11.406,6695,79,2,7,False,0,car,0 days 00:01:03.955000,0 days 01:42:09.173000,3710.093333333334,23.0
2023-10-22 19:43:11.566,7044,77,2,14,False,0,car,0 days 00:01:04.115000,0 days 01:42:09.333000,3713.515555555556,23.0
2023-10-22 19:43:11.846,7243,82,2,31,False,0,car,0 days 00:01:04.395000,0 days 01:42:09.613000,3719.893333333334,23.0
2023-10-22 19:43:12.006,7744,84,2,41,False,0,car,0 days 00:01:04.555000,0 days 01:42:09.773000,3723.6266666666675,23.0
2023-10-22 19:43:12.286,8291,92,2,48,False,0,car,0 days 00:01:04.835000,0 days 01:42:10.053000,3730.7822222222226,23.0
2023-10-22 19:43:12.566,8984,100,2,50,False,0,car,0 days 00:01:05.115000,0 days 01:42:10.333000,3738.5600000000004,23.0
2023-10-22 19:43:12.926,10213,115,2,62,False,0,car,0 days 00:01:05.475000,0 days 01:42:10.693000,3750.0600000000004,23.0
2023-10-22 19:43:13.246,10726,125,2,72,False,0,car,0 days 00:01:05.795000,0 days 01:42:11.013000,3761.1711111111117,23.0
2023-10-22 19:43:13.486,10753,134,3,100,False,0,car,0 days 00:01:06.035000,0 days 01:42:11.253000,3770.1044444444447,23.0
2023-10-22 19:43:13.726,11274,150,3,100,False,0,car,0 days 00:01:06.275000,0 days 01:42:11.493000,3780.104444444445,23.0
2023-10-22 19:43:13.926,11349,159,3,100,False,0,car,0 days 00:01:06.475000,0 days 01:42:11.693000,3788.937777777778,23.0
2023-10-22 19:43:14.126,10523,163,3,100,False,0,car,0 days 00:01:06.675000,0 days 01:42:11.893000,3797.993333333334,23.0
2023-10-22 19:43:14.326,10891,174,4,100,False,0,car,0 days 00:01:06.875000,0 days 01:42:12.093000,3807.6600000000008,23.0
2023-10-22 19:43:14.565,11147,180,4,100,False,0,car,0 days 00:01:07.114000,0 days 01:42:12.332000,3819.610000000001,23.0
2023-10-22 19:43:14.725,11244,184,4,100,False,0,car,0 days 00:01:07.274000,0 days 01:42:12.492000,3827.7877777777785,23.0
2023-10-22 19:43:15.006,10103,189,5,58,False,0,car,0 days 00:01:07.555000,0 days 01:42:12.773000,3842.540277777779,23.0
2023-10-22 19:43:15.326,9972,169,5,0,True,0,car,0 days 00:01:07.875000,0 days 01:42:13.093000,3857.562500000001,23.0
2023-10-22 19:43:15.726,10531,147,4,0,True,0,car,0 days 00:01:08.275000,0 days 01:42:13.493000,3873.8958333333344,23.0
2023-10-22 19:43:15.926,9983,136,3,0,True,0,car,0 days 00:01:08.475000,0 days 01:42:13.693000,3881.4513888888896,23.0
2023-10-22 19:43:16.326,8300,118,3,0,True,0,car,0 days 00:01:08.875000,0 days 01:42:14.093000,3894.562500000001,23.0
2023-10-22 19:43:16.646,7676,109,3,0,True,0,car,0 days 00:01:09.195000,0 days 01:42:14.413000,3904.25138888889,23.0
2023-10-22 19:43:16.846,7361,104,3,0,True,0,car,0 days 00:01:09.395000,0 days 01:42:14.613000,3910.0291666666676,23.0
2023-10-22 19:43:17.126,7007,98,3,0,False,0,car,0 days 00:01:09.675000,0 days 01:42:14.893000,3917.65138888889,23.0
2023-10-22 19:43:17.366,7007,97,3,0,False,0,car,0 days 00:01:09.915000,0 days 01:42:15.133000,3924.1180555555566,23.0
2023-10-22 19:43:17.686,7228,92,3,14,False,0,car,0 days 00:01:10.235000,0 days 01:42:15.453000,3932.295833333334,23.0
2023-10-22 19:43:18.006,6766,92,3,23,False,0,car,0 days 00:01:10.555000,0 days 01:42:15.773000,3940.473611111112,23.0
2023-10-22 19:43:18.206,6984,93,3,28,False,0,car,0 days 00:01:10.755000,0 days 01:42:15.973000,3945.6402777777785,23.0
2023-10-22 19:43:18.406,7240,96,3,35,False,0,car,0 days 00:01:10.955000,0 days 01:42:16.173000,3950.973611111112,23.0
2023-10-22 19:43:18.846,7682,102,3,38,False,0,car,0 days 00:01:11.395000,0 days 01:42:16.613000,3963.4402777777786,23.0
2023-10-22 19:43:19.086,7928,105,3,45,False,0,car,0 days 00:01:11.635000,0 days 01:42:16.853000,3970.440277777779,23.0
2023-10-22 19:43:19.366,8452,112,3,48,False,0,car,0 days 00:01:11.915000,0 days 01:42:17.133000,3979.1513888888903,23.0
2023-10-22 19:43:19.566,8898,117,3,53,False,0,car,0 days 00:01:12.115000,0 days 01:42:17.333000,3985.65138888889,23.0
2023-10-22 19:43:19.886,9786,126,3,67,False,0,car,0 days 00:01:12.435000,0 days 01:42:17.653000,3996.85138888889,23.0
2023-10-22 19:43:20.286,10733,141,3,82,False,0,car,0 days 00:01:12.835000,0 days 01:42:18.053000,4012.5180555555567,23.0
2023-10-22 19:43:20.486,11273,150,3,100,False,0,car,0 days 00:01:13.035000,0 days 01:42:18.253000,4020.85138888889,23.0
2023-10-22 19:43:20.766,10272,156,3,100,False,0,car,0 days 00:01:13.315000,0 days 01:42:18.533000,4032.9847222222234,23.0
2023-10-22 19:43:21.006,10537,163,4,100,False,0,car,0 days 00:01:13.555000,0 days 01:42:18.773000,4043.8513888888906,23.0
2023-10-22 19:43:21.205,10909,172,4,99,False,0,car,0 days 00:01:13.754000,0 days 01:42:18.972000,4053.3591666666684,23.0
2023-10-22 19:43:21.606,10100,181,4,100,False,0,car,0 days 00:01:14.155000,0 days 01:42:19.373000,4073.520555555557,23.0
2023-10-22 19:43:21.766,10341,189,5,99,False,0,car,0 days 00:01:14.315000,0 days 01:42:19.533000,4081.920555555557,23.0
2023-10-22 19:43:21.966,10767,191,5,94,False,0,car,0 days 00:01:14.515000,0 days 01:42:19.733000,4092.531666666668,23.0
2023-10-22 19:43:22.366,9167,174,5,0,True,0,car,0 days 00:01:14.915000,0 days 01:42:20.133000,4111.865000000002,23.0
2023-10-22 19:43:22.526,9755,164,5,0,True,0,car,0 days 00:01:15.075000,0 days 01:42:20.293000,4119.15388888889,23.0
2023-10-22 19:43:22.806,9236,154,4,0,True,0,car,0 days 00:01:15.355000,0 days 01:42:20.573000,4131.131666666668,23.0
2023-10-22 19:43:23.006,9118,146,4,0,True,0,car,0 days 00:01:15.555000,0 days 01:42:20.773000,4139.242777777779,23.0
2023-10-22 19:43:23.206,9599,136,3,0,True,0,car,0 days 00:01:15.755000,0 days 01:42:20.973000,4146.798333333334,23.0
2023-10-22 19:43:23.406,8687,126,3,0,True,0,car,0 days 00:01:15.955000,0 days 01:42:21.173000,4153.798333333334,23.0
2023-10-22 19:43:23.566,8158,117,3,0,True,0,car,0 days 00:01:16.115000,0 days 01:42:21.333000,4158.998333333334,23.0
2023-10-22 19:43:23.766,7642,110,3,0,True,0,car,0 days 00:01:16.315000,0 days 01:42:21.533000,4165.109444444445,23.0
2023-10-22 19:43:24.086,7441,103,3,0,True,0,car,0 days 00:01:16.635000,0 days 01:42:21.853000,4174.265000000001,23.0
2023-10-22 19:43:24.326,6760,98,3,0,True,0,car,0 days 00:01:16.875000,0 days 01:42:22.093000,4180.798333333334,23.0
2023-10-22 19:43:24.606,6559,93,3,0,True,0,car,0 days 00:01:17.155000,0 days 01:42:22.373000,4188.031666666668,23.0
2023-10-22 19:43:24.886,5958,88,3,0,True,0,car,0 days 00:01:17.435000,0 days 01:42:22.653000,4194.876111111113,23.0
2023-10-22 19:43:25.286,5697,82,3,0,False,0,car,0 days 00:01:17.835000,0 days 01:42:23.053000,4203.987222222224,23.0
2023-10-22 19:43:25.686,5878,79,3,17,False,0,car,0 days 00:01:18.235000,0 days 01:42:23.453000,4212.765000000002,23.0
2023-10-22 19:43:25.846,5918,80,3,23,False,0,car,0 days 00:01:18.395000,0 days 01:42:23.613000,4216.320555555558,23.0
2023-10-22 19:43:26.006,6227,81,3,30,False,0,car,0 days 00:01:18.555000,0 days 01:42:23.773000,4219.920555555558,23.0
2023-10-22 19:43:26.286,6490,87,3,40,False,0,car,0 days 00:01:18.835000,0 days 01:42:24.053000,4226.687222222225,23.0
2023-10-22 19:43:26.646,7372,98,3,50,False,0,car,0 days 00:01:19.195000,0 days 01:42:24.413000,4236.487222222225,23.0
2023-10-22 19:43:26.886,7885,104,3,57,False,0,car,0 days 00:01:19.435000,0 days 01:42:24.653000,4243.420555555558,23.0
2023-10-22 19:43:27.246,9042,119,3,67,False,0,car,0 days 00:01:19.795000,0 days 01:42:25.013000,4255.320555555558,23.0
2023-10-22 19:43:27.446,9749,128,3,73,False,0,car,0 days 00:01:19.995000,0 days 01:42:25.213000,4262.431666666669,23.0
2023-10-22 19:43:27.606,10117,132,3,78,False,0,car,0 days 00:01:20.155000,0 days 01:42:25.373000,4268.298333333336,23.0
2023-10-22 19:43:27.845,11113,146,3,91,False,0,car,0 days 00:01:20.394000,0 days 01:42:25.612000,4277.991111111114,23.0
2023-10-22 19:43:28.006,11365,151,3,100,False,0,car,0 days 00:01:20.555000,0 days 01:42:25.773000,4284.74416666667,23.0
2023-10-22 19:43:28.206,10105,156,3,100,False,0,car,0 days 00:01:20.755000,0 days 01:42:25.973000,4293.410833333336,23.0
2023-10-22 19:43:28.566,11165,176,4,100,False,0,car,0 days 00:01:21.115000,0 days 01:42:26.333000,4311.010833333336,23.0
2023-10-22 19:43:28.766,11541,180,4,100,False,0,car,0 days 00:01:21.315000,0 days 01:42:26.533000,4321.010833333336,23.0
2023-10-22 19:43:29.166,10702,196,5,100,False,0,car,0 days 00:01:21.715000,0 days 01:42:26.933000,4342.788611111115,23.0
2023-10-22 19:43:29.486,11131,205,5,100,False,0,car,0 days 00:01:22.035000,0 days 01:42:27.253000,4361.010833333336,23.0
2023-10-22 19:43:29.686,11430,210,5,100,False,0,car,0 days 00:01:22.235000,0 days 01:42:27.453000,4372.677500000003,23.0
2023-10-22 19:43:29.886,11658,214,5,100,False,0,car,0 days 00:01:22.435000,0 days 01:42:27.653000,4384.566388888892,23.0
2023-10-22 19:43:30.166,10461,220,6,100,False,0,car,0 days 00:01:22.715000,0 days 01:42:27.933000,4401.677500000003,23.0
2023-10-22 19:43:30.366,10472,222,6,100,False,0,car,0 days 00:01:22.915000,0 days 01:42:28.133000,4414.010833333337,23.0
2023-10-22 19:43:30.566,10654,222,6,100,False,0,car,0 days 00:01:23.115000,0 days 01:42:28.333000,4426.34416666667,23.0
2023-10-22 19:43:30.726,10597,224,6,62,False,0,car,0 days 00:01:23.275000,0 days 01:42:28.493000,4436.299722222227,23.0
2023-10-22 19:43:30.926,10475,222,6,46,False,0,car,0 days 00:01:23.475000,0 days 01:42:28.693000,4448.63305555556,23.0
2023-10-22 19:43:31.166,10431,219,6,51,False,0,car,0 days 00:01:23.715000,0 days 01:42:28.933000,4463.23305555556,23.0
2023-10-22 19:43:31.366,10422,218,6,59,False,0,car,0 days 00:01:23.915000,0 days 01:42:29.133000,4475.344166666671,23.0
2023-10-22 19:43:31.726,10452,220,6,69,False,0,car,0 days 00:01:24.275000,0 days 01:42:29.493000,4497.344166666671,23.0
2023-10-22 19:43:31.886,10443,221,6,69,False,0,car,0 days 00:01:24.435000,0 days 01:42:29.653000,4507.166388888893,23.0
2023-10-22 19:43:32.126,10513,221,6,72,False,0,car,0 days 00:01:24.675000,0 days 01:42:29.893000,4521.899722222226,23.0
2023-10-22 19:43:32.366,10586,222,6,76,False,0,car,0 days 00:01:24.915000,0 days 01:42:30.133000,4536.699722222226,23.0
2023-10-22 19:43:32.646,10539,226,6,84,False,0,car,0 days 00:01:25.195000,0 days 01:42:30.413000,4554.277500000003,23.0
2023-10-22 19:43:33.046,10886,230,6,100,False,0,car,0 days 00:01:25.595000,0 days 01:42:30.813000,4579.8330555555585,23.0
2023-10-22 19:43:33.206,10938,231,6,100,False,0,car,0 days 00:01:25.755000,0 days 01:42:30.973000,4590.099722222225,23.0
2023-10-22 19:43:33.566,11092,234,6,100,False,0,car,0 days 00:01:26.115000,0 days 01:42:31.333000,4613.499722222225,23.0
2023-10-22 19:43:33.806,11226,235,6,100,False,0,car,0 days 00:01:26.355000,0 days 01:42:31.573000,4629.166388888892,23.0
2023-10-22 19:43:34.206,11452,239,6,100,False,0,car,0 days 00:01:26.755000,0 days 01:42:31.973000,4655.721944444446,23.0
2023-10-22 19:43:34.486,11465,242,6,100,False,0,car,0 days 00:01:27.035000,0 days 01:42:32.253000,4674.544166666668,23.0
2023-10-22 19:43:34.646,10345,243,6,100,False,0,car,0 days 00:01:27.195000,0 days 01:42:32.413000,4685.344166666669,23.0
2023-10-22 19:43:34.806,10263,245,7,100,False,0,car,0 days 00:01:27.355000,0 days 01:42:32.573000,4696.233055555558,23.0
2023-10-22 19:43:35.006,10621,246,7,100,False,0,car,0 days 00:01:27.555000,0 days 01:42:32.773000,4709.899722222225,23.0
2023-10-22 19:43:35.246,10352,250,7,100,False,0,car,0 days 00:01:27.795000,0 days 01:42:33.013000,4726.566388888891,23.0
2023-10-22 19:43:35.686,10419,251,7,99,False,0,car,0 days 00:01:28.235000,0 days 01:42:33.453000,4757.244166666669,23.0
2023-10-22 19:43:36.006,10568,252,7,100,False,0,car,0 days 00:01:28.555000,0 days 01:42:33.773000,4779.64416666667,23.0
2023-10-22 19:43:36.206,10615,254,7,100,False,0,car,0 days 00:01:28.755000,0 days 01:42:33.973000,4793.75527777778,23.0
2023-10-22 19:43:36.406,10652,256,7,100,False,0,car,0 days 00:01:28.955000,0 days 01:42:34.173000,4807.977500000003,23.0
2023-10-22 19:43:36.566,10695,258,7,100,False,0,car,0 days 00:01:29.115000,0 days 01:42:34.333000,4819.444166666669,23.0
2023-10-22 19:43:36.846,10779,260,7,99,False,0,car,0 days 00:01:29.395000,0 days 01:42:34.613000,4839.666388888892,23.0
2023-10-22 19:43:37.086,10233,259,7,0,True,0,car,0 days 00:01:29.635000,0 days 01:42:34.853000,4856.933055555559,23.0
2023-10-22 19:43:37.286,10233,250,7,0,True,0,car,0 days 00:01:29.835000,0 days 01:42:35.053000,4870.821944444447,23.0
2023-10-22 19:43:37.566,10013,227,7,0,True,0,car,0 days 00:01:30.115000,0 days 01:42:35.333000,4888.477500000003,23.0
2023-10-22 19:43:37.806,9948,217,6,0,True,0,car,0 days 00:01:30.355000,0 days 01:42:35.573000,4902.94416666667,23.0
2023-10-22 19:43:38.046,10506,199,6,0,True,0,car,0 days 00:01:30.595000,0 days 01:42:35.813000,4916.210833333336,23.0
2023-10-22 19:43:38.406,10007,190,5,0,True,0,car,0 days 00:01:30.955000,0 days 01:42:36.173000,4935.210833333336,23.0
2023-10-22 19:43:38.606,9823,187,5,6,False,0,car,0 days 00:01:31.155000,0 days 01:42:36.373000,4945.599722222225,23.0
2023-10-22 19:43:38.806,9968,183,5,32,False,0,car,0 days 00:01:31.355000,0 days 01:42:36.573000,4955.766388888892,23.0
2023-10-22 19:43:39.166,9980,183,5,56,False,0,car,0 days 00:01:31.715000,0 days 01:42:36.933000,4974.066388888892,23.0
2023-10-22 19:43:39.606,10602,191,5,99,False,0,car,0 days 00:01:32.155000,0 days 01:42:37.373000,4997.410833333336,23.0
2023-10-22 19:43:39.806,10745,194,5,100,False,0,car,0 days 00:01:32.355000,0 days 01:42:37.573000,5008.188611111114,23.0
2023-10-22 19:43:40.246,11201,205,5,100,False,0,car,0 days 00:01:32.795000,0 days 01:42:38.013000,5033.24416666667,23.0
2023-10-22 19:43:40.446,11372,209,5,100,False,0,car,0 days 00:01:32.995000,0 days 01:42:38.213000,5044.855277777781,23.0
2023-10-22 19:43:40.726,10631,215,5,100,False,0,car,0 days 00:01:33.275000,0 days 01:42:38.493000,5061.577500000004,23.0
2023-10-22 19:43:40.926,10405,219,6,100,False,0,car,0 days 00:01:33.475000,0 days 01:42:38.693000,5073.74416666667,23.0
2023-10-22 19:43:41.247,10453,224,6,100,False,0,car,0 days 00:01:33.796000,0 days 01:42:39.014000,5093.717500000004,23.0
2023-10-22 19:43:41.646,10878,230,6,100,False,0,car,0 days 00:01:34.195000,0 days 01:42:39.413000,5119.20916666667,23.0
2023-10-22 19:43:42.086,11075,236,6,100,True,0,car,0 days 00:01:34.635000,0 days 01:42:39.853000,5148.053611111115,23.0
2023-10-22 19:43:42.246,10505,224,6,0,True,0,car,0 days 00:01:34.795000,0 days 01:42:40.013000,5158.00916666667,23.0
2023-10-22 19:43:42.726,9824,173,5,0,True,0,car,0 days 00:01:35.275000,0 days 01:42:40.493000,5181.075833333337,23.0
2023-10-22 19:43:42.886,10181,163,5,0,True,0,car,0 days 00:01:35.435000,0 days 01:42:40.653000,5188.3202777777815,23.0
2023-10-22 19:43:43.166,10035,139,4,0,True,0,car,0 days 00:01:35.715000,0 days 01:42:40.933000,5199.131388888893,23.0
2023-10-22 19:43:43.526,8399,120,3,0,True,0,car,0 days 00:01:36.075000,0 days 01:42:41.293000,5211.131388888893,23.0
2023-10-22 19:43:43.886,7698,110,3,0,True,0,car,0 days 00:01:36.435000,0 days 01:42:41.653000,5222.131388888893,23.0
2023-10-22 19:43:44.126,7192,102,3,0,True,0,car,0 days 00:01:36.675000,0 days 01:42:41.893000,5228.931388888893,23.0
2023-10-22 19:43:44.326,6867,100,3,0,True,0,car,0 days 00:01:36.875000,0 days 01:42:42.093000,5234.486944444448,23.0
2023-10-22 19:43:44.726,6641,93,3,1,False,0,car,0 days 00:01:37.275000,0 days 01:42:42.493000,5244.8202777777815,23.0
2023-10-22 19:43:45.046,6699,91,3,17,False,0,car,0 days 00:01:37.595000,0 days 01:42:42.813000,5252.90916666667,23.0
2023-10-22 19:43:45.286,6892,92,3,30,False,0,car,0 days 00:01:37.835000,0 days 01:42:43.053000,5259.042500000003,23.0
2023-10-22 19:43:45.446,7117,94,3,34,False,0,car,0 days 00:01:37.995000,0 days 01:42:43.213000,5263.220277777781,23.0
2023-10-22 19:43:45.646,7280,97,3,40,False,0,car,0 days 00:01:38.195000,0 days 01:42:43.413000,5268.60916666667,23.0
2023-10-22 19:43:45.806,7670,100,3,44,False,0,car,0 days 00:01:38.355000,0 days 01:42:43.573000,5273.053611111114,23.0
2023-10-22 19:43:46.086,8131,107,3,53,False,0,car,0 days 00:01:38.635000,0 days 01:42:43.853000,5281.375833333336,23.0
2023-10-22 19:43:46.366,8551,116,3,53,False,0,car,0 days 00:01:38.915000,0 days 01:42:44.133000,5290.398055555558,23.0
2023-10-22 19:43:46.566,9514,123,3,64,False,0,car,0 days 00:01:39.115000,0 days 01:42:44.333000,5297.231388888891,23.0
2023-10-22 19:43:46.806,10059,132,3,78,False,0,car,0 days 00:01:39.355000,0 days 01:42:44.573000,5306.031388888891,23.0
2023-10-22 19:43:47.086,11385,146,3,99,False,0,car,0 days 00:01:39.635000,0 days 01:42:44.853000,5317.386944444447,23.0
2023-10-22 19:43:47.406,11068,161,3,100,False,0,car,0 days 00:01:39.955000,0 days 01:42:45.173000,5331.698055555558,23.0
2023-10-22 19:43:47.606,10667,169,4,100,False,0,car,0 days 00:01:40.155000,0 days 01:42:45.373000,5341.086944444447,23.0
2023-10-22 19:43:47.807,11110,176,4,100,False,0,car,0 days 00:01:40.356000,0 days 01:42:45.574000,5350.913611111113,23.0
2023-10-22 19:43:48.206,10469,190,4,100,False,0,car,0 days 00:01:40.755000,0 days 01:42:45.973000,5371.971944444446,23.0
2023-10-22 19:43:48.366,10709,196,5,100,False,0,car,0 days 00:01:40.915000,0 days 01:42:46.133000,5380.683055555558,23.0
2023-10-22 19:43:48.566,11066,203,5,100,False,0,car,0 days 00:01:41.115000,0 days 01:42:46.333000,5391.960833333335,23.0
2023-10-22 19:43:48.926,11587,210,5,100,False,0,car,0 days 00:01:41.475000,0 days 01:42:46.693000,5412.960833333335,23.0
2023-10-22 19:43:49.126,10747,218,5,100,False,0,car,0 days 00:00:00.185000,0 days 01:42:46.893000,11.202777777777778,24.0
2023-10-22 19:43:49.446,10696,225,6,100,False,0,car,0 days 00:00:00.505000,0 days 01:42:47.213000,31.202777777777776,24.0
2023-10-22 19:43:49.886,11080,233,6,100,False,0,car,0 days 00:00:00.945000,0 days 01:42:47.653000,59.68055555555554,24.0
2023-10-22 19:43:50.086,11234,237,6,100,False,0,car,0 days 00:00:01.145000,0 days 01:42:47.853000,72.84722222222221,24.0
2023-10-22 19:43:50.406,11452,242,6,100,False,0,car,0 days 00:00:01.465000,0 days 01:42:48.173000,94.35833333333332,24.0
2023-10-22 19:43:50.566,11611,245,6,100,False,0,car,0 days 00:00:01.625000,0 days 01:42:48.333000,105.2472222222222,24.0
2023-10-22 19:43:50.766,10836,248,6,100,False,0,car,0 days 00:00:01.825000,0 days 01:42:48.533000,119.02499999999998,24.0
2023-10-22 19:43:50.926,10467,251,7,100,False,0,car,0 days 00:00:01.985000,0 days 01:42:48.693000,130.18055555555554,24.0
2023-10-22 19:43:51.166,10553,254,7,100,False,0,car,0 days 00:00:02.225000,0 days 01:42:48.933000,147.11388888888888,24.0
2023-10-22 19:43:51.446,10735,258,7,100,False,0,car,0 days 00:00:02.505000,0 days 01:42:49.213000,167.18055555555554,24.0
2023-10-22 19:43:51.926,11013,263,7,100,False,0,car,0 days 00:00:02.985000,0 days 01:42:49.693000,202.2472222222222,24.0
2023-10-22 19:43:52.286,11060,267,7,100,False,0,car,0 days 00:00:03.345000,0 days 01:42:50.053000,228.94722222222222,24.0
2023-10-22 19:43:52.446,11174,269,7,100,False,0,car,0 days 00:00:03.505000,0 days 01:42:50.213000,240.90277777777774,24.0
2023-10-22 19:43:52.646,11213,270,7,100,False,0,car,0 days 00:00:03.705000,0 days 01:42:50.413000,255.90277777777777,24.0
2023-10-22 19:43:52.806,11254,270,7,100,False,0,car,0 days 00:00:03.865000,0 days 01:42:50.573000,267.90277777777777,24.0
2023-10-22 19:43:53.046,11400,274,7,100,False,0,car,0 days 00:00:04.105000,0 days 01:42:50.813000,286.1694444444445,24.0
2023-10-22 19:43:53.206,11397,275,7,100,False,0,car,0 days 00:00:04.265000,0 days 01:42:50.973000,298.39166666666665,24.0
2023-10-22 19:43:53.526,11527,277,7,100,False,0,car,0 days 00:00:04.585000,0 days 01:42:51.293000,323.0138888888889,24.0
2023-10-22 19:43:54.006,10219,277,8,100,False,0,car,0 days 00:00:05.065000,0 days 01:42:51.773000,359.9472222222223,24.0
2023-10-22 19:43:54.166,10199,277,8,100,False,0,car,0 days 00:00:05.225000,0 days 01:42:51.933000,372.2583333333334,24.0
2023-10-22 19:43:54.407,10182,277,8,100,False,0,car,0 days 00:00:05.466000,0 days 01:42:52.174000,390.80194444444453,24.0
2023-10-22 19:43:54.806,10156,277,8,100,False,0,car,0 days 00:00:05.865000,0 days 01:42:52.573000,421.50277777777785,24.0
2023-10-22 19:43:54.966,10174,277,8,100,False,0,car,0 days 00:00:06.025000,0 days 01:42:52.733000,433.813888888889,24.0
2023-10-22 19:43:55.126,10115,275,8,100,False,0,car,0 days 00:00:06.185000,0 days 01:42:52.893000,446.03611111111115,24.0
2023-10-22 19:43:55.366,10138,275,8,100,False,0,car,0 days 00:00:06.425000,0 days 01:42:53.133000,464.3694444444445,24.0
2023-10-22 19:43:55.566,9676,275,8,100,False,0,car,0 days 00:00:06.625000,0 days 01:42:53.333000,479.6472222222223,24.0
2023-10-22 19:43:55.806,9655,269,8,0,False,0,car,0 days 00:00:06.865000,0 days 01:42:53.573000,497.58055555555563,24.0
2023-10-22 19:43:56.206,9044,257,8,0,True,0,car,0 days 00:00:07.265000,0 days 01:42:53.973000,526.1361111111112,24.0
2023-10-22 19:43:56.406,8302,237,8,0,True,0,car,0 days 00:00:07.465000,0 days 01:42:54.173000,539.3027777777778,24.0
2023-10-22 19:43:56.606,8214,205,8,0,True,0,car,0 days 00:00:07.665000,0 days 01:42:54.373000,550.6916666666667,24.0
2023-10-22 19:43:56.886,7988,174,8,0,True,0,car,0 days 00:00:07.945000,0 days 01:42:54.653000,564.225,24.0
2023-10-22 19:43:57.206,7812,157,6,0,True,0,car,0 days 00:00:08.265000,0 days 01:42:54.973000,578.1805555555555,24.0
2023-10-22 19:43:57.486,7973,129,4,0,True,0,car,0 days 00:00:08.545000,0 days 01:42:55.253000,588.2138888888888,24.0
2023-10-22 19:43:57.686,8371,121,4,0,True,0,car,0 days 00:00:08.745000,0 days 01:42:55.453000,594.936111111111,24.0
2023-10-22 19:43:57.886,7788,111,3,0,True,0,car,0 days 00:00:08.945000,0 days 01:42:55.653000,601.1027777777778,24.0
2023-10-22 19:43:58.246,7104,100,3,0,True,0,car,0 days 00:00:09.305000,0 days 01:42:56.013000,611.1027777777778,24.0
2023-10-22 19:43:58.446,6732,98,3,0,True,0,car,0 days 00:00:09.505000,0 days 01:42:56.213000,616.5472222222222,24.0
2023-10-22 19:43:58.926,6301,89,3,0,False,0,car,0 days 00:00:09.985000,0 days 01:42:56.693000,628.4138888888889,24.0
2023-10-22 19:43:59.366,5943,85,3,0,False,0,car,0 days 00:00:10.425000,0 days 01:42:57.133000,638.8027777777778,24.0
2023-10-22 19:43:59.566,5660,82,3,0,False,0,car,0 days 00:00:10.625000,0 days 01:42:57.333000,643.3583333333333,24.0
2023-10-22 19:43:59.966,5994,78,3,12,False,0,car,0 days 00:00:11.025000,0 days 01:42:57.733000,652.025,24.0
2023-10-22 19:44:00.286,6258,82,3,32,False,0,car,0 days 00:00:11.345000,0 days 01:42:58.053000,659.3138888888889,24.0
2023-10-22 19:44:00.526,6708,88,3,37,False,0,car,0 days 00:00:11.585000,0 days 01:42:58.293000,665.1805555555555,24.0
2023-10-22 19:44:00.847,7505,96,3,46,False,0,car,0 days 00:00:11.906000,0 days 01:42:58.614000,673.7405555555555,24.0
2023-10-22 19:44:01.207,7880,105,3,47,False,0,car,0 days 00:00:12.266000,0 days 01:42:58.974000,684.2405555555555,24.0
2023-10-22 19:44:01.606,8985,114,3,61,False,0,car,0 days 00:00:12.665000,0 days 01:42:59.373000,696.8755555555555,24.0
2023-10-22 19:44:01.846,9923,130,3,67,False,0,car,0 days 00:00:12.905000,0 days 01:42:59.613000,705.5422222222221,24.0
2023-10-22 19:44:02.246,11169,147,3,79,False,0,car,0 days 00:00:13.305000,0 days 01:43:00.013000,721.8755555555555,24.0
2023-10-22 19:44:02.486,10196,156,4,99,False,0,car,0 days 00:00:13.545000,0 days 01:43:00.253000,732.2755555555555,24.0
2023-10-22 19:44:02.726,10647,170,4,99,False,0,car,0 days 00:00:13.785000,0 days 01:43:00.493000,743.6088888888888,24.0
2023-10-22 19:44:03.086,10927,184,4,99,False,0,car,0 days 00:00:14.145000,0 days 01:43:00.853000,762.0088888888888,24.0
2023-10-22 19:44:03.326,10623,196,5,99,False,0,car,0 days 00:00:14.385000,0 days 01:43:01.093000,775.0755555555555,24.0
2023-10-22 19:44:03.726,11379,206,5,99,False,0,car,0 days 00:00:14.785000,0 days 01:43:01.493000,797.9644444444444,24.0
2023-10-22 19:44:03.886,10819,206,5,99,False,0,car,0 days 00:00:14.945000,0 days 01:43:01.653000,807.12,24.0
2023-10-22 19:44:04.126,10440,216,5,99,False,0,car,0 days 00:00:15.185000,0 days 01:43:01.893000,821.52,24.0
2023-10-22 19:44:04.446,10793,225,6,100,False,0,car,0 days 00:00:15.505000,0 days 01:43:02.213000,841.52,24.0
2023-10-22 19:44:04.766,11129,232,6,100,False,0,car,0 days 00:00:15.825000,0 days 01:43:02.533000,862.1422222222221,24.0
2023-10-22 19:44:05.006,11122,236,6,100,False,0,car,0 days 00:00:16.065000,0 days 01:43:02.773000,877.8755555555556,24.0
2023-10-22 19:44:05.366,11538,242,6,100,False,0,car,0 days 00:00:16.425000,0 days 01:43:03.133000,902.0755555555555,24.0
2023-10-22 19:44:05.606,11652,245,6,100,False,0,car,0 days 00:00:16.665000,0 days 01:43:03.373000,918.4088888888888,24.0
2023-10-22 19:44:05.846,10371,249,6,100,False,0,car,0 days 00:00:16.905000,0 days 01:43:03.613000,935.0088888888889,24.0
2023-10-22 19:44:06.166,10481,252,7,100,False,0,car,0 days 00:00:17.225000,0 days 01:43:03.933000,957.4088888888889,24.0
2023-10-22 19:44:06.526,10659,256,7,99,False,0,car,0 days 00:00:17.585000,0 days 01:43:04.293000,983.0088888888888,24.0
2023-10-22 19:44:06.806,10698,259,7,100,False,0,car,0 days 00:00:17.865000,0 days 01:43:04.573000,1003.1533333333331,24.0
2023-10-22 19:44:06.966,10845,261,7,99,False,0,car,0 days 00:00:18.025000,0 days 01:43:04.733000,1014.7533333333331,24.0
2023-10-22 19:44:07.126,10945,263,7,100,False,0,car,0 days 00:00:18.185000,0 days 01:43:04.893000,1026.442222222222,24.0
2023-10-22 19:44:07.326,10909,265,7,100,False,0,car,0 days 00:00:18.385000,0 days 01:43:05.093000,1041.1644444444444,24.0
2023-10-22 19:44:07.607,11010,266,7,100,False,0,car,0 days 00:00:18.666000,0 days 01:43:05.374000,1061.927222222222,24.0
2023-10-22 19:44:07.847,11120,268,7,100,False,0,car,0 days 00:00:18.906000,0 days 01:43:05.614000,1079.7938888888887,24.0
2023-10-22 19:44:08.047,11134,268,7,100,False,0,car,0 days 00:00:19.106000,0 days 01:43:05.814000,1094.6827777777778,24.0
2023-10-22 19:44:08.446,11199,268,7,99,False,0,car,0 days 00:00:19.505000,0 days 01:43:06.213000,1124.386111111111,24.0
2023-10-22 19:44:08.686,11193,268,7,100,False,0,car,0 days 00:00:19.745000,0 days 01:43:06.453000,1142.2527777777777,24.0
2023-10-22 19:44:08.886,11447,269,7,99,False,0,car,0 days 00:00:19.945000,0 days 01:43:06.653000,1157.197222222222,24.0
2023-10-22 19:44:09.206,11080,268,7,100,False,0,car,0 days 00:00:20.265000,0 days 01:43:06.973000,1181.0194444444444,24.0
2023-10-22 19:44:09.526,11355,270,7,92,False,0,car,0 days 00:00:20.585000,0 days 01:43:07.293000,1205.0194444444444,24.0
2023-10-22 19:44:09.926,10516,256,7,17,False,0,car,0 days 00:00:20.985000,0 days 01:43:07.693000,1233.4638888888887,24.0
2023-10-22 19:44:10.326,10342,248,7,51,False,0,car,0 days 00:00:21.385000,0 days 01:43:08.093000,1261.0194444444444,24.0
2023-10-22 19:44:10.726,10398,243,7,0,True,0,car,0 days 00:00:21.785000,0 days 01:43:08.493000,1288.0194444444444,24.0
2023-10-22 19:44:11.006,11071,235,6,0,False,0,car,0 days 00:00:22.065000,0 days 01:43:08.773000,1306.2972222222222,24.0
2023-10-22 19:44:11.246,10526,228,6,9,False,0,car,0 days 00:00:22.305000,0 days 01:43:09.013000,1321.497222222222,24.0
2023-10-22 19:44:11.526,10387,220,6,41,False,0,car,0 days 00:00:22.585000,0 days 01:43:09.293000,1338.6083333333331,24.0
2023-10-22 19:44:11.806,10469,219,6,64,False,0,car,0 days 00:00:22.865000,0 days 01:43:09.573000,1355.6416666666662,24.0
2023-10-22 19:44:12.166,10678,225,6,85,False,0,car,0 days 00:00:23.225000,0 days 01:43:09.933000,1378.1416666666664,24.0
2023-10-22 19:44:12.646,10714,229,6,49,False,0,car,0 days 00:00:23.705000,0 days 01:43:10.413000,1408.6749999999995,24.0
2023-10-22 19:44:12.806,10609,227,6,36,False,0,car,0 days 00:00:23.865000,0 days 01:43:10.573000,1418.7638888888885,24.0
2023-10-22 19:44:13.046,10147,223,6,27,False,0,car,0 days 00:00:24.105000,0 days 01:43:10.813000,1433.6305555555552,24.0
2023-10-22 19:44:13.246,10320,219,6,15,False,0,car,0 days 00:00:24.305000,0 days 01:43:11.013000,1445.7972222222218,24.0
2023-10-22 19:44:13.646,10068,213,6,42,False,0,car,0 days 00:00:24.705000,0 days 01:43:11.413000,1469.4638888888883,24.0
2023-10-22 19:44:13.806,9700,210,6,0,False,0,car,0 days 00:00:24.865000,0 days 01:43:11.573000,1478.7972222222215,24.0
2023-10-22 19:44:14.007,9639,206,6,14,False,0,car,0 days 00:00:25.066000,0 days 01:43:11.774000,1490.2988888888883,24.0
2023-10-22 19:44:14.287,9528,200,6,35,False,0,car,0 days 00:00:25.346000,0 days 01:43:12.054000,1505.854444444444,24.0
2023-10-22 19:44:14.647,9422,199,6,56,False,0,car,0 days 00:00:25.706000,0 days 01:43:12.414000,1525.7544444444438,24.0
2023-10-22 19:44:14.966,9475,201,6,59,False,0,car,0 days 00:00:26.025000,0 days 01:43:12.733000,1543.565277777777,24.0
2023-10-22 19:44:15.206,9614,201,6,65,False,0,car,0 days 00:00:26.265000,0 days 01:43:12.973000,1556.9652777777771,24.0
2023-10-22 19:44:15.686,9954,209,6,98,False,0,car,0 days 00:00:26.745000,0 days 01:43:13.453000,1584.831944444444,24.0
2023-10-22 19:44:15.926,9999,211,6,100,False,0,car,0 days 00:00:26.985000,0 days 01:43:13.693000,1598.8986111111105,24.0
2023-10-22 19:44:16.206,10198,213,6,100,False,0,car,0 days 00:00:27.265000,0 days 01:43:13.973000,1615.4652777777774,24.0
2023-10-22 19:44:16.486,10092,213,6,0,True,0,car,0 days 00:00:27.545000,0 days 01:43:14.253000,1632.0319444444442,24.0
2023-10-22 19:44:16.686,9567,207,6,0,True,0,car,0 days 00:00:27.745000,0 days 01:43:14.453000,1643.5319444444442,24.0
2023-10-22 19:44:17.126,10205,192,5,0,False,0,car,0 days 00:00:28.185000,0 days 01:43:14.893000,1666.9986111111107,24.0
2023-10-22 19:44:17.446,9801,186,5,0,False,0,car,0 days 00:00:28.505000,0 days 01:43:15.213000,1683.531944444444,24.0
2023-10-22 19:44:17.766,9623,179,5,32,False,0,car,0 days 00:00:28.825000,0 days 01:43:15.533000,1699.443055555555,24.0
2023-10-22 19:44:18.046,10036,180,5,50,False,0,car,0 days 00:00:29.105000,0 days 01:43:15.813000,1713.443055555555,24.0
2023-10-22 19:44:18.286,9983,182,5,59,False,0,car,0 days 00:00:29.345000,0 days 01:43:16.053000,1725.5763888888882,24.0
2023-10-22 19:44:18.486,10112,185,5,64,False,0,car,0 days 00:00:29.545000,0 days 01:43:16.253000,1735.854166666666,24.0
2023-10-22 19:44:18.766,10261,189,5,64,False,0,car,0 days 00:00:29.825000,0 days 01:43:16.533000,1750.5541666666659,24.0
2023-10-22 19:44:19.166,10264,190,5,57,False,0,car,0 days 00:00:30.225000,0 days 01:43:16.933000,1771.6652777777772,24.0
2023-10-22 19:44:19.366,10580,184,5,0,True,0,car,0 days 00:00:30.425000,0 days 01:43:17.133000,1781.8874999999994,24.0
2023-10-22 19:44:19.686,10146,174,4,0,True,0,car,0 days 00:00:30.745000,0 days 01:43:17.453000,1797.354166666666,24.0
2023-10-22 19:44:19.886,9796,161,4,3,True,0,car,0 days 00:00:30.945000,0 days 01:43:17.653000,1806.2986111111104,24.0
2023-10-22 19:44:20.246,9090,151,4,1,True,0,car,0 days 00:00:31.305000,0 days 01:43:18.013000,1821.3986111111103,24.0
2023-10-22 19:44:20.486,9090,146,4,0,False,0,car,0 days 00:00:31.545000,0 days 01:43:18.253000,1831.1319444444437,24.0
2023-10-22 19:44:20.727,8518,141,4,0,False,0,car,0 days 00:00:31.786000,0 days 01:43:18.494000,1840.5711111111102,24.0
2023-10-22 19:44:20.887,8493,141,4,0,False,0,car,0 days 00:00:31.946000,0 days 01:43:18.654000,1846.8377777777769,24.0
2023-10-22 19:44:21.127,8111,133,4,0,False,0,car,0 days 00:00:32.186000,0 days 01:43:18.894000,1855.7044444444434,24.0
2023-10-22 19:44:21.487,8183,129,4,30,False,0,car,0 days 00:00:32.546000,0 days 01:43:19.254000,1868.6044444444435,24.0
2023-10-22 19:44:21.686,8373,133,4,44,False,0,car,0 days 00:00:32.745000,0 days 01:43:19.453000,1875.956388888888,24.0
2023-10-22 19:44:21.966,8480,135,4,46,False,0,car,0 days 00:00:33.025000,0 days 01:43:19.733000,1886.456388888888,24.0
2023-10-22 19:44:22.126,8620,137,4,48,False,0,car,0 days 00:00:33.185000,0 days 01:43:19.893000,1892.5452777777768,24.0
2023-10-22 19:44:22.366,9414,142,4,67,False,0,car,0 days 00:00:33.425000,0 days 01:43:20.133000,1902.0119444444433,24.0
2023-10-22 19:44:22.526,9379,149,4,72,False,0,car,0 days 00:00:33.585000,0 days 01:43:20.293000,1908.6341666666656,24.0
2023-10-22 19:44:22.806,8787,154,4,62,False,0,car,0 days 00:00:33.865000,0 days 01:43:20.573000,1920.6119444444435,24.0
2023-10-22 19:44:23.246,8639,158,5,48,False,0,car,0 days 00:00:34.305000,0 days 01:43:21.013000,1939.9230555555544,24.0
2023-10-22 19:44:23.406,8915,160,5,51,False,0,car,0 days 00:00:34.465000,0 days 01:43:21.173000,1947.0341666666657,24.0
2023-10-22 19:44:23.646,9076,164,5,62,False,0,car,0 days 00:00:34.705000,0 days 01:43:21.413000,1957.9674999999988,24.0
2023-10-22 19:44:23.846,9459,169,5,80,False,0,car,0 days 00:00:34.905000,0 days 01:43:21.613000,1967.3563888888877,24.0
2023-10-22 19:44:24.006,9459,171,5,91,False,0,car,0 days 00:00:35.065000,0 days 01:43:21.773000,1974.9563888888877,24.0
2023-10-22 19:44:24.246,10074,177,5,100,False,0,car,0 days 00:00:35.305000,0 days 01:43:22.013000,1986.7563888888878,24.0
2023-10-22 19:44:24.526,10227,188,5,99,False,0,car,0 days 00:00:35.585000,0 days 01:43:22.293000,2001.37861111111,24.0
2023-10-22 19:44:24.766,10227,188,5,99,False,0,car,0 days 00:00:35.825000,0 days 01:43:22.533000,2013.9119444444436,24.0
2023-10-22 19:44:24.966,11192,208,5,100,False,0,car,0 days 00:00:36.025000,0 days 01:43:22.733000,2025.4674999999988,24.0
2023-10-22 19:44:25.326,11662,214,5,100,False,0,car,0 days 00:00:36.385000,0 days 01:43:23.093000,2046.8674999999987,24.0
2023-10-22 19:44:25.526,11885,218,5,100,False,0,car,0 days 00:00:36.585000,0 days 01:43:23.293000,2058.97861111111,24.0
2023-10-22 19:44:25.686,11325,221,5,100,False,0,car,0 days 00:00:36.745000,0 days 01:43:23.453000,2068.800833333332,24.0
2023-10-22 19:44:25.886,10772,227,6,100,False,0,car,0 days 00:00:36.945000,0 days 01:43:23.653000,2081.411944444443,24.0
2023-10-22 19:44:26.126,11010,233,6,100,False,0,car,0 days 00:00:37.185000,0 days 01:43:23.893000,2096.9452777777765,24.0
2023-10-22 19:44:26.486,11500,240,6,100,False,0,car,0 days 00:00:37.545000,0 days 01:43:24.253000,2120.9452777777765,24.0
2023-10-22 19:44:26.646,11742,242,6,100,False,0,car,0 days 00:00:37.705000,0 days 01:43:24.413000,2131.700833333332,24.0
2023-10-22 19:44:26.926,11641,246,6,99,False,0,car,0 days 00:00:37.985000,0 days 01:43:24.693000,2150.834166666665,24.0
2023-10-22 19:44:27.127,10786,250,6,99,False,0,car,0 days 00:00:38.186000,0 days 01:43:24.894000,2164.7924999999987,24.0
2023-10-22 19:44:27.567,10667,256,7,100,False,0,car,0 days 00:00:38.626000,0 days 01:43:25.334000,2196.0813888888874,24.0
2023-10-22 19:44:27.807,10777,259,7,99,False,0,car,0 days 00:00:38.866000,0 days 01:43:25.574000,2213.3480555555543,24.0
2023-10-22 19:44:28.007,10875,262,7,100,False,0,car,0 days 00:00:39.066000,0 days 01:43:25.774000,2227.90361111111,24.0
2023-10-22 19:44:28.406,11115,266,7,99,False,0,car,0 days 00:00:39.465000,0 days 01:43:26.173000,2257.3852777777765,24.0
2023-10-22 19:44:28.606,11203,270,7,99,False,0,car,0 days 00:00:39.665000,0 days 01:43:26.373000,2272.385277777776,24.0
2023-10-22 19:44:28.846,11334,273,7,99,False,0,car,0 days 00:00:39.905000,0 days 01:43:26.613000,2290.5852777777764,24.0
2023-10-22 19:44:29.086,11458,275,7,100,False,0,car,0 days 00:00:40.145000,0 days 01:43:26.853000,2308.91861111111,24.0
2023-10-22 19:44:29.326,11409,279,7,100,False,0,car,0 days 00:00:40.385000,0 days 01:43:27.093000,2327.5186111111093,24.0
2023-10-22 19:44:29.526,10317,280,7,100,False,0,car,0 days 00:00:40.585000,0 days 01:43:27.293000,2343.074166666665,24.0
2023-10-22 19:44:29.726,10376,281,8,99,False,0,car,0 days 00:00:40.785000,0 days 01:43:27.493000,2358.685277777776,24.0
2023-10-22 19:44:29.886,10682,280,8,0,False,0,car,0 days 00:00:40.945000,0 days 01:43:27.653000,2371.1297222222206,24.0
2023-10-22 19:44:30.166,10137,272,8,0,False,0,car,0 days 00:00:41.225000,0 days 01:43:27.933000,2392.285277777776,24.0
2023-10-22 19:44:30.446,9623,255,8,0,True,0,car,0 days 00:00:41.505000,0 days 01:43:28.213000,2412.1186111111097,24.0
2023-10-22 19:44:30.686,9483,234,8,0,True,0,car,0 days 00:00:41.745000,0 days 01:43:28.453000,2427.718611111109,24.0
2023-10-22 19:44:31.046,9077,190,8,0,True,0,car,0 days 00:00:42.105000,0 days 01:43:28.813000,2446.718611111109,24.0
2023-10-22 19:44:31.286,9383,174,6,0,True,0,car,0 days 00:00:42.345000,0 days 01:43:29.053000,2458.318611111109,24.0
2023-10-22 19:44:31.606,8333,150,5,0,True,0,car,0 days 00:00:42.665000,0 days 01:43:29.373000,2471.6519444444425,24.0
2023-10-22 19:44:31.846,8412,131,5,0,True,0,car,0 days 00:00:42.905000,0 days 01:43:29.613000,2480.385277777776,24.0
2023-10-22 19:44:32.006,8955,125,4,0,True,0,car,0 days 00:00:43.065000,0 days 01:43:29.773000,2485.9408333333317,24.0
2023-10-22 19:44:32.286,8104,110,3,0,True,0,car,0 days 00:00:43.345000,0 days 01:43:30.053000,2494.4963888888874,24.0
2023-10-22 19:44:32.526,6956,97,3,0,True,0,car,0 days 00:00:43.585000,0 days 01:43:30.293000,2500.963055555554,24.0
2023-10-22 19:44:32.686,6633,94,3,0,True,0,car,0 days 00:00:43.745000,0 days 01:43:30.453000,2505.1408333333316,24.0
2023-10-22 19:44:33.126,5704,82,3,0,True,0,car,0 days 00:00:44.185000,0 days 01:43:30.893000,2515.163055555554,24.0
2023-10-22 19:44:33.486,5296,76,3,0,False,0,car,0 days 00:00:44.545000,0 days 01:43:31.253000,2522.763055555554,24.0
2023-10-22 19:44:33.646,5139,74,3,0,False,0,car,0 days 00:00:44.705000,0 days 01:43:31.413000,2526.0519444444426,24.0
2023-10-22 19:44:33.847,5092,72,3,0,False,0,car,0 days 00:00:44.906000,0 days 01:43:31.614000,2530.0719444444426,24.0
2023-10-22 19:44:34.207,4730,69,3,3,False,0,car,0 days 00:00:45.266000,0 days 01:43:31.974000,2536.9719444444427,24.0
2023-10-22 19:44:34.607,5226,69,3,16,False,0,car,0 days 00:00:45.666000,0 days 01:43:32.374000,2544.638611111109,24.0
2023-10-22 19:44:34.847,5469,72,3,18,False,0,car,0 days 00:00:45.906000,0 days 01:43:32.614000,2549.4386111111094,24.0
2023-10-22 19:44:35.047,5519,73,3,25,False,0,car,0 days 00:00:46.106000,0 days 01:43:32.814000,2553.494166666665,24.0
2023-10-22 19:44:35.246,5880,79,3,28,False,0,car,0 days 00:00:46.305000,0 days 01:43:33.013000,2557.8611111111095,24.0
2023-10-22 19:44:35.606,6581,86,3,41,False,0,car,0 days 00:00:46.665000,0 days 01:43:33.373000,2566.4611111111094,24.0
2023-10-22 19:44:35.926,7379,96,3,44,False,0,car,0 days 00:00:46.985000,0 days 01:43:33.693000,2574.9944444444427,24.0
2023-10-22 19:44:36.166,7726,101,3,48,False,0,car,0 days 00:00:47.225000,0 days 01:43:33.933000,2581.7277777777763,24.0
2023-10-22 19:44:36.526,8820,116,3,61,False,0,car,0 days 00:00:47.585000,0 days 01:43:34.293000,2593.327777777776,24.0
2023-10-22 19:44:36.726,9254,124,3,65,False,0,car,0 days 00:00:47.785000,0 days 01:43:34.493000,2600.216666666665,24.0
2023-10-22 19:44:36.886,9830,129,3,78,False,0,car,0 days 00:00:47.945000,0 days 01:43:34.653000,2605.9499999999985,24.0
2023-10-22 19:44:37.206,10612,145,3,94,False,0,car,0 days 00:00:48.265000,0 days 01:43:34.973000,2618.838888888887,24.0
2023-10-22 19:44:37.646,10743,155,3,100,False,0,car,0 days 00:00:48.705000,0 days 01:43:35.413000,2637.7833333333315,24.0
2023-10-22 19:44:37.846,11250,177,4,100,False,0,car,0 days 00:00:48.905000,0 days 01:43:35.613000,2647.616666666665,24.0
2023-10-22 19:44:38.086,11783,185,4,100,False,0,car,0 days 00:00:49.145000,0 days 01:43:35.853000,2659.9499999999985,24.0
2023-10-22 19:44:38.246,10803,192,4,100,False,0,car,0 days 00:00:49.305000,0 days 01:43:36.013000,2668.4833333333318,24.0
2023-10-22 19:44:38.566,11074,203,5,100,False,0,car,0 days 00:00:49.625000,0 days 01:43:36.333000,2686.527777777776,24.0
2023-10-22 19:44:38.846,11607,212,5,100,False,0,car,0 days 00:00:49.905000,0 days 01:43:36.613000,2703.016666666665,24.0
2023-10-22 19:44:39.046,11226,218,5,100,False,0,car,0 days 00:00:50.105000,0 days 01:43:36.813000,2715.127777777776,24.0
2023-10-22 19:44:39.446,10812,228,6,100,False,0,car,0 days 00:00:50.505000,0 days 01:43:37.213000,2740.4611111111094,24.0
2023-10-22 19:44:39.606,10884,228,6,100,False,0,car,0 days 00:00:50.665000,0 days 01:43:37.373000,2750.5944444444426,24.0
2023-10-22 19:44:39.926,11272,239,6,100,False,0,car,0 days 00:00:50.985000,0 days 01:43:37.693000,2771.838888888887,24.0
2023-10-22 19:44:40.166,10933,242,6,99,False,0,car,0 days 00:00:51.225000,0 days 01:43:37.933000,2787.972222222221,24.0
2023-10-22 19:44:40.327,10204,244,6,100,False,0,car,0 days 00:00:51.386000,0 days 01:43:38.094000,2798.884444444443,24.0
2023-10-22 19:44:40.607,10355,249,7,100,False,0,car,0 days 00:00:51.666000,0 days 01:43:38.374000,2818.2511111111094,24.0
2023-10-22 19:44:40.847,10552,253,7,100,False,0,car,0 days 00:00:51.906000,0 days 01:43:38.614000,2835.117777777776,24.0
2023-10-22 19:44:41.087,10666,256,7,100,False,0,car,0 days 00:00:52.146000,0 days 01:43:38.854000,2852.1844444444428,24.0
2023-10-22 19:44:41.407,10817,259,7,100,False,0,car,0 days 00:00:52.466000,0 days 01:43:39.174000,2875.206666666665,24.0
2023-10-22 19:44:41.567,10975,263,7,100,False,0,car,0 days 00:00:52.626000,0 days 01:43:39.334000,2886.8955555555535,24.0
2023-10-22 19:44:41.767,11064,264,7,100,False,0,car,0 days 00:00:52.826000,0 days 01:43:39.534000,2901.5622222222205,24.0
2023-10-22 19:44:41.926,11067,266,7,100,False,0,car,0 days 00:00:52.985000,0 days 01:43:39.693000,2913.310555555554,24.0
2023-10-22 19:44:42.206,11362,269,7,100,False,0,car,0 days 00:00:53.265000,0 days 01:43:39.973000,2934.2327777777764,24.0
2023-10-22 19:44:42.566,11289,272,7,100,False,0,car,0 days 00:00:53.625000,0 days 01:43:40.333000,2961.432777777776,24.0
2023-10-22 19:44:42.886,11381,274,7,100,False,0,car,0 days 00:00:53.945000,0 days 01:43:40.653000,2985.7883333333316,24.0
2023-10-22 19:44:43.206,11496,277,7,100,False,0,car,0 days 00:00:54.265000,0 days 01:43:40.973000,3010.410555555554,24.0
2023-10-22 19:44:43.526,10353,280,7,100,False,0,car,0 days 00:00:54.585000,0 days 01:43:41.293000,3035.2994444444425,24.0
2023-10-22 19:44:43.846,10425,282,8,100,False,0,car,0 days 00:00:54.905000,0 days 01:43:41.613000,3060.366111111109,24.0
2023-10-22 19:44:44.166,10482,284,8,100,False,0,car,0 days 00:00:55.225000,0 days 01:43:41.933000,3085.6105555555537,24.0
2023-10-22 19:44:44.486,10513,286,8,99,False,0,car,0 days 00:00:55.545000,0 days 01:43:42.253000,3111.032777777776,24.0
2023-10-22 19:44:44.766,10614,288,8,100,False,0,car,0 days 00:00:55.825000,0 days 01:43:42.533000,3133.432777777776,24.0
2023-10-22 19:44:44.926,10671,289,8,100,False,0,car,0 days 00:00:55.985000,0 days 01:43:42.693000,3146.27722222222,24.0
2023-10-22 19:44:45.206,10684,290,8,100,False,0,car,0 days 00:00:56.265000,0 days 01:43:42.973000,3168.832777777776,24.0
2023-10-22 19:44:45.446,10751,292,8,100,False,0,car,0 days 00:00:56.505000,0 days 01:43:43.213000,3188.2994444444425,24.0
2023-10-22 19:44:45.886,10782,294,8,100,False,0,car,0 days 00:00:56.945000,0 days 01:43:43.653000,3224.2327777777755,24.0
2023-10-22 19:44:46.286,10867,295,8,100,False,0,car,0 days 00:00:57.345000,0 days 01:43:44.053000,3257.0105555555533,24.0
2023-10-22 19:44:46.566,10900,296,8,100,False,0,car,0 days 00:00:57.625000,0 days 01:43:44.333000,3280.0327777777757,24.0
2023-10-22 19:44:46.887,10964,297,8,100,False,0,car,0 days 00:00:57.946000,0 days 01:43:44.654000,3306.5152777777753,24.0
2023-10-22 19:44:47.087,10950,297,8,100,False,0,car,0 days 00:00:58.146000,0 days 01:43:44.854000,3323.0152777777757,24.0
2023-10-22 19:44:47.407,10993,298,8,100,False,0,car,0 days 00:00:58.466000,0 days 01:43:45.174000,3349.504166666665,24.0
2023-10-22 19:44:47.607,11014,298,8,100,False,0,car,0 days 00:00:58.666000,0 days 01:43:45.374000,3366.05972222222,24.0
2023-10-22 19:44:47.807,10985,299,8,100,False,0,car,0 days 00:00:58.866000,0 days 01:43:45.574000,3382.6708333333313,24.0
2023-10-22 19:44:48.087,11006,299,8,100,False,0,car,0 days 00:00:59.146000,0 days 01:43:45.854000,3405.926388888887,24.0
2023-10-22 19:44:48.247,11009,299,8,100,False,0,car,0 days 00:00:59.306000,0 days 01:43:46.014000,3419.2152777777756,24.0
2023-10-22 19:44:48.447,11008,299,8,100,False,0,car,0 days 00:00:59.506000,0 days 01:43:46.214000,3435.826388888887,24.0
2023-10-22 19:44:48.606,11043,299,8,99,False,0,car,0 days 00:00:59.665000,0 days 01:43:46.373000,3449.0322222222203,24.0
2023-10-22 19:44:48.846,11048,300,8,100,False,0,car,0 days 00:00:59.905000,0 days 01:43:46.613000,3469.0322222222203,24.0
2023-10-22 19:44:49.006,11041,301,8,100,False,0,car,0 days 00:01:00.065000,0 days 01:43:46.773000,3482.4099999999976,24.0
2023-10-22 19:44:49.366,11082,300,8,100,False,0,car,0 days 00:01:00.425000,0 days 01:43:47.133000,3512.4099999999976,24.0
2023-10-22 19:44:49.606,11088,301,8,100,False,0,car,0 days 00:01:00.665000,0 days 01:43:47.373000,3532.4766666666646,24.0
2023-10-22 19:44:49.766,11036,301,8,100,False,0,car,0 days 00:01:00.825000,0 days 01:43:47.533000,3545.854444444443,24.0
2023-10-22 19:44:50.166,10765,297,8,0,False,0,car,0 days 00:01:01.225000,0 days 01:43:47.933000,3578.854444444443,24.0
2023-10-22 19:44:50.406,10650,290,8,0,False,0,car,0 days 00:01:01.465000,0 days 01:43:48.173000,3598.1877777777763,24.0
2023-10-22 19:44:50.686,9721,271,8,0,True,0,car,0 days 00:01:01.745000,0 days 01:43:48.453000,3619.265555555554,24.0
2023-10-22 19:44:51.046,9598,219,7,0,True,0,car,0 days 00:01:02.105000,0 days 01:43:48.813000,3641.165555555554,24.0
2023-10-22 19:44:51.486,9040,177,6,0,True,0,car,0 days 00:01:02.545000,0 days 01:43:49.253000,3662.7988888888876,24.0
2023-10-22 19:44:51.686,9325,159,6,0,True,0,car,0 days 00:01:02.745000,0 days 01:43:49.453000,3671.6322222222207,24.0
2023-10-22 19:44:51.846,8916,141,5,0,True,0,car,0 days 00:01:02.905000,0 days 01:43:49.613000,3677.8988888888875,24.0
2023-10-22 19:44:52.246,9758,117,3,0,True,0,car,0 days 00:01:03.305000,0 days 01:43:50.013000,3690.8988888888875,24.0
2023-10-22 19:44:52.486,8868,117,2,0,True,0,car,0 days 00:01:03.545000,0 days 01:43:50.253000,3698.6988888888877,24.0
2023-10-22 19:44:52.646,8457,102,2,0,True,0,car,0 days 00:01:03.705000,0 days 01:43:50.413000,3703.232222222221,24.0
2023-10-22 19:44:52.926,7965,94,2,0,True,0,car,0 days 00:01:03.985000,0 days 01:43:50.693000,3710.543333333332,24.0
2023-10-22 19:44:53.126,7485,91,2,0,True,0,car,0 days 00:01:04.185000,0 days 01:43:50.893000,3715.598888888888,24.0
2023-10-22 19:44:53.366,7231,87,2,0,True,0,car,0 days 00:01:04.425000,0 days 01:43:51.133000,3721.3988888888875,24.0
2023-10-22 19:44:53.647,7071,84,2,0,False,0,car,0 days 00:01:04.706000,0 days 01:43:51.414000,3727.9555555555544,24.0
2023-10-22 19:44:53.807,6927,82,2,8,False,0,car,0 days 00:01:04.866000,0 days 01:43:51.574000,3731.5999999999985,24.0
2023-10-22 19:44:53.967,7070,82,2,11,False,0,car,0 days 00:01:05.026000,0 days 01:43:51.734000,3735.2444444444427,24.0
2023-10-22 19:44:54.207,7260,83,2,29,False,0,car,0 days 00:01:05.266000,0 days 01:43:51.974000,3740.7777777777765,24.0
2023-10-22 19:44:54.487,7968,86,2,39,False,0,car,0 days 00:01:05.546000,0 days 01:43:52.254000,3747.4666666666653,24.0
2023-10-22 19:44:54.887,8498,98,2,49,False,0,car,0 days 00:01:05.946000,0 days 01:43:52.654000,3758.355555555554,24.0
2023-10-22 19:44:55.167,9476,108,2,54,False,0,car,0 days 00:01:06.226000,0 days 01:43:52.934000,3766.755555555554,24.0
2023-10-22 19:44:55.446,10773,120,2,69,False,0,car,0 days 00:01:06.505000,0 days 01:43:53.213000,3776.055555555554,24.0
2023-10-22 19:44:55.606,11346,125,2,82,False,0,car,0 days 00:01:06.665000,0 days 01:43:53.373000,3781.61111111111,24.0
2023-10-22 19:44:55.926,10860,146,3,100,False,0,car,0 days 00:01:06.985000,0 days 01:43:53.693000,3794.5888888888876,24.0
2023-10-22 19:44:56.246,11437,159,3,100,False,0,car,0 days 00:01:07.305000,0 days 01:43:54.013000,3808.7222222222213,24.0
2023-10-22 19:44:56.526,10757,172,4,100,False,0,car,0 days 00:01:07.585000,0 days 01:43:54.293000,3822.0999999999985,24.0
2023-10-22 19:44:57.006,10738,185,4,100,False,0,car,0 days 00:01:08.065000,0 days 01:43:54.773000,3846.7666666666655,24.0
2023-10-22 19:44:57.366,10819,192,5,96,True,0,car,0 days 00:01:08.425000,0 days 01:43:55.133000,3865.9666666666653,24.0
2023-10-22 19:44:57.766,10301,171,5,0,True,0,car,0 days 00:01:08.825000,0 days 01:43:55.533000,3884.966666666666,24.0
2023-10-22 19:44:57.966,10833,156,4,0,True,0,car,0 days 00:01:09.025000,0 days 01:43:55.733000,3893.6333333333328,24.0
2023-10-22 19:44:58.126,10456,146,4,0,True,0,car,0 days 00:01:09.185000,0 days 01:43:55.893000,3900.1222222222214,24.0
2023-10-22 19:44:58.566,8910,127,3,0,True,0,car,0 days 00:01:09.625000,0 days 01:43:56.333000,3915.6444444444437,24.0
2023-10-22 19:44:58.726,8428,120,3,0,True,0,car,0 days 00:01:09.785000,0 days 01:43:56.493000,3920.9777777777767,24.0
2023-10-22 19:44:58.926,8164,115,3,0,True,0,car,0 days 00:01:09.985000,0 days 01:43:56.693000,3927.366666666666,24.0
2023-10-22 19:44:59.166,7895,110,3,0,True,0,car,0 days 00:01:10.225000,0 days 01:43:56.933000,3934.699999999999,24.0
2023-10-22 19:44:59.406,7721,108,3,0,False,0,car,0 days 00:01:10.465000,0 days 01:43:57.173000,3941.899999999999,24.0
2023-10-22 19:44:59.566,7342,104,3,0,False,0,car,0 days 00:01:10.625000,0 days 01:43:57.333000,3946.5222222222214,24.0
2023-10-22 19:44:59.766,7203,102,3,0,False,0,car,0 days 00:01:10.825000,0 days 01:43:57.533000,3952.1888888888884,24.0
2023-10-22 19:44:59.926,6981,99,3,0,False,0,car,0 days 00:01:10.985000,0 days 01:43:57.693000,3956.5888888888885,24.0
2023-10-22 19:45:00.207,7132,95,3,16,False,0,car,0 days 00:01:11.266000,0 days 01:43:57.974000,3964.0041666666666,24.0
2023-10-22 19:45:00.407,7233,95,3,27,False,0,car,0 days 00:01:11.466000,0 days 01:43:58.174000,3969.281944444444,24.0
2023-10-22 19:45:00.687,7370,98,3,31,False,0,car,0 days 00:01:11.746000,0 days 01:43:58.454000,3976.9041666666662,24.0
2023-10-22 19:45:00.967,7769,101,3,34,False,0,car,0 days 00:01:12.026000,0 days 01:43:58.734000,3984.7597222222216,24.0
2023-10-22 19:45:01.287,8046,106,3,44,False,0,car,0 days 00:01:12.346000,0 days 01:43:59.054000,3994.181944444444,24.0
2023-10-22 19:45:01.527,8514,113,3,50,False,0,car,0 days 00:01:12.586000,0 days 01:43:59.294000,4001.7152777777774,24.0
2023-10-22 19:45:01.807,8988,119,3,55,False,0,car,0 days 00:01:12.866000,0 days 01:43:59.574000,4010.970833333333,24.0
2023-10-22 19:45:01.967,9408,124,3,55,False,0,car,0 days 00:01:13.026000,0 days 01:43:59.734000,4016.481944444444,24.0
2023-10-22 19:45:02.326,10415,139,3,76,False,0,car,0 days 00:01:13.385000,0 days 01:44:00.093000,4030.3433333333332,24.0
2023-10-22 19:45:02.606,11075,147,3,97,False,0,car,0 days 00:01:13.665000,0 days 01:44:00.373000,4041.7766666666666,24.0
2023-10-22 19:45:02.846,10355,158,3,100,False,0,car,0 days 00:01:13.905000,0 days 01:44:00.613000,4052.31,24.0
2023-10-22 19:45:03.286,10812,171,4,99,False,0,car,0 days 00:01:14.345000,0 days 01:44:01.053000,4073.21,24.0
2023-10-22 19:45:03.486,11324,177,4,100,False,0,car,0 days 00:01:14.545000,0 days 01:44:01.253000,4083.0433333333335,24.0
2023-10-22 19:45:03.646,10344,182,4,100,False,0,car,0 days 00:01:14.705000,0 days 01:44:01.413000,4091.132222222222,24.0
2023-10-22 19:45:03.926,10382,191,5,99,False,0,car,0 days 00:01:14.985000,0 days 01:44:01.693000,4105.987777777777,24.0
2023-10-22 19:45:04.086,10781,191,5,0,True,0,car,0 days 00:01:15.145000,0 days 01:44:01.853000,4114.4766666666665,24.0
2023-10-22 19:45:04.406,9816,180,5,0,True,0,car,0 days 00:01:15.465000,0 days 01:44:02.173000,4130.4766666666665,24.0
2023-10-22 19:45:04.566,9987,170,5,0,True,0,car,0 days 00:01:15.625000,0 days 01:44:02.333000,4138.032222222222,24.0
2023-10-22 19:45:04.806,9420,157,4,0,True,0,car,0 days 00:01:15.865000,0 days 01:44:02.573000,4148.498888888888,24.0
2023-10-22 19:45:05.126,9944,138,4,0,True,0,car,0 days 00:01:16.185000,0 days 01:44:02.893000,4160.765555555556,24.0
2023-10-22 19:45:05.366,9174,130,3,0,True,0,car,0 days 00:01:16.425000,0 days 01:44:03.133000,4169.432222222222,24.0
2023-10-22 19:45:05.726,8100,114,3,0,True,0,car,0 days 00:01:16.785000,0 days 01:44:03.493000,4180.832222222221,24.0
2023-10-22 19:45:05.926,7627,108,3,0,True,0,car,0 days 00:01:16.985000,0 days 01:44:03.693000,4186.832222222221,24.0
2023-10-22 19:45:06.166,7142,101,3,0,True,0,car,0 days 00:01:17.225000,0 days 01:44:03.933000,4193.565555555555,24.0
2023-10-22 19:45:06.326,6887,97,3,0,True,0,car,0 days 00:01:17.385000,0 days 01:44:04.093000,4197.876666666666,24.0
2023-10-22 19:45:06.566,6485,93,3,0,True,0,car,0 days 00:01:17.625000,0 days 01:44:04.333000,4204.076666666666,24.0
2023-10-22 19:45:06.967,5958,86,3,0,False,0,car,0 days 00:01:18.026000,0 days 01:44:04.734000,4213.6561111111105,24.0
2023-10-22 19:45:07.287,5883,83,3,0,False,0,car,0 days 00:01:18.346000,0 days 01:44:05.054000,4221.033888888888,24.0
2023-10-22 19:45:07.607,5715,80,3,5,False,0,car,0 days 00:01:18.666000,0 days 01:44:05.374000,4228.1449999999995,24.0
2023-10-22 19:45:07.927,5961,79,3,18,False,0,car,0 days 00:01:18.986000,0 days 01:44:05.694000,4235.167222222222,24.0
2023-10-22 19:45:08.247,6459,80,3,32,False,0,car,0 days 00:01:19.306000,0 days 01:44:06.014000,4242.278333333334,24.0
2023-10-22 19:45:08.527,6733,89,3,42,False,0,car,0 days 00:01:19.586000,0 days 01:44:06.294000,4249.200555555556,24.0
2023-10-22 19:45:08.727,7176,95,3,46,False,0,car,0 days 00:01:19.786000,0 days 01:44:06.494000,4254.478333333334,24.0
2023-10-22 19:45:09.046,7972,105,3,53,False,0,car,0 days 00:01:20.105000,0 days 01:44:06.813000,4263.782500000001,24.0
2023-10-22 19:45:09.206,8200,108,3,57,False,0,car,0 days 00:01:20.265000,0 days 01:44:06.973000,4268.582500000001,24.0
2023-10-22 19:45:09.366,8393,115,3,62,False,0,car,0 days 00:01:20.425000,0 days 01:44:07.133000,4273.693611111113,24.0
2023-10-22 19:45:09.646,9637,128,3,76,False,0,car,0 days 00:01:20.705000,0 days 01:44:07.413000,4283.649166666668,24.0
2023-10-22 19:45:09.886,10416,137,3,85,False,0,car,0 days 00:01:20.945000,0 days 01:44:07.653000,4292.782500000001,24.0
2023-10-22 19:45:10.286,10816,152,3,100,False,0,car,0 days 00:01:21.345000,0 days 01:44:08.053000,4309.67138888889,24.0
2023-10-22 19:45:10.566,10678,164,3,100,False,0,car,0 days 00:01:21.625000,0 days 01:44:08.333000,4322.426944444445,24.0
2023-10-22 19:45:10.926,11339,177,4,100,False,0,car,0 days 00:01:21.985000,0 days 01:44:08.693000,4340.126944444445,24.0
2023-10-22 19:45:11.086,11339,184,4,100,False,0,car,0 days 00:01:22.145000,0 days 01:44:08.853000,4348.304722222223,24.0
2023-10-22 19:45:11.366,10821,197,5,100,False,0,car,0 days 00:01:22.425000,0 days 01:44:09.133000,4363.626944444445,24.0
2023-10-22 19:45:11.726,11278,206,5,100,False,0,car,0 days 00:01:22.785000,0 days 01:44:09.493000,4384.2269444444455,24.0
2023-10-22 19:45:12.126,10436,213,5,100,False,0,car,0 days 00:01:23.185000,0 days 01:44:09.893000,4407.8936111111125,24.0
2023-10-22 19:45:12.286,10242,216,6,100,False,0,car,0 days 00:01:23.345000,0 days 01:44:10.053000,4417.493611111112,24.0
2023-10-22 19:45:12.446,10542,220,6,100,False,0,car,0 days 00:01:23.505000,0 days 01:44:10.213000,4427.271388888889,24.0
2023-10-22 19:45:12.726,10650,223,6,84,False,0,car,0 days 00:01:23.785000,0 days 01:44:10.493000,4444.615833333334,24.0
2023-10-22 19:45:12.926,10499,223,6,50,False,0,car,0 days 00:01:23.985000,0 days 01:44:10.693000,4457.004722222223,24.0
2023-10-22 19:45:13.367,10477,220,6,58,False,0,car,0 days 00:01:24.426000,0 days 01:44:11.134000,4483.954722222223,24.0
2023-10-22 19:45:13.647,10488,221,6,67,False,0,car,0 days 00:01:24.706000,0 days 01:44:11.414000,4501.143611111112,24.0
2023-10-22 19:45:13.807,10478,221,6,69,False,0,car,0 days 00:01:24.866000,0 days 01:44:11.574000,4510.965833333334,24.0
2023-10-22 19:45:14.087,10635,223,6,72,False,0,car,0 days 00:01:25.146000,0 days 01:44:11.854000,4528.3102777777785,24.0
2023-10-22 19:45:14.407,10664,225,6,73,False,0,car,0 days 00:01:25.466000,0 days 01:44:12.174000,4548.3102777777785,24.0
2023-10-22 19:45:14.687,10750,227,6,79,False,0,car,0 days 00:01:25.746000,0 days 01:44:12.454000,4565.965833333335,24.0
2023-10-22 19:45:15.007,10950,230,6,82,False,0,car,0 days 00:01:26.066000,0 days 01:44:12.774000,4586.41027777778,24.0
2023-10-22 19:45:15.447,11322,235,6,94,False,0,car,0 days 00:01:26.506000,0 days 01:44:13.214000,4615.1325000000015,24.0
2023-10-22 19:45:15.846,11417,238,6,100,False,0,car,0 days 00:01:26.905000,0 days 01:44:13.613000,4641.510833333335,24.0
2023-10-22 19:45:16.006,10956,238,6,100,False,0,car,0 days 00:01:27.065000,0 days 01:44:13.773000,4652.088611111112,24.0
2023-10-22 19:45:16.206,10218,244,7,100,False,0,car,0 days 00:01:27.265000,0 days 01:44:13.973000,4665.644166666668,24.0
2023-10-22 19:45:16.366,10278,246,7,100,False,0,car,0 days 00:01:27.425000,0 days 01:44:14.133000,4676.577500000001,24.0
2023-10-22 19:45:16.526,10282,247,7,100,False,0,car,0 days 00:01:27.585000,0 days 01:44:14.293000,4687.555277777778,24.0
2023-10-22 19:45:16.766,10426,248,7,100,False,0,car,0 days 00:01:27.825000,0 days 01:44:14.533000,4704.088611111112,24.0
2023-10-22 19:45:17.086,10653,251,7,100,False,0,car,0 days 00:01:28.145000,0 days 01:44:14.853000,4726.399722222222,24.0
2023-10-22 19:45:17.406,10538,250,7,99,False,0,car,0 days 00:01:28.465000,0 days 01:44:15.173000,4748.621944444445,24.0
2023-10-22 19:45:17.726,10585,255,7,100,False,0,car,0 days 00:01:28.785000,0 days 01:44:15.493000,4771.288611111111,24.0
2023-10-22 19:45:17.966,10690,257,7,99,False,0,car,0 days 00:01:29.025000,0 days 01:44:15.733000,4788.421944444445,24.0
2023-10-22 19:45:18.166,10701,258,7,99,False,0,car,0 days 00:01:29.225000,0 days 01:44:15.933000,4802.755277777777,24.0
2023-10-22 19:45:18.366,10750,259,7,99,False,0,car,0 days 00:01:29.425000,0 days 01:44:16.133000,4817.144166666666,24.0
2023-10-22 19:45:18.686,10843,261,7,100,False,0,car,0 days 00:01:29.745000,0 days 01:44:16.453000,4840.344166666667,24.0
2023-10-22 19:45:18.926,10986,263,7,99,False,0,car,0 days 00:01:29.985000,0 days 01:44:16.693000,4857.8775,24.0
2023-10-22 19:45:19.246,10263,252,7,0,True,0,car,0 days 00:01:30.305000,0 days 01:44:17.013000,4880.2775,24.0
2023-10-22 19:45:19.446,9650,243,7,0,True,0,car,0 days 00:01:30.505000,0 days 01:44:17.213000,4893.777499999999,24.0
2023-10-22 19:45:19.686,10432,221,6,0,True,0,car,0 days 00:01:30.745000,0 days 01:44:17.453000,4908.510833333333,24.0
2023-10-22 19:45:19.967,10100,205,6,0,True,0,car,0 days 00:01:31.026000,0 days 01:44:17.734000,4924.512222222222,24.0
2023-10-22 19:45:20.367,10185,193,6,0,True,0,car,0 days 00:01:31.426000,0 days 01:44:18.134000,4945.956666666666,24.0
2023-10-22 19:45:20.687,9852,187,5,15,False,0,car,0 days 00:01:31.746000,0 days 01:44:18.454000,4962.578888888888,24.0
2023-10-22 19:45:20.927,9980,183,5,26,False,0,car,0 days 00:01:31.986000,0 days 01:44:18.694000,4974.778888888889,24.0
2023-10-22 19:45:21.127,9904,184,5,46,False,0,car,0 days 00:01:32.186000,0 days 01:44:18.894000,4985.001111111112,24.0
2023-10-22 19:45:21.287,10032,182,5,53,False,0,car,0 days 00:01:32.346000,0 days 01:44:19.054000,4993.09,24.0
2023-10-22 19:45:21.567,10180,186,5,60,False,0,car,0 days 00:01:32.626000,0 days 01:44:19.334000,5007.556666666667,24.0
2023-10-22 19:45:21.807,10510,191,5,83,False,0,car,0 days 00:01:32.866000,0 days 01:44:19.574000,5020.29,24.0
2023-10-22 19:45:22.007,10723,195,5,100,False,0,car,0 days 00:01:33.066000,0 days 01:44:19.774000,5031.123333333334,24.0
2023-10-22 19:45:22.446,11363,206,5,100,False,0,car,0 days 00:01:33.505000,0 days 01:44:20.213000,5056.243888888889,24.0
2023-10-22 19:45:22.646,11106,209,5,100,False,0,car,0 days 00:01:33.705000,0 days 01:44:20.413000,5067.8550000000005,24.0
2023-10-22 19:45:22.806,10234,209,6,100,False,0,car,0 days 00:01:33.865000,0 days 01:44:20.573000,5077.143888888889,24.0
2023-10-22 19:45:23.046,10215,218,6,100,False,0,car,0 days 00:01:34.105000,0 days 01:44:20.813000,5091.677222222223,24.0
2023-10-22 19:45:23.446,10667,225,6,100,False,0,car,0 days 00:01:34.505000,0 days 01:44:21.213000,5116.677222222222,24.0
2023-10-22 19:45:23.806,10885,230,6,100,False,0,car,0 days 00:01:34.865000,0 days 01:44:21.573000,5139.677222222222,24.0
2023-10-22 19:45:24.206,11124,233,6,0,True,0,car,0 days 00:01:35.265000,0 days 01:44:21.973000,5165.566111111111,24.0
2023-10-22 19:45:24.526,9859,210,6,0,True,0,car,0 days 00:01:35.585000,0 days 01:44:22.293000,5184.232777777777,24.0
2023-10-22 19:45:24.846,9815,183,5,0,True,0,car,0 days 00:01:35.905000,0 days 01:44:22.613000,5200.499444444445,24.0
2023-10-22 19:45:25.086,10637,156,4,0,True,0,car,0 days 00:01:36.145000,0 days 01:44:22.853000,5210.899444444444,24.0
2023-10-22 19:45:25.246,10274,142,4,0,True,0,car,0 days 00:01:36.305000,0 days 01:44:23.013000,5217.210555555555,24.0
2023-10-22 19:45:25.566,8829,125,3,0,True,0,car,0 days 00:01:36.625000,0 days 01:44:23.333000,5228.321666666667,24.0
2023-10-22 19:45:25.766,8206,117,3,0,True,0,car,0 days 00:01:36.825000,0 days 01:44:23.533000,5234.821666666667,24.0
2023-10-22 19:45:26.046,7606,108,3,0,True,0,car,0 days 00:01:37.105000,0 days 01:44:23.813000,5243.221666666666,24.0
2023-10-22 19:45:26.286,7400,103,3,0,True,0,car,0 days 00:01:37.345000,0 days 01:44:24.053000,5250.088333333333,24.0
2023-10-22 19:45:26.567,7034,97,3,0,True,0,car,0 days 00:01:37.626000,0 days 01:44:24.334000,5257.659722222223,24.0
2023-10-22 19:45:26.847,6516,93,3,0,False,0,car,0 days 00:01:37.906000,0 days 01:44:24.614000,5264.893055555556,24.0
2023-10-22 19:45:27.167,6642,89,3,7,False,0,car,0 days 00:01:38.226000,0 days 01:44:24.934000,5272.804166666667,24.0
2023-10-22 19:45:27.367,6797,91,3,23,False,0,car,0 days 00:01:38.426000,0 days 01:44:25.134000,5277.859722222222,24.0
2023-10-22 19:45:27.727,7292,96,3,37,False,0,car,0 days 00:01:38.786000,0 days 01:44:25.494000,5287.459722222223,24.0
2023-10-22 19:45:28.087,7699,102,3,48,False,0,car,0 days 00:01:39.146000,0 days 01:44:25.854000,5297.659722222223,24.0
2023-10-22 19:45:28.327,8192,108,3,53,False,0,car,0 days 00:01:39.386000,0 days 01:44:26.094000,5304.859722222222,24.0
2023-10-22 19:45:28.487,8665,114,3,59,False,0,car,0 days 00:01:39.546000,0 days 01:44:26.254000,5309.926388888889,24.0
2023-10-22 19:45:28.687,8891,120,3,58,False,0,car,0 days 00:01:39.746000,0 days 01:44:26.454000,5316.593055555555,24.0
2023-10-22 19:45:28.966,9877,129,3,67,False,0,car,0 days 00:01:40.025000,0 days 01:44:26.733000,5326.5905555555555,24.0
2023-10-22 19:45:29.166,10632,140,3,81,False,0,car,0 days 00:01:40.225000,0 days 01:44:26.933000,5334.368333333333,24.0
2023-10-22 19:45:29.646,11021,159,3,100,False,0,car,0 days 00:01:40.705000,0 days 01:44:27.413000,5355.568333333333,24.0
2023-10-22 19:45:29.806,10656,168,4,100,False,0,car,0 days 00:01:40.865000,0 days 01:44:27.573000,5363.034999999999,24.0
2023-10-22 19:45:30.166,11591,183,4,100,False,0,car,0 days 00:01:41.225000,0 days 01:44:27.933000,5381.334999999999,24.0
2023-10-22 19:45:30.446,10286,193,4,100,False,0,car,0 days 00:01:41.505000,0 days 01:44:28.213000,5396.34611111111,24.0
2023-10-22 19:45:30.646,10810,200,5,100,False,0,car,0 days 00:01:41.705000,0 days 01:44:28.413000,5407.457222222221,24.0
2023-10-22 19:45:31.006,11276,208,5,100,False,0,car,0 days 00:01:42.065000,0 days 01:44:28.773000,5428.257222222222,24.0
2023-10-22 19:45:31.166,11560,213,5,100,False,0,car,0 days 00:00:00.040000,0 days 01:44:28.933000,2.3666666666666667,25.0
2023-10-22 19:45:31.366,10580,219,5,100,False,0,car,0 days 00:00:00.240000,0 days 01:44:29.133000,14.533333333333331,25.0
2023-10-22 19:45:31.646,10704,226,6,100,False,0,car,0 days 00:00:00.520000,0 days 01:44:29.413000,32.111111111111114,25.0
2023-10-22 19:45:32.006,11014,232,6,100,False,0,car,0 days 00:00:00.880000,0 days 01:44:29.773000,55.31111111111112,25.0
2023-10-22 19:45:32.246,11278,237,6,100,False,0,car,0 days 00:00:01.120000,0 days 01:44:30.013000,71.11111111111113,25.0
2023-10-22 19:45:32.526,11412,241,6,100,False,0,car,0 days 00:00:01.400000,0 days 01:44:30.293000,89.85555555555555,25.0
2023-10-22 19:45:32.846,11623,244,6,100,False,0,car,0 days 00:00:01.720000,0 days 01:44:30.613000,111.54444444444445,25.0
2023-10-22 19:45:33.127,10374,252,7,100,False,0,car,0 days 00:00:02.001000,0 days 01:44:30.894000,131.21444444444444,25.0
2023-10-22 19:45:33.287,10494,252,7,100,False,0,car,0 days 00:00:02.161000,0 days 01:44:31.054000,142.41444444444446,25.0
2023-10-22 19:45:33.487,10625,256,7,99,False,0,car,0 days 00:00:02.361000,0 days 01:44:31.254000,156.63666666666668,25.0
2023-10-22 19:45:33.927,10871,262,7,100,False,0,car,0 days 00:00:02.801000,0 days 01:44:31.694000,188.6588888888889,25.0
2023-10-22 19:45:34.287,11005,266,7,100,False,0,car,0 days 00:00:03.161000,0 days 01:44:32.054000,215.2588888888889,25.0
2023-10-22 19:45:34.567,11158,269,7,100,False,0,car,0 days 00:00:03.441000,0 days 01:44:32.334000,236.1811111111111,25.0
2023-10-22 19:45:34.727,11191,271,7,100,False,0,car,0 days 00:00:03.601000,0 days 01:44:32.494000,248.22555555555556,25.0
2023-10-22 19:45:35.047,11361,272,7,100,False,0,car,0 days 00:00:03.921000,0 days 01:44:32.814000,272.4033333333333,25.0
2023-10-22 19:45:35.367,11422,275,7,100,False,0,car,0 days 00:00:04.241000,0 days 01:44:33.134000,296.84777777777776,25.0
2023-10-22 19:45:35.686,11511,277,7,100,False,0,car,0 days 00:00:04.560000,0 days 01:44:33.453000,321.3930555555555,25.0
2023-10-22 19:45:36.006,10970,279,7,100,False,0,car,0 days 00:00:04.880000,0 days 01:44:33.773000,346.19305555555553,25.0
2023-10-22 19:45:36.206,10122,280,7,100,False,0,car,0 days 00:00:05.080000,0 days 01:44:33.973000,361.7486111111111,25.0
2023-10-22 19:45:36.406,10285,280,8,100,False,0,car,0 days 00:00:05.280000,0 days 01:44:34.173000,377.3041666666666,25.0
2023-10-22 19:45:36.606,10301,279,8,100,False,0,car,0 days 00:00:05.480000,0 days 01:44:34.373000,392.8041666666666,25.0
2023-10-22 19:45:36.886,10261,279,8,100,False,0,car,0 days 00:00:05.760000,0 days 01:44:34.653000,414.50416666666655,25.0
2023-10-22 19:45:37.086,10290,279,8,100,False,0,car,0 days 00:00:05.960000,0 days 01:44:34.853000,430.00416666666655,25.0
2023-10-22 19:45:37.326,10251,278,8,99,False,0,car,0 days 00:00:06.200000,0 days 01:44:35.093000,448.5374999999999,25.0
2023-10-22 19:45:37.566,9961,271,8,0,False,0,car,0 days 00:00:06.440000,0 days 01:44:35.333000,466.6041666666666,25.0
2023-10-22 19:45:37.726,9792,265,8,0,False,0,car,0 days 00:00:06.600000,0 days 01:44:35.493000,478.3819444444443,25.0
2023-10-22 19:45:37.966,9789,260,8,0,False,0,car,0 days 00:00:06.840000,0 days 01:44:35.733000,495.71527777777766,25.0
2023-10-22 19:45:38.246,9342,252,8,0,False,0,car,0 days 00:00:07.120000,0 days 01:44:36.013000,515.3152777777776,25.0
2023-10-22 19:45:38.646,8868,223,8,0,True,0,car,0 days 00:00:07.520000,0 days 01:44:36.413000,540.0930555555553,25.0
2023-10-22 19:45:38.846,9024,190,7,0,True,0,car,0 days 00:00:07.720000,0 days 01:44:36.613000,550.6486111111109,25.0
2023-10-22 19:45:39.046,8357,174,6,0,True,0,car,0 days 00:00:07.920000,0 days 01:44:36.813000,560.3152777777775,25.0
2023-10-22 19:45:39.206,8357,166,6,0,True,0,car,0 days 00:00:08.080000,0 days 01:44:36.973000,567.6930555555552,25.0
2023-10-22 19:45:39.487,8998,144,5,0,True,0,car,0 days 00:00:08.361000,0 days 01:44:37.254000,578.9330555555553,25.0
2023-10-22 19:45:39.727,9799,128,4,0,True,0,car,0 days 00:00:08.601000,0 days 01:44:37.494000,587.4663888888886,25.0
2023-10-22 19:45:40.087,8057,115,3,0,True,0,car,0 days 00:00:08.961000,0 days 01:44:37.854000,598.9663888888886,25.0
2023-10-22 19:45:40.367,7291,105,3,0,True,0,car,0 days 00:00:09.241000,0 days 01:44:38.134000,607.1330555555552,25.0
2023-10-22 19:45:40.607,6924,99,3,0,True,0,car,0 days 00:00:09.481000,0 days 01:44:38.374000,613.7330555555552,25.0
2023-10-22 19:45:40.927,6387,91,3,0,True,0,car,0 days 00:00:09.801000,0 days 01:44:38.694000,621.8219444444441,25.0
2023-10-22 19:45:41.207,6153,87,3,0,False,0,car,0 days 00:00:10.081000,0 days 01:44:38.974000,628.5886111111107,25.0
2023-10-22 19:45:41.487,5836,85,3,0,False,0,car,0 days 00:00:10.361000,0 days 01:44:39.254000,635.1997222222218,25.0
2023-10-22 19:45:41.727,5675,81,3,1,False,0,car,0 days 00:00:10.601000,0 days 01:44:39.494000,640.5997222222218,25.0
2023-10-22 19:45:41.927,5760,78,3,9,False,0,car,0 days 00:00:10.801000,0 days 01:44:39.694000,644.9330555555551,25.0
2023-10-22 19:45:42.287,6291,80,3,26,False,0,car,0 days 00:00:11.161000,0 days 01:44:40.054000,652.9330555555551,25.0
2023-10-22 19:45:42.566,6456,85,3,32,False,0,car,0 days 00:00:11.440000,0 days 01:44:40.333000,659.5205555555551,25.0
2023-10-22 19:45:42.926,6877,93,3,41,False,0,car,0 days 00:00:11.800000,0 days 01:44:40.693000,668.8205555555552,25.0
2023-10-22 19:45:43.086,7381,97,3,43,False,0,car,0 days 00:00:11.960000,0 days 01:44:40.853000,673.1316666666663,25.0
2023-10-22 19:45:43.406,8147,105,3,49,False,0,car,0 days 00:00:12.280000,0 days 01:44:41.173000,682.4649999999996,25.0
2023-10-22 19:45:43.606,8531,111,3,57,False,0,car,0 days 00:00:12.480000,0 days 01:44:41.373000,688.6316666666663,25.0
2023-10-22 19:45:43.766,8986,118,3,57,False,0,car,0 days 00:00:12.640000,0 days 01:44:41.533000,693.8761111111107,25.0
2023-10-22 19:45:44.046,9361,130,3,62,False,0,car,0 days 00:00:12.920000,0 days 01:44:41.813000,703.9872222222218,25.0
2023-10-22 19:45:44.326,10735,142,3,81,False,0,car,0 days 00:00:13.200000,0 days 01:44:42.093000,715.0316666666662,25.0
2023-10-22 19:45:44.646,10982,157,3,87,False,0,car,0 days 00:00:13.520000,0 days 01:44:42.413000,728.9872222222217,25.0
2023-10-22 19:45:44.806,10364,162,4,99,False,0,car,0 days 00:00:13.680000,0 days 01:44:42.573000,736.1872222222217,25.0
2023-10-22 19:45:45.046,10864,176,4,99,False,0,car,0 days 00:00:13.920000,0 days 01:44:42.813000,747.9205555555551,25.0
2023-10-22 19:45:45.446,10858,193,4,99,False,0,car,0 days 00:00:14.320000,0 days 01:44:43.213000,769.3649999999996,25.0
2023-10-22 19:45:45.726,10914,200,5,99,False,0,car,0 days 00:00:14.600000,0 days 01:44:43.493000,784.9205555555551,25.0
2023-10-22 19:45:46.046,11379,212,5,99,False,0,car,0 days 00:00:14.920000,0 days 01:44:43.813000,803.7649999999995,25.0
2023-10-22 19:45:46.447,10689,219,6,100,False,0,car,0 days 00:00:15.321000,0 days 01:44:44.214000,828.1591666666662,25.0
2023-10-22 19:45:46.607,10789,219,6,99,False,0,car,0 days 00:00:15.481000,0 days 01:44:44.374000,837.8924999999996,25.0
2023-10-22 19:45:46.887,10891,230,6,100,False,0,car,0 days 00:00:15.761000,0 days 01:44:44.654000,855.7813888888884,25.0
2023-10-22 19:45:47.247,11324,236,6,99,False,0,car,0 days 00:00:16.121000,0 days 01:44:45.014000,879.3813888888883,25.0
2023-10-22 19:45:47.647,11606,244,6,100,False,0,car,0 days 00:00:16.521000,0 days 01:44:45.414000,906.4924999999995,25.0
2023-10-22 19:45:47.847,11503,247,6,100,False,0,car,0 days 00:00:16.721000,0 days 01:44:45.614000,920.2147222222217,25.0
2023-10-22 19:45:48.087,10437,248,7,100,False,0,car,0 days 00:00:16.961000,0 days 01:44:45.854000,936.7480555555549,25.0
2023-10-22 19:45:48.287,10464,251,7,100,False,0,car,0 days 00:00:17.161000,0 days 01:44:46.054000,950.6924999999995,25.0
2023-10-22 19:45:48.487,10561,254,7,100,False,0,car,0 days 00:00:17.361000,0 days 01:44:46.254000,964.8036111111106,25.0
2023-10-22 19:45:48.727,10723,258,7,99,False,0,car,0 days 00:00:17.601000,0 days 01:44:46.494000,982.0036111111106,25.0
2023-10-22 19:45:48.967,10770,259,7,100,False,0,car,0 days 00:00:17.841000,0 days 01:44:46.734000,999.2702777777773,25.0
2023-10-22 19:45:49.166,10867,262,7,100,False,0,car,0 days 00:00:18.040000,0 days 01:44:46.933000,1013.753055555555,25.0
2023-10-22 19:45:49.406,10958,263,7,100,False,0,car,0 days 00:00:18.280000,0 days 01:44:47.173000,1031.2863888888885,25.0
2023-10-22 19:45:49.686,11062,268,7,99,False,0,car,0 days 00:00:18.560000,0 days 01:44:47.453000,1052.1308333333327,25.0
2023-10-22 19:45:49.886,11146,269,7,100,False,0,car,0 days 00:00:18.760000,0 days 01:44:47.653000,1067.0752777777773,25.0
2023-10-22 19:45:50.166,11160,269,7,100,False,0,car,0 days 00:00:19.040000,0 days 01:44:47.933000,1087.9974999999993,25.0
2023-10-22 19:45:50.526,11162,270,7,100,False,0,car,0 days 00:00:19.400000,0 days 01:44:48.293000,1114.9974999999993,25.0
2023-10-22 19:45:50.966,10939,270,7,70,False,0,car,0 days 00:00:19.840000,0 days 01:44:48.733000,1147.9974999999993,25.0
2023-10-22 19:45:51.166,11089,268,7,59,False,0,car,0 days 00:00:20.040000,0 days 01:44:48.933000,1162.8863888888882,25.0
2023-10-22 19:45:51.486,11102,266,7,99,False,0,car,0 days 00:00:20.360000,0 days 01:44:49.253000,1186.5308333333326,25.0
2023-10-22 19:45:51.726,10779,268,7,50,False,0,car,0 days 00:00:20.600000,0 days 01:44:49.493000,1204.3974999999994,25.0
2023-10-22 19:45:52.206,10467,256,7,39,False,0,car,0 days 00:00:21.080000,0 days 01:44:49.973000,1238.5308333333326,25.0
2023-10-22 19:45:52.366,10460,253,7,45,False,0,car,0 days 00:00:21.240000,0 days 01:44:50.133000,1249.775277777777,25.0
2023-10-22 19:45:52.606,10394,249,7,59,False,0,car,0 days 00:00:21.480000,0 days 01:44:50.373000,1266.3752777777772,25.0
2023-10-22 19:45:53.007,9874,249,7,5,True,0,car,0 days 00:00:21.881000,0 days 01:44:50.774000,1294.1111111111106,25.0
2023-10-22 19:45:53.167,9832,241,7,5,False,0,car,0 days 00:00:22.041000,0 days 01:44:50.934000,1304.8222222222219,25.0
2023-10-22 19:45:53.327,9817,235,7,25,False,0,car,0 days 00:00:22.201000,0 days 01:44:51.094000,1315.2666666666662,25.0
2023-10-22 19:45:53.647,9645,230,7,44,False,0,car,0 days 00:00:22.521000,0 days 01:44:51.414000,1335.7111111111108,25.0
2023-10-22 19:45:53.807,9602,229,7,55,False,0,car,0 days 00:00:22.681000,0 days 01:44:51.574000,1345.8888888888885,25.0
2023-10-22 19:45:54.047,9599,229,7,64,False,0,car,0 days 00:00:22.921000,0 days 01:44:51.814000,1361.155555555555,25.0
2023-10-22 19:45:54.407,9643,231,7,69,False,0,car,0 days 00:00:23.281000,0 days 01:44:52.174000,1384.255555555555,25.0
2023-10-22 19:45:54.687,9456,232,7,0,True,0,car,0 days 00:00:23.561000,0 days 01:44:52.454000,1402.2999999999995,25.0
2023-10-22 19:45:54.887,10600,223,7,0,True,0,car,0 days 00:00:23.761000,0 days 01:44:52.654000,1414.6888888888884,25.0
2023-10-22 19:45:55.287,9997,214,6,0,False,0,car,0 days 00:00:24.161000,0 days 01:44:53.054000,1438.4666666666662,25.0
2023-10-22 19:45:55.567,9693,208,6,9,False,0,car,0 days 00:00:24.441000,0 days 01:44:53.334000,1454.644444444444,25.0
2023-10-22 19:45:55.886,9448,203,6,0,False,0,car,0 days 00:00:24.760000,0 days 01:44:53.653000,1472.6324999999997,25.0
2023-10-22 19:45:56.086,9533,198,6,0,False,0,car,0 days 00:00:24.960000,0 days 01:44:53.853000,1483.6324999999997,25.0
2023-10-22 19:45:56.326,10228,194,5,19,False,0,car,0 days 00:00:25.200000,0 days 01:44:54.093000,1496.5658333333329,25.0
2023-10-22 19:45:56.486,10404,194,5,60,False,0,car,0 days 00:00:25.360000,0 days 01:44:54.253000,1505.1880555555551,25.0
2023-10-22 19:45:56.686,10461,193,5,68,False,0,car,0 days 00:00:25.560000,0 days 01:44:54.453000,1515.9102777777773,25.0
2023-10-22 19:45:56.886,10737,195,5,79,False,0,car,0 days 00:00:25.760000,0 days 01:44:54.653000,1526.7436111111108,25.0
2023-10-22 19:45:57.246,11146,202,5,78,False,0,car,0 days 00:00:26.120000,0 days 01:44:55.013000,1546.9436111111108,25.0
2023-10-22 19:45:57.526,11287,207,5,83,False,0,car,0 days 00:00:26.400000,0 days 01:44:55.293000,1563.0436111111107,25.0
2023-10-22 19:45:57.926,11421,211,5,100,False,0,car,0 days 00:00:26.800000,0 days 01:44:55.693000,1586.4880555555553,25.0
2023-10-22 19:45:58.166,11284,213,5,100,False,0,car,0 days 00:00:27.040000,0 days 01:44:55.933000,1600.6880555555551,25.0
2023-10-22 19:45:58.326,10292,217,5,100,False,0,car,0 days 00:00:27.200000,0 days 01:44:56.093000,1610.3324999999995,25.0
2023-10-22 19:45:58.606,10761,219,6,7,True,0,car,0 days 00:00:27.480000,0 days 01:44:56.373000,1627.3658333333328,25.0
2023-10-22 19:45:58.886,11078,207,6,0,True,0,car,0 days 00:00:27.760000,0 days 01:44:56.653000,1643.465833333333,25.0
2023-10-22 19:45:59.126,10715,198,5,0,True,0,car,0 days 00:00:28,0 days 01:44:56.893000,1656.6658333333328,25.0
2023-10-22 19:45:59.567,9992,189,5,5,False,0,car,0 days 00:00:28.441000,0 days 01:44:57.334000,1679.8183333333327,25.0
2023-10-22 19:45:59.967,9965,183,5,44,False,0,car,0 days 00:00:28.841000,0 days 01:44:57.734000,1700.1516666666662,25.0
2023-10-22 19:46:00.407,10157,184,5,62,False,0,car,0 days 00:00:29.281000,0 days 01:44:58.174000,1722.640555555555,25.0
2023-10-22 19:46:00.647,10320,189,5,64,False,0,car,0 days 00:00:29.521000,0 days 01:44:58.414000,1735.2405555555551,25.0
2023-10-22 19:46:01.007,10537,193,5,67,False,0,car,0 days 00:00:29.881000,0 days 01:44:58.774000,1754.540555555555,25.0
2023-10-22 19:46:01.367,10563,190,5,1,True,0,car,0 days 00:00:30.241000,0 days 01:44:59.134000,1773.540555555555,25.0
2023-10-22 19:46:01.607,11046,183,5,0,True,0,car,0 days 00:00:30.481000,0 days 01:44:59.374000,1785.7405555555551,25.0
2023-10-22 19:46:01.927,10179,164,4,0,True,0,car,0 days 00:00:30.801000,0 days 01:44:59.694000,1800.3183333333327,25.0
2023-10-22 19:46:02.247,9346,156,4,0,True,0,car,0 days 00:00:31.121000,0 days 01:45:00.014000,1814.1849999999995,25.0
2023-10-22 19:46:02.407,9212,151,4,1,True,0,car,0 days 00:00:31.281000,0 days 01:45:00.174000,1820.8961111111107,25.0
2023-10-22 19:46:02.846,8459,143,4,0,True,0,car,0 days 00:00:31.720000,0 days 01:45:00.613000,1838.3341666666663,25.0
2023-10-22 19:46:03.126,8216,135,4,0,True,0,car,0 days 00:00:32,0 days 01:45:00.893000,1848.8341666666663,25.0
2023-10-22 19:46:03.486,8048,127,4,16,False,0,car,0 days 00:00:32.360000,0 days 01:45:01.253000,1861.5341666666664,25.0
2023-10-22 19:46:03.806,7967,124,4,40,False,0,car,0 days 00:00:32.680000,0 days 01:45:01.573000,1872.5563888888885,25.0
2023-10-22 19:46:04.086,8248,128,4,48,False,0,car,0 days 00:00:32.960000,0 days 01:45:01.853000,1882.511944444444,25.0
2023-10-22 19:46:04.486,8639,134,4,69,False,0,car,0 days 00:00:33.360000,0 days 01:45:02.253000,1897.400833333333,25.0
2023-10-22 19:46:04.726,9270,143,4,74,False,0,car,0 days 00:00:33.600000,0 days 01:45:02.493000,1906.9341666666662,25.0
2023-10-22 19:46:04.926,9792,151,4,72,False,0,car,0 days 00:00:33.800000,0 days 01:45:02.693000,1915.323055555555,25.0
2023-10-22 19:46:05.086,9878,151,4,54,False,0,car,0 days 00:00:33.960000,0 days 01:45:02.853000,1922.0341666666661,25.0
2023-10-22 19:46:05.326,9984,156,4,53,False,0,car,0 days 00:00:34.200000,0 days 01:45:03.093000,1932.4341666666662,25.0
2023-10-22 19:46:05.606,9950,156,4,47,False,0,car,0 days 00:00:34.480000,0 days 01:45:03.373000,1944.5674999999992,25.0
2023-10-22 19:46:05.766,10071,157,4,51,False,0,car,0 days 00:00:34.640000,0 days 01:45:03.533000,1951.545277777777,25.0
2023-10-22 19:46:06.127,10639,160,4,76,False,0,car,0 days 00:00:35.001000,0 days 01:45:03.894000,1967.5897222222213,25.0
2023-10-22 19:46:06.287,10983,172,4,100,False,0,car,0 days 00:00:35.161000,0 days 01:45:04.054000,1975.234166666666,25.0
2023-10-22 19:46:06.487,11511,175,4,100,False,0,car,0 days 00:00:35.361000,0 days 01:45:04.254000,1984.956388888888,25.0
2023-10-22 19:46:06.687,11704,182,4,100,False,0,car,0 days 00:00:35.561000,0 days 01:45:04.454000,1995.0674999999992,25.0
2023-10-22 19:46:06.887,11284,190,4,100,False,0,car,0 days 00:00:35.761000,0 days 01:45:04.654000,2005.6230555555549,25.0
2023-10-22 19:46:07.127,10857,192,5,100,False,0,car,0 days 00:00:36.001000,0 days 01:45:04.894000,2018.4230555555546,25.0
2023-10-22 19:46:07.287,10997,192,5,100,False,0,car,0 days 00:00:36.161000,0 days 01:45:05.054000,2026.9563888888881,25.0
2023-10-22 19:46:07.447,11481,204,5,100,False,0,car,0 days 00:00:36.321000,0 days 01:45:05.214000,2036.0230555555545,25.0
2023-10-22 19:46:07.607,11715,211,5,99,False,0,car,0 days 00:00:36.481000,0 days 01:45:05.374000,2045.4008333333325,25.0
2023-10-22 19:46:07.967,10542,222,5,100,False,0,car,0 days 00:00:36.841000,0 days 01:45:05.734000,2067.6008333333325,25.0
2023-10-22 19:46:08.367,10809,232,6,100,False,0,car,0 days 00:00:37.241000,0 days 01:45:06.134000,2093.3786111111103,25.0
2023-10-22 19:46:08.607,11209,236,6,100,False,0,car,0 days 00:00:37.481000,0 days 01:45:06.374000,2109.111944444444,25.0
2023-10-22 19:46:08.767,11370,237,6,99,False,0,car,0 days 00:00:37.641000,0 days 01:45:06.534000,2119.645277777777,25.0
2023-10-22 19:46:09.007,11121,243,6,100,False,0,car,0 days 00:00:37.881000,0 days 01:45:06.774000,2135.8452777777775,25.0
2023-10-22 19:46:09.326,10577,250,7,99,False,0,car,0 days 00:00:38.200000,0 days 01:45:07.093000,2157.9980555555553,25.0
2023-10-22 19:46:09.726,10621,256,7,100,False,0,car,0 days 00:00:38.600000,0 days 01:45:07.493000,2186.4424999999997,25.0
2023-10-22 19:46:09.966,10786,259,7,99,False,0,car,0 days 00:00:38.840000,0 days 01:45:07.733000,2203.7091666666665,25.0
2023-10-22 19:46:10.126,10836,262,7,99,False,0,car,0 days 00:00:39,0 days 01:45:07.893000,2215.3536111111107,25.0
2023-10-22 19:46:10.366,11007,265,7,99,False,0,car,0 days 00:00:39.240000,0 days 01:45:08.133000,2233.0202777777777,25.0
2023-10-22 19:46:10.646,11120,270,7,99,False,0,car,0 days 00:00:39.520000,0 days 01:45:08.413000,2254.0202777777777,25.0
2023-10-22 19:46:11.006,11291,273,7,99,False,0,car,0 days 00:00:39.880000,0 days 01:45:08.773000,2281.320277777778,25.0
2023-10-22 19:46:11.166,11404,276,7,99,False,0,car,0 days 00:00:40.040000,0 days 01:45:08.933000,2293.5869444444443,25.0
2023-10-22 19:46:11.326,11500,277,7,100,False,0,car,0 days 00:00:40.200000,0 days 01:45:09.093000,2305.898055555556,25.0
2023-10-22 19:46:11.646,10330,280,7,99,False,0,car,0 days 00:00:40.520000,0 days 01:45:09.413000,2330.7869444444445,25.0
2023-10-22 19:46:11.846,10368,282,8,100,False,0,car,0 days 00:00:40.720000,0 days 01:45:09.613000,2346.453611111111,25.0
2023-10-22 19:46:12.086,9948,284,8,43,False,0,car,0 days 00:00:40.960000,0 days 01:45:09.853000,2365.3869444444445,25.0
2023-10-22 19:46:12.246,9829,280,8,43,False,0,car,0 days 00:00:41.120000,0 days 01:45:10.013000,2377.831388888889,25.0
2023-10-22 19:46:12.487,9855,277,8,0,False,0,car,0 days 00:00:41.361000,0 days 01:45:10.254000,2396.375,25.0
2023-10-22 19:46:12.887,9521,233,8,0,True,0,car,0 days 00:00:41.761000,0 days 01:45:10.654000,2422.263888888889,25.0
2023-10-22 19:46:13.207,9357,211,7,0,True,0,car,0 days 00:00:42.081000,0 days 01:45:10.974000,2441.0194444444446,25.0
2023-10-22 19:46:13.487,9515,185,5,0,True,0,car,0 days 00:00:42.361000,0 days 01:45:11.254000,2455.4083333333333,25.0
2023-10-22 19:46:13.807,10028,153,4,0,True,0,car,0 days 00:00:42.681000,0 days 01:45:11.574000,2469.008333333333,25.0
2023-10-22 19:46:14.007,9750,139,4,0,True,0,car,0 days 00:00:42.881000,0 days 01:45:11.774000,2476.7305555555554,25.0
2023-10-22 19:46:14.327,8545,117,3,0,True,0,car,0 days 00:00:43.201000,0 days 01:45:12.094000,2487.1305555555555,25.0
2023-10-22 19:46:14.687,7392,103,3,0,True,0,car,0 days 00:00:43.561000,0 days 01:45:12.454000,2497.4305555555557,25.0
2023-10-22 19:46:14.847,6961,98,3,0,True,0,car,0 days 00:00:43.721000,0 days 01:45:12.614000,2501.786111111111,25.0
2023-10-22 19:46:15.047,6523,92,3,0,True,0,car,0 days 00:00:43.921000,0 days 01:45:12.814000,2506.8972222222224,25.0
2023-10-22 19:46:15.327,5855,82,3,0,True,0,car,0 days 00:00:44.201000,0 days 01:45:13.094000,2513.275,25.0
2023-10-22 19:46:15.527,5803,81,3,0,True,0,car,0 days 00:00:44.401000,0 days 01:45:13.294000,2517.775,25.0
2023-10-22 19:46:15.687,5416,79,3,0,False,0,car,0 days 00:00:44.561000,0 days 01:45:13.454000,2521.286111111111,25.0
2023-10-22 19:46:15.887,5134,75,3,0,False,0,car,0 days 00:00:44.761000,0 days 01:45:13.654000,2525.4527777777776,25.0
2023-10-22 19:46:16.326,4829,70,3,0,False,0,car,0 days 00:00:45.200000,0 days 01:45:14.093000,2533.9888888888886,25.0
2023-10-22 19:46:16.486,5116,67,3,7,False,0,car,0 days 00:00:45.360000,0 days 01:45:14.253000,2536.9666666666662,25.0
2023-10-22 19:46:16.726,5305,68,3,14,False,0,car,0 days 00:00:45.600000,0 days 01:45:14.493000,2541.4999999999995,25.0
2023-10-22 19:46:16.886,5183,68,3,16,False,0,car,0 days 00:00:45.760000,0 days 01:45:14.653000,2544.522222222222,25.0
2023-10-22 19:46:17.166,5502,72,3,23,False,0,car,0 days 00:00:46.040000,0 days 01:45:14.933000,2550.122222222222,25.0
2023-10-22 19:46:17.406,6012,78,3,34,False,0,car,0 days 00:00:46.280000,0 days 01:45:15.173000,2555.3222222222216,25.0
2023-10-22 19:46:17.566,6392,80,3,35,False,0,car,0 days 00:00:46.440000,0 days 01:45:15.333000,2558.8777777777773,25.0
2023-10-22 19:46:17.846,6817,88,3,39,False,0,car,0 days 00:00:46.720000,0 days 01:45:15.613000,2565.7222222222217,25.0
2023-10-22 19:46:18.006,7032,91,3,44,False,0,car,0 days 00:00:46.880000,0 days 01:45:15.773000,2569.7666666666664,25.0
2023-10-22 19:46:18.166,7490,98,3,45,False,0,car,0 days 00:00:47.040000,0 days 01:45:15.933000,2574.122222222222,25.0
2023-10-22 19:46:18.406,7868,100,3,54,False,0,car,0 days 00:00:47.280000,0 days 01:45:16.173000,2580.7888888888883,25.0
2023-10-22 19:46:18.686,8827,107,3,61,False,0,car,0 days 00:00:47.560000,0 days 01:45:16.453000,2589.1111111111104,25.0
2023-10-22 19:46:19.007,9578,122,3,78,False,0,car,0 days 00:00:47.881000,0 days 01:45:16.774000,2599.9894444444435,25.0
2023-10-22 19:46:19.207,10359,131,3,93,False,0,car,0 days 00:00:48.081000,0 days 01:45:16.974000,2607.2672222222213,25.0
2023-10-22 19:46:19.527,11523,137,3,100,False,0,car,0 days 00:00:48.401000,0 days 01:45:17.294000,2619.4449999999993,25.0
2023-10-22 19:46:19.927,10900,175,4,100,False,0,car,0 days 00:00:48.801000,0 days 01:45:17.694000,2638.8894444444436,25.0
2023-10-22 19:46:20.287,10854,179,4,100,False,0,car,0 days 00:00:49.161000,0 days 01:45:18.054000,2656.7894444444437,25.0
2023-10-22 19:46:20.567,10520,194,5,100,False,0,car,0 days 00:00:49.441000,0 days 01:45:18.334000,2671.8783333333326,25.0
2023-10-22 19:46:20.927,11147,207,5,100,False,0,car,0 days 00:00:49.801000,0 days 01:45:18.694000,2692.5783333333325,25.0
2023-10-22 19:46:21.127,11612,213,5,100,False,0,car,0 days 00:00:50.001000,0 days 01:45:18.894000,2704.4116666666655,25.0
2023-10-22 19:46:21.327,10912,222,5,100,False,0,car,0 days 00:00:50.201000,0 days 01:45:19.094000,2716.744999999999,25.0
2023-10-22 19:46:21.607,10738,222,6,100,False,0,car,0 days 00:00:50.481000,0 days 01:45:19.374000,2734.011666666666,25.0
2023-10-22 19:46:21.807,10884,230,6,99,False,0,car,0 days 00:00:50.681000,0 days 01:45:19.574000,2746.7894444444432,25.0
2023-10-22 19:46:22.167,11356,236,6,100,False,0,car,0 days 00:00:51.041000,0 days 01:45:19.934000,2770.389444444443,25.0
2023-10-22 19:46:22.527,11624,246,6,100,False,0,car,0 days 00:00:51.401000,0 days 01:45:20.294000,2794.9894444444435,25.0
2023-10-22 19:46:23.006,10504,254,7,100,False,0,car,0 days 00:00:51.880000,0 days 01:45:20.773000,2828.7855555555548,25.0
2023-10-22 19:46:23.406,10652,258,7,100,False,0,car,0 days 00:00:52.280000,0 days 01:45:21.173000,2857.4522222222213,25.0
2023-10-22 19:46:23.846,10981,265,7,100,False,0,car,0 days 00:00:52.720000,0 days 01:45:21.613000,2889.84111111111,25.0
2023-10-22 19:46:24.046,11018,267,7,100,False,0,car,0 days 00:00:52.920000,0 days 01:45:21.813000,2904.6744444444435,25.0
2023-10-22 19:46:24.406,11124,268,7,100,False,0,car,0 days 00:00:53.280000,0 days 01:45:22.173000,2931.4744444444436,25.0
2023-10-22 19:46:24.606,11290,272,7,100,False,0,car,0 days 00:00:53.480000,0 days 01:45:22.373000,2946.5855555555545,25.0
2023-10-22 19:46:24.966,11478,273,7,100,False,0,car,0 days 00:00:53.840000,0 days 01:45:22.733000,2973.885555555555,25.0
2023-10-22 19:46:25.126,11449,276,7,100,False,0,car,0 days 00:00:54,0 days 01:45:22.893000,2986.1522222222216,25.0
2023-10-22 19:46:25.446,11486,278,7,100,False,0,car,0 days 00:00:54.320000,0 days 01:45:23.213000,3010.863333333333,25.0
2023-10-22 19:46:25.687,11066,279,8,100,False,0,car,0 days 00:00:54.561000,0 days 01:45:23.454000,3029.5408333333326,25.0
2023-10-22 19:46:25.887,10381,281,8,100,False,0,car,0 days 00:00:54.761000,0 days 01:45:23.654000,3045.151944444444,25.0
2023-10-22 19:46:26.167,10437,284,8,100,False,0,car,0 days 00:00:55.041000,0 days 01:45:23.934000,3067.2408333333324,25.0
2023-10-22 19:46:26.447,10573,285,8,100,False,0,car,0 days 00:00:55.321000,0 days 01:45:24.214000,3089.4074999999993,25.0
2023-10-22 19:46:26.687,10570,286,8,100,False,0,car,0 days 00:00:55.561000,0 days 01:45:24.454000,3108.474166666666,25.0
2023-10-22 19:46:26.847,10566,288,8,100,False,0,car,0 days 00:00:55.721000,0 days 01:45:24.614000,3121.2741666666657,25.0
2023-10-22 19:46:27.327,10672,291,8,100,False,0,car,0 days 00:00:56.201000,0 days 01:45:25.094000,3160.074166666666,25.0
2023-10-22 19:46:27.527,10727,291,8,100,False,0,car,0 days 00:00:56.401000,0 days 01:45:25.294000,3176.240833333333,25.0
2023-10-22 19:46:27.767,10782,292,8,100,False,0,car,0 days 00:00:56.641000,0 days 01:45:25.534000,3195.707499999999,25.0
2023-10-22 19:46:27.967,10818,293,8,100,False,0,car,0 days 00:00:56.841000,0 days 01:45:25.734000,3211.985277777777,25.0
2023-10-22 19:46:28.287,10795,294,8,100,False,0,car,0 days 00:00:57.161000,0 days 01:45:26.054000,3238.11861111111,25.0
2023-10-22 19:46:28.487,10888,294,8,99,False,0,car,0 days 00:00:57.361000,0 days 01:45:26.254000,3254.451944444443,25.0
2023-10-22 19:46:28.887,10894,296,8,100,False,0,car,0 days 00:00:57.761000,0 days 01:45:26.654000,3287.3408333333323,25.0
2023-10-22 19:46:29.047,10894,296,8,100,False,0,car,0 days 00:00:57.921000,0 days 01:45:26.814000,3300.4963888888874,25.0
2023-10-22 19:46:29.247,10904,296,8,100,False,0,car,0 days 00:00:58.121000,0 days 01:45:27.014000,3316.940833333332,25.0
2023-10-22 19:46:29.566,10979,297,8,100,False,0,car,0 days 00:00:58.440000,0 days 01:45:27.333000,3343.258333333332,25.0
2023-10-22 19:46:29.766,10977,297,8,100,False,0,car,0 days 00:00:58.640000,0 days 01:45:27.533000,3359.7583333333323,25.0
2023-10-22 19:46:29.966,10953,298,8,100,False,0,car,0 days 00:00:58.840000,0 days 01:45:27.733000,3376.313888888888,25.0
2023-10-22 19:46:30.366,11007,298,8,100,False,0,car,0 days 00:00:59.240000,0 days 01:45:28.133000,3409.424999999999,25.0
2023-10-22 19:46:30.526,11011,299,8,100,False,0,car,0 days 00:00:59.400000,0 days 01:45:28.293000,3422.7138888888876,25.0
2023-10-22 19:46:30.766,11115,299,8,100,False,0,car,0 days 00:00:59.640000,0 days 01:45:28.533000,3442.647222222221,25.0
2023-10-22 19:46:31.206,10977,299,8,100,False,0,car,0 days 00:01:00.080000,0 days 01:45:28.973000,3479.1916666666652,25.0
2023-10-22 19:46:31.446,11012,299,8,100,False,0,car,0 days 00:01:00.320000,0 days 01:45:29.213000,3499.1249999999986,25.0
2023-10-22 19:46:31.726,11033,299,8,100,False,0,car,0 days 00:01:00.600000,0 days 01:45:29.493000,3522.380555555554,25.0
2023-10-22 19:46:32.046,10635,298,8,100,False,0,car,0 days 00:01:00.920000,0 days 01:45:29.813000,3548.869444444443,25.0
2023-10-22 19:46:32.407,10484,291,8,0,False,0,car,0 days 00:01:01.281000,0 days 01:45:30.174000,3578.050277777776,25.0
2023-10-22 19:46:32.647,10145,272,8,0,True,0,car,0 days 00:01:01.521000,0 days 01:45:30.414000,3596.1836111111097,25.0
2023-10-22 19:46:32.847,9296,249,8,0,True,0,car,0 days 00:01:01.721000,0 days 01:45:30.614000,3610.0169444444427,25.0
2023-10-22 19:46:33.127,9351,228,8,0,True,0,car,0 days 00:01:02.001000,0 days 01:45:30.894000,3627.7502777777763,25.0
2023-10-22 19:46:33.287,8576,228,7,0,True,0,car,0 days 00:01:02.161000,0 days 01:45:31.054000,3637.88361111111,25.0
2023-10-22 19:46:33.527,8713,190,7,0,True,0,car,0 days 00:01:02.401000,0 days 01:45:31.294000,3650.550277777777,25.0
2023-10-22 19:46:33.767,8873,165,6,0,True,0,car,0 days 00:01:02.641000,0 days 01:45:31.534000,3661.5502777777765,25.0
2023-10-22 19:46:33.927,8227,156,5,0,True,0,car,0 days 00:01:02.801000,0 days 01:45:31.694000,3668.48361111111,25.0
2023-10-22 19:46:34.127,8513,134,5,0,True,0,car,0 days 00:01:03.001000,0 days 01:45:31.894000,3675.9280555555542,25.0
2023-10-22 19:46:34.447,8968,119,3,0,True,0,car,0 days 00:01:03.321000,0 days 01:45:32.214000,3686.5058333333322,25.0
2023-10-22 19:46:34.607,7898,119,3,0,True,0,car,0 days 00:01:03.481000,0 days 01:45:32.374000,3691.7947222222215,25.0
2023-10-22 19:46:34.767,7554,108,3,0,True,0,car,0 days 00:01:03.641000,0 days 01:45:32.534000,3696.594722222221,25.0
2023-10-22 19:46:35.007,7198,104,3,0,True,0,car,0 days 00:01:03.881000,0 days 01:45:32.774000,3703.5280555555546,25.0
2023-10-22 19:46:35.247,6740,98,3,0,True,0,car,0 days 00:01:04.121000,0 days 01:45:33.014000,3710.061388888888,25.0
2023-10-22 19:46:35.447,6496,93,3,0,True,0,car,0 days 00:01:04.321000,0 days 01:45:33.214000,3715.2280555555544,25.0
2023-10-22 19:46:35.767,6268,90,3,0,False,0,car,0 days 00:01:04.641000,0 days 01:45:33.534000,3723.2280555555544,25.0
2023-10-22 19:46:36.087,6268,86,3,9,False,0,car,0 days 00:01:04.961000,0 days 01:45:33.854000,3730.8724999999986,25.0
2023-10-22 19:46:36.246,6414,85,3,13,False,0,car,0 days 00:01:05.120000,0 days 01:45:34.013000,3734.626666666665,25.0
2023-10-22 19:46:36.446,6521,85,3,31,False,0,car,0 days 00:01:05.320000,0 days 01:45:34.213000,3739.3488888888874,25.0
2023-10-22 19:46:36.646,6788,87,3,41,False,0,car,0 days 00:01:05.520000,0 days 01:45:34.413000,3744.182222222221,25.0
2023-10-22 19:46:36.886,7297,93,3,47,False,0,car,0 days 00:01:05.760000,0 days 01:45:34.653000,3750.382222222221,25.0
2023-10-22 19:46:37.046,7758,103,3,52,False,0,car,0 days 00:01:05.920000,0 days 01:45:34.813000,3754.9599999999987,25.0
2023-10-22 19:46:37.406,8336,114,3,63,False,0,car,0 days 00:01:06.280000,0 days 01:45:35.173000,3766.3599999999988,25.0
2023-10-22 19:46:37.726,9744,127,3,73,False,0,car,0 days 00:01:06.600000,0 days 01:45:35.493000,3777.6488888888875,25.0
2023-10-22 19:46:38.086,10944,136,3,100,False,0,car,0 days 00:01:06.960000,0 days 01:45:35.853000,3791.2488888888874,25.0
2023-10-22 19:46:38.526,10531,165,3,100,False,0,car,0 days 00:01:07.400000,0 days 01:45:36.293000,3811.415555555555,25.0
2023-10-22 19:46:38.847,11200,178,4,100,False,0,car,0 days 00:01:07.721000,0 days 01:45:36.614000,3827.2872222222213,25.0
2023-10-22 19:46:39.127,11200,189,4,100,False,0,car,0 days 00:01:08.001000,0 days 01:45:36.894000,3841.9872222222216,25.0
2023-10-22 19:46:39.367,10458,193,5,100,False,0,car,0 days 00:01:08.241000,0 days 01:45:37.134000,3854.853888888888,25.0
2023-10-22 19:46:39.727,10148,180,5,0,True,0,car,0 days 00:01:08.601000,0 days 01:45:37.494000,3872.853888888888,25.0
2023-10-22 19:46:39.927,9889,166,5,0,True,0,car,0 days 00:01:08.801000,0 days 01:45:37.694000,3882.07611111111,25.0
2023-10-22 19:46:40.407,9771,140,3,0,True,0,car,0 days 00:01:09.281000,0 days 01:45:38.174000,3900.742777777777,25.0
2023-10-22 19:46:40.607,9334,129,3,0,True,0,car,0 days 00:01:09.481000,0 days 01:45:38.374000,3907.909444444443,25.0
2023-10-22 19:46:40.767,8736,129,3,0,True,0,car,0 days 00:01:09.641000,0 days 01:45:38.534000,3913.6427777777767,25.0
2023-10-22 19:46:41.007,8401,117,3,0,True,0,car,0 days 00:01:09.881000,0 days 01:45:38.774000,3921.4427777777764,25.0
2023-10-22 19:46:41.247,7898,113,3,0,True,0,car,0 days 00:01:10.121000,0 days 01:45:39.014000,3928.9761111111097,25.0
2023-10-22 19:46:41.487,7565,107,3,0,False,0,car,0 days 00:01:10.361000,0 days 01:45:39.254000,3936.1094444444434,25.0
2023-10-22 19:46:41.767,7433,104,3,0,False,0,car,0 days 00:01:10.641000,0 days 01:45:39.534000,3944.1983333333324,25.0
2023-10-22 19:46:42.007,7133,102,3,0,False,0,car,0 days 00:01:10.881000,0 days 01:45:39.774000,3950.998333333332,25.0
2023-10-22 19:46:42.367,7165,98,3,3,False,0,car,0 days 00:01:11.241000,0 days 01:45:40.134000,3960.7983333333323,25.0
2023-10-22 19:46:42.607,7075,94,3,23,False,0,car,0 days 00:01:11.481000,0 days 01:45:40.374000,3967.0649999999987,25.0
2023-10-22 19:46:43.006,7397,97,3,38,False,0,car,0 days 00:01:11.880000,0 days 01:45:40.773000,3977.815833333332,25.0
2023-10-22 19:46:43.246,7695,101,3,39,False,0,car,0 days 00:01:12.120000,0 days 01:45:41.013000,3984.5491666666658,25.0
2023-10-22 19:46:43.446,8026,105,3,44,False,0,car,0 days 00:01:12.320000,0 days 01:45:41.213000,3990.382499999999,25.0
2023-10-22 19:46:43.606,8343,105,3,48,False,0,car,0 days 00:01:12.480000,0 days 01:45:41.373000,3995.0491666666658,25.0
2023-10-22 19:46:43.806,8664,115,3,51,False,0,car,0 days 00:01:12.680000,0 days 01:45:41.573000,4001.438055555555,25.0
2023-10-22 19:46:43.966,8934,120,3,54,False,0,car,0 days 00:01:12.840000,0 days 01:45:41.733000,4006.771388888888,25.0
2023-10-22 19:46:44.126,9519,123,3,61,False,0,car,0 days 00:01:13,0 days 01:45:41.893000,4012.2380555555546,25.0
2023-10-22 19:46:44.406,10121,130,3,69,False,0,car,0 days 00:01:13.280000,0 days 01:45:42.173000,4022.349166666666,25.0
2023-10-22 19:46:44.606,10843,136,3,79,False,0,car,0 days 00:01:13.480000,0 days 01:45:42.373000,4029.9047222222216,25.0
2023-10-22 19:46:44.806,11037,145,3,97,False,0,car,0 days 00:01:13.680000,0 days 01:45:42.573000,4037.9602777777773,25.0
2023-10-22 19:46:44.966,11179,153,3,100,False,0,car,0 days 00:01:13.840000,0 days 01:45:42.733000,4044.760277777777,25.0
2023-10-22 19:46:45.166,10409,163,3,100,False,0,car,0 days 00:01:14.040000,0 days 01:45:42.933000,4053.8158333333326,25.0
2023-10-22 19:46:45.367,10628,166,4,99,False,0,car,0 days 00:01:14.241000,0 days 01:45:43.134000,4063.0841666666656,25.0
2023-10-22 19:46:45.607,11130,175,4,99,False,0,car,0 days 00:01:14.481000,0 days 01:45:43.374000,4074.750833333332,25.0
2023-10-22 19:46:45.807,10834,178,4,99,False,0,car,0 days 00:01:14.681000,0 days 01:45:43.574000,4084.6397222222213,25.0
2023-10-22 19:46:45.967,10168,184,4,99,False,0,car,0 days 00:01:14.841000,0 days 01:45:43.734000,4092.8174999999987,25.0
2023-10-22 19:46:46.327,9462,184,5,0,True,0,car,0 days 00:01:15.201000,0 days 01:45:44.094000,4111.217499999999,25.0
2023-10-22 19:46:46.487,9571,184,5,0,True,0,car,0 days 00:01:15.361000,0 days 01:45:44.254000,4119.395277777777,25.0
2023-10-22 19:46:46.807,9699,167,5,0,True,0,car,0 days 00:01:15.681000,0 days 01:45:44.574000,4134.239722222221,25.0
2023-10-22 19:46:47.047,9359,149,4,0,True,0,car,0 days 00:01:15.921000,0 days 01:45:44.814000,4144.173055555554,25.0
2023-10-22 19:46:47.327,9967,145,4,0,True,0,car,0 days 00:01:16.201000,0 days 01:45:45.094000,4155.4508333333315,25.0
2023-10-22 19:46:47.487,9378,137,3,0,True,0,car,0 days 00:01:16.361000,0 days 01:45:45.254000,4161.539722222221,25.0
2023-10-22 19:46:47.807,8508,124,3,0,True,0,car,0 days 00:01:16.681000,0 days 01:45:45.574000,4172.561944444443,25.0
2023-10-22 19:46:48.207,7631,111,3,0,True,0,car,0 days 00:01:17.081000,0 days 01:45:45.974000,4184.895277777777,25.0
2023-10-22 19:46:48.407,7295,104,3,0,True,0,car,0 days 00:01:17.281000,0 days 01:45:46.174000,4190.673055555555,25.0
2023-10-22 19:46:48.607,6992,103,3,0,True,0,car,0 days 00:01:17.481000,0 days 01:45:46.374000,4196.395277777777,25.0
2023-10-22 19:46:49.047,6430,92,3,0,True,0,car,0 days 00:01:17.921000,0 days 01:45:46.814000,4207.639722222221,25.0
2023-10-22 19:46:49.287,6206,89,3,0,False,0,car,0 days 00:01:18.161000,0 days 01:45:47.054000,4213.573055555555,25.0
2023-10-22 19:46:49.487,6038,88,3,0,False,0,car,0 days 00:01:18.361000,0 days 01:45:47.254000,4218.461944444443,25.0
2023-10-22 19:46:49.806,5915,85,3,5,False,0,car,0 days 00:01:18.680000,0 days 01:45:47.573000,4225.993888888888,25.0
2023-10-22 19:46:50.206,6330,82,3,29,False,0,car,0 days 00:01:19.080000,0 days 01:45:47.973000,4235.105,25.0
2023-10-22 19:46:50.686,6955,90,3,44,False,0,car,0 days 00:01:19.560000,0 days 01:45:48.453000,4247.105,25.0
2023-10-22 19:46:50.846,7332,94,3,45,False,0,car,0 days 00:01:19.720000,0 days 01:45:48.613000,4251.2827777777775,25.0
2023-10-22 19:46:51.086,7838,100,3,52,False,0,car,0 days 00:01:19.960000,0 days 01:45:48.853000,4257.949444444444,25.0
2023-10-22 19:46:51.406,8155,106,3,57,False,0,car,0 days 00:01:20.280000,0 days 01:45:49.173000,4267.371666666667,25.0
2023-10-22 19:46:51.646,8995,116,3,72,False,0,car,0 days 00:01:20.520000,0 days 01:45:49.413000,4275.1050000000005,25.0
2023-10-22 19:46:51.847,9920,129,3,80,False,0,car,0 days 00:01:20.721000,0 days 01:45:49.614000,4282.307500000001,25.0
2023-10-22 19:46:52.087,10953,134,3,99,False,0,car,0 days 00:01:20.961000,0 days 01:45:49.854000,4291.240833333334,25.0
2023-10-22 19:46:52.287,11473,149,3,100,False,0,car,0 days 00:01:21.161000,0 days 01:45:50.054000,4299.5186111111125,25.0
2023-10-22 19:46:52.527,10353,154,3,99,False,0,car,0 days 00:01:21.401000,0 days 01:45:50.294000,4309.785277777779,25.0
2023-10-22 19:46:52.847,11069,171,4,100,False,0,car,0 days 00:01:21.721000,0 days 01:45:50.614000,4324.98527777778,25.0
2023-10-22 19:46:53.047,11306,182,4,100,False,0,car,0 days 00:01:21.921000,0 days 01:45:50.814000,4335.096388888891,25.0
2023-10-22 19:46:53.207,10806,182,4,100,False,0,car,0 days 00:01:22.081000,0 days 01:45:50.974000,4343.185277777779,25.0
2023-10-22 19:46:53.487,10766,194,5,100,False,0,car,0 days 00:01:22.361000,0 days 01:45:51.254000,4358.274166666668,25.0
2023-10-22 19:46:53.727,11184,205,5,100,False,0,car,0 days 00:01:22.601000,0 days 01:45:51.494000,4371.940833333334,25.0
2023-10-22 19:46:54.127,11543,214,5,100,False,0,car,0 days 00:01:23.001000,0 days 01:45:51.894000,4395.718611111112,25.0
2023-10-22 19:46:54.327,10413,218,5,100,False,0,car,0 days 00:01:23.201000,0 days 01:45:52.094000,4407.829722222223,25.0
2023-10-22 19:46:54.567,10566,222,6,100,False,0,car,0 days 00:01:23.441000,0 days 01:45:52.334000,4422.629722222223,25.0
2023-10-22 19:46:54.847,10705,225,6,100,False,0,car,0 days 00:01:23.721000,0 days 01:45:52.614000,4440.129722222223,25.0
2023-10-22 19:46:55.047,10618,226,6,58,False,0,car,0 days 00:01:23.921000,0 days 01:45:52.814000,4452.6852777777785,25.0
2023-10-22 19:46:55.287,10561,224,6,63,False,0,car,0 days 00:01:24.161000,0 days 01:45:53.054000,4467.618611111112,25.0
2023-10-22 19:46:55.447,10705,223,6,70,False,0,car,0 days 00:01:24.321000,0 days 01:45:53.214000,4477.5297222222225,25.0
2023-10-22 19:46:55.607,10736,225,6,78,False,0,car,0 days 00:01:24.481000,0 days 01:45:53.374000,4487.5297222222225,25.0
2023-10-22 19:46:55.887,10943,229,6,88,False,0,car,0 days 00:01:24.761000,0 days 01:45:53.654000,4505.340833333334,25.0
2023-10-22 19:46:56.167,11015,232,6,83,False,0,car,0 days 00:01:25.041000,0 days 01:45:53.934000,4523.385277777778,25.0
2023-10-22 19:46:56.327,10984,232,6,69,False,0,car,0 days 00:01:25.201000,0 days 01:45:54.094000,4533.6963888888895,25.0
2023-10-22 19:46:56.486,11131,232,6,82,False,0,car,0 days 00:01:25.360000,0 days 01:45:54.253000,4543.943055555556,25.0
2023-10-22 19:46:56.726,11177,235,6,79,False,0,car,0 days 00:01:25.600000,0 days 01:45:54.493000,4559.609722222222,25.0
2023-10-22 19:46:56.926,11325,237,6,88,False,0,car,0 days 00:01:25.800000,0 days 01:45:54.693000,4572.776388888889,25.0
2023-10-22 19:46:57.086,11478,238,6,100,False,0,car,0 days 00:01:25.960000,0 days 01:45:54.853000,4583.354166666667,25.0
2023-10-22 19:46:57.326,11590,242,6,100,False,0,car,0 days 00:01:26.200000,0 days 01:45:55.093000,4599.487500000001,25.0
2023-10-22 19:46:57.566,10881,244,6,100,False,0,car,0 days 00:01:26.440000,0 days 01:45:55.333000,4615.7541666666675,25.0
2023-10-22 19:46:57.726,10221,247,6,100,False,0,car,0 days 00:01:26.600000,0 days 01:45:55.493000,4626.731944444445,25.0
2023-10-22 19:46:58.006,10375,249,7,100,False,0,car,0 days 00:01:26.880000,0 days 01:45:55.773000,4646.0986111111115,25.0
2023-10-22 19:46:58.406,10466,250,7,99,False,0,car,0 days 00:01:27.280000,0 days 01:45:56.173000,4673.87638888889,25.0
2023-10-22 19:46:58.767,10706,253,7,100,False,0,car,0 days 00:01:27.641000,0 days 01:45:56.534000,4699.246666666668,25.0
2023-10-22 19:46:59.047,10482,254,7,99,False,0,car,0 days 00:01:27.921000,0 days 01:45:56.814000,4719.002222222223,25.0
2023-10-22 19:46:59.207,10747,257,7,100,False,0,car,0 days 00:01:28.081000,0 days 01:45:56.974000,4730.424444444445,25.0
2023-10-22 19:46:59.447,10670,257,7,100,False,0,car,0 days 00:01:28.321000,0 days 01:45:57.214000,4747.557777777778,25.0
2023-10-22 19:46:59.647,10729,258,7,100,False,0,car,0 days 00:01:28.521000,0 days 01:45:57.414000,4761.891111111112,25.0
2023-10-22 19:46:59.887,10806,259,7,100,False,0,car,0 days 00:01:28.761000,0 days 01:45:57.654000,4779.157777777778,25.0
2023-10-22 19:47:00.207,10864,260,7,99,False,0,car,0 days 00:01:29.081000,0 days 01:45:57.974000,4802.26888888889,25.0
2023-10-22 19:47:00.527,10902,263,7,100,False,0,car,0 days 00:01:29.401000,0 days 01:45:58.294000,4825.6466666666665,25.0
2023-10-22 19:47:00.687,10903,263,7,99,False,0,car,0 days 00:01:29.561000,0 days 01:45:58.454000,4837.335555555556,25.0
2023-10-22 19:47:00.847,10995,264,7,100,False,0,car,0 days 00:01:29.721000,0 days 01:45:58.614000,4849.068888888889,25.0
2023-10-22 19:47:01.087,10618,266,7,3,False,0,car,0 days 00:01:29.961000,0 days 01:45:58.854000,4866.802222222222,25.0
2023-10-22 19:47:01.247,10886,261,7,0,True,0,car,0 days 00:01:30.121000,0 days 01:45:59.014000,4878.402222222221,25.0
2023-10-22 19:47:01.527,9860,248,7,0,True,0,car,0 days 00:01:30.401000,0 days 01:45:59.294000,4897.69111111111,25.0
2023-10-22 19:47:01.767,10171,229,7,0,True,0,car,0 days 00:01:30.641000,0 days 01:45:59.534000,4912.957777777778,25.0
2023-10-22 19:47:02.167,10840,206,6,0,True,0,car,0 days 00:01:31.041000,0 days 01:45:59.934000,4935.846666666666,25.0
2023-10-22 19:47:02.367,10367,201,5,0,True,0,car,0 days 00:01:31.241000,0 days 01:46:00.134000,4947.013333333333,25.0
2023-10-22 19:47:02.567,10157,194,5,0,True,0,car,0 days 00:01:31.441000,0 days 01:46:00.334000,4957.791111111112,25.0
2023-10-22 19:47:02.767,10048,189,5,19,False,0,car,0 days 00:01:31.641000,0 days 01:46:00.534000,4968.291111111112,25.0
2023-10-22 19:47:03.007,10255,185,5,52,False,0,car,0 days 00:01:31.881000,0 days 01:46:00.774000,4980.624444444445,25.0
2023-10-22 19:47:03.326,10460,189,5,60,False,0,car,0 days 00:01:32.200000,0 days 01:46:01.093000,4997.371944444445,25.0
2023-10-22 19:47:03.486,10554,190,5,74,False,0,car,0 days 00:01:32.360000,0 days 01:46:01.253000,5005.816388888889,25.0
2023-10-22 19:47:03.686,10656,194,5,81,False,0,car,0 days 00:01:32.560000,0 days 01:46:01.453000,5016.594166666668,25.0
2023-10-22 19:47:04.006,11087,200,5,100,False,0,car,0 days 00:01:32.880000,0 days 01:46:01.773000,5034.371944444445,25.0
2023-10-22 19:47:04.406,11492,208,5,100,False,0,car,0 days 00:01:33.280000,0 days 01:46:02.173000,5057.483055555556,25.0
2023-10-22 19:47:04.726,10240,215,5,100,False,0,car,0 days 00:01:33.600000,0 days 01:46:02.493000,5076.594166666667,25.0
2023-10-22 19:47:04.926,10294,217,6,100,False,0,car,0 days 00:01:33.800000,0 days 01:46:02.693000,5088.649722222222,25.0
2023-10-22 19:47:05.087,10490,220,6,100,False,0,car,0 days 00:01:33.961000,0 days 01:46:02.854000,5098.488611111112,25.0
2023-10-22 19:47:05.287,10631,223,6,100,False,0,car,0 days 00:01:34.161000,0 days 01:46:03.054000,5110.8775000000005,25.0
2023-10-22 19:47:05.567,10840,226,6,100,False,0,car,0 days 00:01:34.441000,0 days 01:46:03.334000,5128.455277777778,25.0
2023-10-22 19:47:05.767,11006,231,6,100,False,0,car,0 days 00:01:34.641000,0 days 01:46:03.534000,5141.288611111112,25.0
2023-10-22 19:47:06.047,11252,236,6,99,False,0,car,0 days 00:01:34.921000,0 days 01:46:03.814000,5159.644166666668,25.0
2023-10-22 19:47:06.287,10616,233,6,0,True,0,car,0 days 00:01:35.161000,0 days 01:46:04.054000,5175.177500000001,25.0
2023-10-22 19:47:06.567,9875,204,6,0,True,0,car,0 days 00:01:35.441000,0 days 01:46:04.334000,5191.0441666666675,25.0
2023-10-22 19:47:06.727,10346,175,5,0,True,0,car,0 days 00:01:35.601000,0 days 01:46:04.494000,5198.821944444445,25.0
2023-10-22 19:47:07.087,10379,152,5,0,True,0,car,0 days 00:01:35.961000,0 days 01:46:04.854000,5214.021944444445,25.0
2023-10-22 19:47:07.447,9056,129,3,0,True,0,car,0 days 00:01:36.321000,0 days 01:46:05.214000,5226.921944444444,25.0
2023-10-22 19:47:07.607,8418,126,3,0,True,0,car,0 days 00:01:36.481000,0 days 01:46:05.374000,5232.521944444444,25.0
2023-10-22 19:47:07.847,7835,113,3,0,True,0,car,0 days 00:01:36.721000,0 days 01:46:05.614000,5240.0552777777775,25.0
2023-10-22 19:47:08.087,7509,108,3,0,True,0,car,0 days 00:01:36.961000,0 days 01:46:05.854000,5247.255277777777,25.0
2023-10-22 19:47:08.327,7266,103,3,0,False,0,car,0 days 00:01:37.201000,0 days 01:46:06.094000,5254.121944444444,25.0
2023-10-22 19:47:08.687,7089,99,3,0,False,0,car,0 days 00:01:37.561000,0 days 01:46:06.454000,5264.021944444445,25.0
2023-10-22 19:47:09.127,6953,92,3,22,False,0,car,0 days 00:01:38.001000,0 days 01:46:06.894000,5275.266388888889,25.0
2023-10-22 19:47:09.287,7097,93,3,31,False,0,car,0 days 00:01:38.161000,0 days 01:46:07.054000,5279.399722222222,25.0
2023-10-22 19:47:09.567,7383,96,3,37,False,0,car,0 days 00:01:38.441000,0 days 01:46:07.334000,5286.866388888889,25.0
2023-10-22 19:47:09.767,7659,99,3,40,False,0,car,0 days 00:01:38.641000,0 days 01:46:07.534000,5292.366388888889,25.0
2023-10-22 19:47:10.046,7955,105,3,48,False,0,car,0 days 00:01:38.920000,0 days 01:46:07.813000,5300.5038888888885,25.0
2023-10-22 19:47:10.326,8702,113,3,56,False,0,car,0 days 00:01:39.200000,0 days 01:46:08.093000,5309.292777777778,25.0
2023-10-22 19:47:10.726,9660,127,3,69,False,0,car,0 days 00:01:39.600000,0 days 01:46:08.493000,5323.403888888888,25.0
2023-10-22 19:47:10.926,10360,136,3,78,False,0,car,0 days 00:01:39.800000,0 days 01:46:08.693000,5330.959444444444,25.0
2023-10-22 19:47:11.206,11556,146,3,100,False,0,car,0 days 00:01:40.080000,0 days 01:46:08.973000,5342.315,25.0
2023-10-22 19:47:11.406,11145,154,3,100,False,0,car,0 days 00:01:40.280000,0 days 01:46:09.173000,5350.870555555555,25.0
2023-10-22 19:47:11.807,11205,163,4,100,False,0,car,0 days 00:01:40.681000,0 days 01:46:09.574000,5369.026944444444,25.0
2023-10-22 19:47:12.207,11084,187,4,100,False,0,car,0 days 00:01:41.081000,0 days 01:46:09.974000,5389.804722222222,25.0
2023-10-22 19:47:12.607,11080,200,5,100,False,0,car,0 days 00:01:41.481000,0 days 01:46:10.374000,5412.026944444444,25.0
2023-10-22 19:47:12.807,11319,205,5,100,False,0,car,0 days 00:01:41.681000,0 days 01:46:10.574000,5423.415833333333,25.0
2023-10-22 19:47:13.087,11174,214,5,100,False,0,car,0 days 00:00:00.131000,0 days 01:46:10.854000,7.787222222222223,26.0
2023-10-22 19:47:13.327,10543,221,6,100,False,0,car,0 days 00:00:00.371000,0 days 01:46:11.094000,22.520555555555553,26.0
2023-10-22 19:47:13.567,10839,226,6,100,False,0,car,0 days 00:00:00.611000,0 days 01:46:11.334000,37.58722222222222,26.0
2023-10-22 19:47:13.927,11123,234,6,100,False,0,car,0 days 00:00:00.971000,0 days 01:46:11.694000,60.98722222222222,26.0
2023-10-22 19:47:14.207,11378,238,6,100,False,0,car,0 days 00:00:01.251000,0 days 01:46:11.974000,79.49833333333333,26.0
2023-10-22 19:47:14.367,11525,240,6,100,False,0,car,0 days 00:00:01.411000,0 days 01:46:12.134000,90.165,26.0
2023-10-22 19:47:14.687,11762,247,6,100,False,0,car,0 days 00:00:01.731000,0 days 01:46:12.454000,112.12055555555557,26.0
2023-10-22 19:47:14.927,10502,251,6,100,False,0,car,0 days 00:00:01.971000,0 days 01:46:12.694000,128.8538888888889,26.0
2023-10-22 19:47:15.167,10575,253,7,100,False,0,car,0 days 00:00:02.211000,0 days 01:46:12.934000,145.72055555555553,26.0
2023-10-22 19:47:15.327,10680,253,7,100,False,0,car,0 days 00:00:02.371000,0 days 01:46:13.094000,156.96499999999997,26.0
2023-10-22 19:47:15.567,10788,259,7,100,False,0,car,0 days 00:00:02.611000,0 days 01:46:13.334000,174.23166666666665,26.0
2023-10-22 19:47:15.727,10860,261,7,100,False,0,car,0 days 00:00:02.771000,0 days 01:46:13.494000,185.83166666666662,26.0
2023-10-22 19:47:16.127,11003,265,7,100,False,0,car,0 days 00:00:03.171000,0 days 01:46:13.894000,215.27611111111105,26.0
2023-10-22 19:47:16.407,11131,267,7,100,False,0,car,0 days 00:00:03.451000,0 days 01:46:14.174000,236.04277777777773,26.0
2023-10-22 19:47:16.686,11312,270,7,100,False,0,car,0 days 00:00:03.730000,0 days 01:46:14.453000,256.9677777777777,26.0
2023-10-22 19:47:17.126,11366,274,7,100,False,0,car,0 days 00:00:04.170000,0 days 01:46:14.893000,290.4566666666666,26.0
2023-10-22 19:47:17.366,11423,274,7,100,False,0,car,0 days 00:00:04.410000,0 days 01:46:15.133000,308.7233333333333,26.0
2023-10-22 19:47:17.726,11482,277,7,100,False,0,car,0 days 00:00:04.770000,0 days 01:46:15.493000,336.42333333333323,26.0
2023-10-22 19:47:17.886,11335,277,7,100,False,0,car,0 days 00:00:04.930000,0 days 01:46:15.653000,348.73444444444436,26.0
2023-10-22 19:47:18.167,10273,278,7,100,False,0,car,0 days 00:00:05.211000,0 days 01:46:15.934000,370.4338888888889,26.0
2023-10-22 19:47:18.327,10266,278,8,100,False,0,car,0 days 00:00:05.371000,0 days 01:46:16.094000,382.7894444444444,26.0
2023-10-22 19:47:18.567,10191,278,8,100,False,0,car,0 days 00:00:05.611000,0 days 01:46:16.334000,401.32277777777773,26.0
2023-10-22 19:47:18.727,10195,278,8,100,False,0,car,0 days 00:00:05.771000,0 days 01:46:16.494000,413.6783333333333,26.0
2023-10-22 19:47:19.007,10143,277,8,100,False,0,car,0 days 00:00:06.051000,0 days 01:46:16.774000,435.22277777777776,26.0
2023-10-22 19:47:19.167,10153,276,8,100,False,0,car,0 days 00:00:06.211000,0 days 01:46:16.934000,447.4894444444444,26.0
2023-10-22 19:47:19.327,10141,276,8,100,False,0,car,0 days 00:00:06.371000,0 days 01:46:17.094000,459.75611111111107,26.0
2023-10-22 19:47:19.567,10147,275,8,100,False,0,car,0 days 00:00:06.611000,0 days 01:46:17.334000,478.0894444444443,26.0
2023-10-22 19:47:20.367,9004,240,8,0,True,0,car,0 days 00:00:07.411000,0 days 01:46:18.134000,531.4227777777777,26.0
2023-10-22 19:47:20.527,8921,215,8,0,True,0,car,0 days 00:00:07.571000,0 days 01:46:18.294000,540.9783333333332,26.0
2023-10-22 19:47:20.767,8737,208,7,0,True,0,car,0 days 00:00:07.811000,0 days 01:46:18.534000,554.8449999999999,26.0
2023-10-22 19:47:21.167,8457,158,7,0,True,0,car,0 days 00:00:08.211000,0 days 01:46:18.934000,572.4005555555555,26.0
2023-10-22 19:47:21.567,8489,131,4,0,True,0,car,0 days 00:00:08.611000,0 days 01:46:19.334000,586.956111111111,26.0
2023-10-22 19:47:21.887,7726,116,3,0,True,0,car,0 days 00:00:08.931000,0 days 01:46:19.654000,597.267222222222,26.0
2023-10-22 19:47:22.087,7190,107,3,0,True,0,car,0 days 00:00:09.131000,0 days 01:46:19.854000,603.2116666666665,26.0
2023-10-22 19:47:22.327,6824,98,3,0,True,0,car,0 days 00:00:09.371000,0 days 01:46:20.094000,609.7449999999998,26.0
2023-10-22 19:47:22.607,6390,98,3,0,True,0,car,0 days 00:00:09.651000,0 days 01:46:20.374000,617.3672222222219,26.0
2023-10-22 19:47:22.887,5950,98,3,0,False,0,car,0 days 00:00:09.931000,0 days 01:46:20.654000,624.9894444444441,26.0
2023-10-22 19:47:23.047,5805,85,3,0,False,0,car,0 days 00:00:10.091000,0 days 01:46:20.814000,628.7672222222219,26.0
2023-10-22 19:47:23.446,5687,79,3,0,False,0,car,0 days 00:00:10.490000,0 days 01:46:21.213000,637.5230555555553,26.0
2023-10-22 19:47:23.726,5684,76,3,9,False,0,car,0 days 00:00:10.770000,0 days 01:46:21.493000,643.4341666666664,26.0
2023-10-22 19:47:23.966,5853,77,3,20,False,0,car,0 days 00:00:11.010000,0 days 01:46:21.733000,648.5674999999998,26.0
2023-10-22 19:47:24.286,6235,81,3,36,False,0,car,0 days 00:00:11.330000,0 days 01:46:22.053000,655.7674999999998,26.0
2023-10-22 19:47:24.566,6519,86,3,38,False,0,car,0 days 00:00:11.610000,0 days 01:46:22.333000,662.4563888888887,26.0
2023-10-22 19:47:24.847,7308,94,3,45,False,0,car,0 days 00:00:11.891000,0 days 01:46:22.614000,669.793611111111,26.0
2023-10-22 19:47:25.127,8001,101,3,48,False,0,car,0 days 00:00:12.171000,0 days 01:46:22.894000,677.6491666666665,26.0
2023-10-22 19:47:25.407,8412,108,3,52,False,0,car,0 days 00:00:12.451000,0 days 01:46:23.174000,686.0491666666665,26.0
2023-10-22 19:47:25.567,8998,114,3,57,False,0,car,0 days 00:00:12.611000,0 days 01:46:23.334000,691.1158333333332,26.0
2023-10-22 19:47:25.767,9138,121,3,57,False,0,car,0 days 00:00:12.811000,0 days 01:46:23.534000,697.8380555555553,26.0
2023-10-22 19:47:25.927,9903,129,3,64,False,0,car,0 days 00:00:12.971000,0 days 01:46:23.694000,703.5713888888887,26.0
2023-10-22 19:47:26.087,10468,133,3,76,False,0,car,0 days 00:00:13.131000,0 days 01:46:23.854000,709.4824999999998,26.0
2023-10-22 19:47:26.367,10748,146,3,91,False,0,car,0 days 00:00:13.411000,0 days 01:46:24.134000,720.8380555555553,26.0
2023-10-22 19:47:26.607,10678,156,3,99,False,0,car,0 days 00:00:13.651000,0 days 01:46:24.374000,731.2380555555553,26.0
2023-10-22 19:47:27.007,10705,176,4,99,False,0,car,0 days 00:00:14.051000,0 days 01:46:24.774000,750.7936111111109,26.0
2023-10-22 19:47:27.327,10510,193,5,99,False,0,car,0 days 00:00:14.371000,0 days 01:46:25.094000,767.9491666666664,26.0
2023-10-22 19:47:27.687,11337,204,5,99,False,0,car,0 days 00:00:14.731000,0 days 01:46:25.454000,788.3491666666664,26.0
2023-10-22 19:47:28.047,10327,212,5,99,False,0,car,0 days 00:00:15.091000,0 days 01:46:25.814000,809.5491666666663,26.0
2023-10-22 19:47:28.447,10633,225,6,99,False,0,car,0 days 00:00:15.491000,0 days 01:46:26.214000,834.5491666666663,26.0
2023-10-22 19:47:28.647,11014,229,6,100,False,0,car,0 days 00:00:15.691000,0 days 01:46:26.414000,847.2713888888886,26.0
2023-10-22 19:47:28.847,11116,233,6,100,False,0,car,0 days 00:00:15.891000,0 days 01:46:26.614000,860.215833333333,26.0
2023-10-22 19:47:29.327,11432,242,6,99,False,0,car,0 days 00:00:16.371000,0 days 01:46:27.094000,892.4824999999995,26.0
2023-10-22 19:47:29.487,11570,242,6,99,False,0,car,0 days 00:00:16.531000,0 days 01:46:27.254000,903.2380555555551,26.0
2023-10-22 19:47:29.727,11696,248,6,100,False,0,car,0 days 00:00:16.771000,0 days 01:46:27.494000,919.7713888888885,26.0
2023-10-22 19:47:30.086,10563,252,7,99,False,0,car,0 days 00:00:17.130000,0 days 01:46:27.853000,944.9013888888884,26.0
2023-10-22 19:47:30.286,10653,254,7,100,False,0,car,0 days 00:00:17.330000,0 days 01:46:28.053000,959.0124999999995,26.0
2023-10-22 19:47:31.286,11007,264,7,100,False,0,car,0 days 00:00:18.330000,0 days 01:46:29.053000,1032.3458333333328,26.0
2023-10-22 19:47:31.527,11075,268,7,100,False,0,car,0 days 00:00:18.571000,0 days 01:46:29.294000,1050.286944444444,26.0
2023-10-22 19:47:31.767,11156,269,7,100,False,0,car,0 days 00:00:18.811000,0 days 01:46:29.534000,1068.2202777777773,26.0
2023-10-22 19:47:32.007,11147,268,7,100,False,0,car,0 days 00:00:19.051000,0 days 01:46:29.774000,1086.0869444444438,26.0
2023-10-22 19:47:32.167,11129,269,7,100,False,0,car,0 days 00:00:19.211000,0 days 01:46:29.934000,1098.0424999999993,26.0
2023-10-22 19:47:32.327,11089,268,7,99,False,0,car,0 days 00:00:19.371000,0 days 01:46:30.094000,1109.9536111111104,26.0
2023-10-22 19:47:32.687,11133,269,7,99,False,0,car,0 days 00:00:19.731000,0 days 01:46:30.454000,1136.8536111111107,26.0
2023-10-22 19:47:32.887,11472,268,7,100,False,0,car,0 days 00:00:19.931000,0 days 01:46:30.654000,1151.7424999999996,26.0
2023-10-22 19:47:33.047,11042,269,7,100,False,0,car,0 days 00:00:20.091000,0 days 01:46:30.814000,1163.6980555555551,26.0
2023-10-22 19:47:33.327,11149,268,7,99,False,0,car,0 days 00:00:20.371000,0 days 01:46:31.094000,1184.5424999999993,26.0
2023-10-22 19:47:33.527,10845,270,7,59,False,0,car,0 days 00:00:20.571000,0 days 01:46:31.294000,1199.5424999999996,26.0
2023-10-22 19:47:33.967,10803,261,7,31,False,0,car,0 days 00:00:21.011000,0 days 01:46:31.734000,1231.4424999999994,26.0
2023-10-22 19:47:34.127,10576,256,7,44,False,0,car,0 days 00:00:21.171000,0 days 01:46:31.894000,1242.8202777777772,26.0
2023-10-22 19:47:34.367,10495,256,7,51,False,0,car,0 days 00:00:21.411000,0 days 01:46:32.134000,1259.886944444444,26.0
2023-10-22 19:47:34.647,10455,251,7,87,False,0,car,0 days 00:00:21.691000,0 days 01:46:32.414000,1279.4091666666661,26.0
2023-10-22 19:47:35.007,9884,249,7,0,True,0,car,0 days 00:00:22.051000,0 days 01:46:32.774000,1304.309166666666,26.0
2023-10-22 19:47:35.167,9744,239,7,0,True,0,car,0 days 00:00:22.211000,0 days 01:46:32.934000,1314.9313888888883,26.0
2023-10-22 19:47:35.407,9541,232,7,29,False,0,car,0 days 00:00:22.451000,0 days 01:46:33.174000,1330.398055555555,26.0
2023-10-22 19:47:35.687,9403,225,7,59,False,0,car,0 days 00:00:22.731000,0 days 01:46:33.454000,1347.898055555555,26.0
2023-10-22 19:47:35.887,9443,225,7,74,False,0,car,0 days 00:00:22.931000,0 days 01:46:33.654000,1360.398055555555,26.0
2023-10-22 19:47:36.247,9692,229,7,86,False,0,car,0 days 00:00:23.291000,0 days 01:46:34.014000,1383.2980555555548,26.0
2023-10-22 19:47:36.687,9214,232,7,9,False,0,car,0 days 00:00:23.731000,0 days 01:46:34.454000,1411.6536111111104,26.0
2023-10-22 19:47:36.926,9244,224,7,8,False,0,car,0 days 00:00:23.970000,0 days 01:46:34.693000,1426.5247222222213,26.0
2023-10-22 19:47:37.126,10141,223,7,0,True,0,car,0 days 00:00:24.170000,0 days 01:46:34.893000,1438.9136111111104,26.0
2023-10-22 19:47:37.526,9889,208,6,0,False,0,car,0 days 00:00:24.570000,0 days 01:46:35.293000,1462.0247222222215,26.0
2023-10-22 19:47:37.726,9831,206,6,0,False,0,car,0 days 00:00:24.770000,0 days 01:46:35.493000,1473.4691666666658,26.0
2023-10-22 19:47:38.047,9521,204,6,0,False,0,car,0 days 00:00:25.091000,0 days 01:46:35.814000,1491.659166666666,26.0
2023-10-22 19:47:38.247,9521,200,6,20,False,0,car,0 days 00:00:25.291000,0 days 01:46:36.014000,1502.770277777777,26.0
2023-10-22 19:47:38.407,9572,200,6,63,False,0,car,0 days 00:00:25.451000,0 days 01:46:36.174000,1511.659166666666,26.0
2023-10-22 19:47:38.727,9506,201,6,64,False,0,car,0 days 00:00:25.771000,0 days 01:46:36.494000,1529.5258333333327,26.0
2023-10-22 19:47:38.887,9660,203,6,46,False,0,car,0 days 00:00:25.931000,0 days 01:46:36.654000,1538.5480555555548,26.0
2023-10-22 19:47:39.087,9727,203,6,60,False,0,car,0 days 00:00:26.131000,0 days 01:46:36.854000,1549.8258333333326,26.0
2023-10-22 19:47:39.327,9708,203,6,64,False,0,car,0 days 00:00:26.371000,0 days 01:46:37.094000,1563.359166666666,26.0
2023-10-22 19:47:39.727,9980,204,6,91,False,0,car,0 days 00:00:26.771000,0 days 01:46:37.494000,1586.0258333333327,26.0
2023-10-22 19:47:39.887,10009,210,6,100,False,0,car,0 days 00:00:26.931000,0 days 01:46:37.654000,1595.359166666666,26.0
2023-10-22 19:47:40.167,10241,213,6,100,False,0,car,0 days 00:00:27.211000,0 days 01:46:37.934000,1611.9258333333325,26.0
2023-10-22 19:47:40.487,9763,215,6,5,True,0,car,0 days 00:00:27.531000,0 days 01:46:38.254000,1631.0369444444436,26.0
2023-10-22 19:47:40.687,10712,207,6,1,True,0,car,0 days 00:00:27.731000,0 days 01:46:38.454000,1642.5369444444439,26.0
2023-10-22 19:47:41.007,10398,197,5,1,True,0,car,0 days 00:00:28.051000,0 days 01:46:38.774000,1660.0480555555548,26.0
2023-10-22 19:47:41.247,10010,189,5,3,True,0,car,0 days 00:00:28.291000,0 days 01:46:39.014000,1672.648055555555,26.0
2023-10-22 19:47:41.447,9737,185,5,13,False,0,car,0 days 00:00:28.491000,0 days 01:46:39.214000,1682.9258333333328,26.0
2023-10-22 19:47:41.647,9577,182,5,30,False,0,car,0 days 00:00:28.691000,0 days 01:46:39.414000,1693.0369444444439,26.0
2023-10-22 19:47:41.887,9745,178,5,51,False,0,car,0 days 00:00:28.931000,0 days 01:46:39.654000,1704.9036111111106,26.0
2023-10-22 19:47:42.247,10082,182,5,60,False,0,car,0 days 00:00:29.291000,0 days 01:46:40.014000,1723.1036111111107,26.0
2023-10-22 19:47:42.447,10101,184,5,62,False,0,car,0 days 00:00:29.491000,0 days 01:46:40.214000,1733.3258333333329,26.0
2023-10-22 19:47:42.807,10366,188,5,65,False,0,car,0 days 00:00:29.851000,0 days 01:46:40.574000,1752.1258333333328,26.0
2023-10-22 19:47:43.047,10287,191,5,52,False,0,car,0 days 00:00:30.091000,0 days 01:46:40.814000,1764.8591666666662,26.0
2023-10-22 19:47:43.487,10775,178,5,0,True,0,car,0 days 00:00:30.531000,0 days 01:46:41.254000,1786.6147222222216,26.0
2023-10-22 19:47:43.686,9999,168,4,0,True,0,car,0 days 00:00:30.730000,0 days 01:46:41.453000,1795.9013888888883,26.0
2023-10-22 19:47:43.886,9718,161,4,0,True,0,car,0 days 00:00:30.930000,0 days 01:46:41.653000,1804.8458333333326,26.0
2023-10-22 19:47:44.126,9375,154,4,0,True,0,car,0 days 00:00:31.170000,0 days 01:46:41.893000,1815.1124999999993,26.0
2023-10-22 19:47:44.326,9067,150,4,0,True,0,car,0 days 00:00:31.370000,0 days 01:46:42.093000,1823.4458333333325,26.0
2023-10-22 19:47:44.527,8780,150,4,0,True,0,car,0 days 00:00:31.571000,0 days 01:46:42.294000,1831.8208333333325,26.0
2023-10-22 19:47:44.687,8475,142,4,0,True,0,car,0 days 00:00:31.731000,0 days 01:46:42.454000,1838.1319444444437,26.0
2023-10-22 19:47:44.927,8189,135,4,0,True,0,car,0 days 00:00:31.971000,0 days 01:46:42.694000,1847.1319444444437,26.0
2023-10-22 19:47:45.287,7942,130,4,13,False,0,car,0 days 00:00:32.331000,0 days 01:46:43.054000,1860.1319444444437,26.0
2023-10-22 19:47:45.447,7892,126,4,24,False,0,car,0 days 00:00:32.491000,0 days 01:46:43.214000,1865.7319444444436,26.0
2023-10-22 19:47:45.727,7948,125,4,39,False,0,car,0 days 00:00:32.771000,0 days 01:46:43.494000,1875.4541666666657,26.0
2023-10-22 19:47:45.967,8231,127,4,44,False,0,car,0 days 00:00:33.011000,0 days 01:46:43.734000,1883.9208333333324,26.0
2023-10-22 19:47:46.167,8464,131,4,55,False,0,car,0 days 00:00:33.211000,0 days 01:46:43.934000,1891.19861111111,26.0
2023-10-22 19:47:46.327,8582,135,4,68,False,0,car,0 days 00:00:33.371000,0 days 01:46:44.094000,1897.1986111111103,26.0
2023-10-22 19:47:46.487,9193,138,4,78,False,0,car,0 days 00:00:33.531000,0 days 01:46:44.254000,1903.3319444444435,26.0
2023-10-22 19:47:46.647,9484,141,4,79,False,0,car,0 days 00:00:33.691000,0 days 01:46:44.414000,1909.5986111111104,26.0
2023-10-22 19:47:46.887,9908,152,4,53,False,0,car,0 days 00:00:33.931000,0 days 01:46:44.654000,1919.7319444444436,26.0
2023-10-22 19:47:47.047,9777,154,4,47,False,0,car,0 days 00:00:34.091000,0 days 01:46:44.814000,1926.5763888888882,26.0
2023-10-22 19:47:47.327,9834,155,4,48,False,0,car,0 days 00:00:34.371000,0 days 01:46:45.094000,1938.631944444444,26.0
2023-10-22 19:47:47.647,9938,156,4,55,False,0,car,0 days 00:00:34.691000,0 days 01:46:45.414000,1952.4986111111107,26.0
2023-10-22 19:47:47.807,10331,158,4,68,False,0,car,0 days 00:00:34.851000,0 days 01:46:45.574000,1959.5208333333328,26.0
2023-10-22 19:47:48.047,10837,166,4,93,False,0,car,0 days 00:00:35.091000,0 days 01:46:45.814000,1970.5874999999996,26.0
2023-10-22 19:47:48.207,11257,170,4,100,False,0,car,0 days 00:00:35.251000,0 days 01:46:45.974000,1978.143055555555,26.0
2023-10-22 19:47:48.447,11738,181,4,100,False,0,car,0 days 00:00:35.491000,0 days 01:46:46.214000,1990.209722222222,26.0
2023-10-22 19:47:48.607,11738,181,4,100,False,0,car,0 days 00:00:35.651000,0 days 01:46:46.374000,1998.2541666666666,26.0
2023-10-22 19:47:48.767,10758,189,4,99,False,0,car,0 days 00:00:35.811000,0 days 01:46:46.534000,2006.6541666666665,26.0
2023-10-22 19:47:48.967,10760,189,4,99,False,0,car,0 days 00:00:36.011000,0 days 01:46:46.734000,2017.1541666666667,26.0
2023-10-22 19:47:49.247,11479,206,5,100,False,0,car,0 days 00:00:36.291000,0 days 01:46:47.014000,2033.1763888888886,26.0
2023-10-22 19:47:49.527,11717,214,5,100,False,0,car,0 days 00:00:36.571000,0 days 01:46:47.294000,2049.820833333333,26.0
2023-10-22 19:47:49.767,10502,219,5,100,False,0,car,0 days 00:00:36.811000,0 days 01:46:47.534000,2064.420833333333,26.0
2023-10-22 19:47:50.007,10796,225,6,99,False,0,car,0 days 00:00:37.051000,0 days 01:46:47.774000,2079.420833333333,26.0
2023-10-22 19:47:50.207,11079,230,6,99,False,0,car,0 days 00:00:37.251000,0 days 01:46:47.974000,2092.1986111111105,26.0
2023-10-22 19:47:50.366,11193,234,6,99,False,0,car,0 days 00:00:37.410000,0 days 01:46:48.133000,2102.5336111111105,26.0
2023-10-22 19:47:50.566,11422,238,6,99,False,0,car,0 days 00:00:37.610000,0 days 01:46:48.333000,2115.755833333333,26.0
2023-10-22 19:47:50.846,10803,240,6,100,False,0,car,0 days 00:00:37.890000,0 days 01:46:48.613000,2134.4224999999997,26.0
2023-10-22 19:47:51.167,10555,249,7,99,False,0,car,0 days 00:00:38.211000,0 days 01:46:48.934000,2156.6249999999995,26.0
2023-10-22 19:47:51.407,10518,252,7,100,False,0,car,0 days 00:00:38.451000,0 days 01:46:49.174000,2173.4249999999997,26.0
2023-10-22 19:47:51.567,10649,255,7,99,False,0,car,0 days 00:00:38.611000,0 days 01:46:49.334000,2184.7583333333328,26.0
2023-10-22 19:47:51.847,10807,259,7,100,False,0,car,0 days 00:00:38.891000,0 days 01:46:49.614000,2204.9027777777774,26.0
2023-10-22 19:47:52.087,10862,260,7,99,False,0,car,0 days 00:00:39.131000,0 days 01:46:49.854000,2222.236111111111,26.0
2023-10-22 19:47:52.247,10981,264,7,100,False,0,car,0 days 00:00:39.291000,0 days 01:46:50.014000,2233.969444444444,26.0
2023-10-22 19:47:52.407,11093,266,7,100,False,0,car,0 days 00:00:39.451000,0 days 01:46:50.174000,2245.7916666666665,26.0
2023-10-22 19:47:52.607,11214,269,7,99,False,0,car,0 days 00:00:39.651000,0 days 01:46:50.374000,2260.7361111111113,26.0
2023-10-22 19:47:52.847,11261,273,7,99,False,0,car,0 days 00:00:39.891000,0 days 01:46:50.614000,2278.936111111111,26.0
2023-10-22 19:47:53.087,11429,275,7,99,False,0,car,0 days 00:00:40.131000,0 days 01:46:50.854000,2297.2694444444446,26.0
2023-10-22 19:47:53.247,11428,277,7,100,False,0,car,0 days 00:00:40.291000,0 days 01:46:51.014000,2309.5805555555553,26.0
2023-10-22 19:47:53.487,10271,279,8,100,False,0,car,0 days 00:00:40.531000,0 days 01:46:51.254000,2328.1805555555557,26.0
2023-10-22 19:47:53.767,10335,281,8,100,False,0,car,0 days 00:00:40.811000,0 days 01:46:51.534000,2350.0361111111115,26.0
2023-10-22 19:47:53.967,9844,282,8,27,False,0,car,0 days 00:00:41.011000,0 days 01:46:51.734000,2365.7027777777785,26.0
2023-10-22 19:47:54.207,9814,277,8,0,False,0,car,0 days 00:00:41.251000,0 days 01:46:51.974000,2384.1694444444447,26.0
2023-10-22 19:47:54.487,9287,266,8,0,True,0,car,0 days 00:00:41.531000,0 days 01:46:52.254000,2404.8583333333336,26.0
2023-10-22 19:47:54.847,9100,223,8,0,True,0,car,0 days 00:00:41.891000,0 days 01:46:52.614000,2427.1583333333338,26.0
2023-10-22 19:47:55.007,9380,212,8,0,True,0,car,0 days 00:00:42.051000,0 days 01:46:52.774000,2436.580555555556,26.0
2023-10-22 19:47:55.167,9775,188,7,0,True,0,car,0 days 00:00:42.211000,0 days 01:46:52.934000,2444.9361111111116,26.0
2023-10-22 19:47:55.367,9152,174,6,0,True,0,car,0 days 00:00:42.411000,0 days 01:46:53.134000,2454.6027777777786,26.0
2023-10-22 19:47:55.647,8890,152,5,0,True,0,car,0 days 00:00:42.691000,0 days 01:46:53.414000,2466.4250000000006,26.0
2023-10-22 19:47:56.047,8961,127,4,0,True,0,car,0 days 00:00:43.091000,0 days 01:46:53.814000,2480.5361111111115,26.0
2023-10-22 19:47:56.247,8186,116,3,0,True,0,car,0 days 00:00:43.291000,0 days 01:46:54.014000,2486.980555555556,26.0
2023-10-22 19:47:56.487,7066,106,3,0,True,0,car,0 days 00:00:43.531000,0 days 01:46:54.254000,2494.0472222222224,26.0
2023-10-22 19:47:56.847,6212,91,3,0,True,0,car,0 days 00:00:43.891000,0 days 01:46:54.614000,2503.1472222222224,26.0
2023-10-22 19:47:57.166,5610,83,3,0,True,0,car,0 days 00:00:44.210000,0 days 01:46:54.933000,2510.5019444444447,26.0
2023-10-22 19:47:57.526,5268,75,3,0,False,0,car,0 days 00:00:44.570000,0 days 01:46:55.293000,2518.0019444444447,26.0
2023-10-22 19:47:57.767,5030,73,3,0,False,0,car,0 days 00:00:44.811000,0 days 01:46:55.534000,2522.888888888889,26.0
2023-10-22 19:47:57.967,4879,71,3,0,False,0,car,0 days 00:00:45.011000,0 days 01:46:55.734000,2526.8333333333335,26.0
2023-10-22 19:47:58.287,5028,69,3,5,False,0,car,0 days 00:00:45.331000,0 days 01:46:56.054000,2532.9666666666667,26.0
2023-10-22 19:47:58.567,5130,66,3,9,False,0,car,0 days 00:00:45.611000,0 days 01:46:56.334000,2538.1,26.0
2023-10-22 19:47:58.887,5499,71,3,25,False,0,car,0 days 00:00:45.931000,0 days 01:46:56.654000,2544.411111111111,26.0
2023-10-22 19:47:59.207,5966,74,3,35,False,0,car,0 days 00:00:46.251000,0 days 01:46:56.974000,2550.988888888889,26.0
2023-10-22 19:47:59.487,6470,81,3,39,False,0,car,0 days 00:00:46.531000,0 days 01:46:57.254000,2557.2888888888892,26.0
2023-10-22 19:47:59.687,6750,86,3,42,False,0,car,0 days 00:00:46.731000,0 days 01:46:57.454000,2562.066666666667,26.0
2023-10-22 19:47:59.927,7466,93,3,46,False,0,car,0 days 00:00:46.971000,0 days 01:46:57.694000,2568.266666666667,26.0
2023-10-22 19:48:00.127,7909,100,3,53,False,0,car,0 days 00:00:47.171000,0 days 01:46:57.894000,2573.8222222222225,26.0
2023-10-22 19:48:00.327,8207,106,3,56,False,0,car,0 days 00:00:47.371000,0 days 01:46:58.094000,2579.7111111111117,26.0
2023-10-22 19:48:00.607,9298,114,3,71,False,0,car,0 days 00:00:47.651000,0 days 01:46:58.374000,2588.5777777777785,26.0
2023-10-22 19:48:00.927,10220,132,3,79,False,0,car,0 days 00:00:47.971000,0 days 01:46:58.694000,2600.3111111111116,26.0
2023-10-22 19:48:01.447,10711,156,3,100,False,0,car,0 days 00:00:48.491000,0 days 01:46:59.214000,2622.844444444445,26.0
2023-10-22 19:48:01.647,10706,166,4,100,False,0,car,0 days 00:00:48.691000,0 days 01:46:59.414000,2632.066666666667,26.0
2023-10-22 19:48:01.847,11159,170,4,100,False,0,car,0 days 00:00:48.891000,0 days 01:46:59.614000,2641.5111111111114,26.0
2023-10-22 19:48:02.007,11556,178,4,100,False,0,car,0 days 00:00:49.051000,0 days 01:46:59.774000,2649.422222222223,26.0
2023-10-22 19:48:02.247,10449,190,4,100,False,0,car,0 days 00:00:49.291000,0 days 01:47:00.014000,2662.0888888888894,26.0
2023-10-22 19:48:02.647,11098,204,5,100,False,0,car,0 days 00:00:49.691000,0 days 01:47:00.414000,2684.7555555555564,26.0
2023-10-22 19:48:03.007,11730,213,5,100,False,0,car,0 days 00:00:50.051000,0 days 01:47:00.774000,2706.0555555555566,26.0
2023-10-22 19:48:03.167,10890,213,5,100,False,0,car,0 days 00:00:50.211000,0 days 01:47:00.934000,2715.522222222223,26.0
2023-10-22 19:48:03.327,10658,224,5,100,False,0,car,0 days 00:00:50.371000,0 days 01:47:01.094000,2725.4777777777786,26.0
2023-10-22 19:48:03.607,10937,229,6,100,False,0,car,0 days 00:00:50.651000,0 days 01:47:01.374000,2743.2888888888897,26.0
2023-10-22 19:48:03.846,11243,236,6,100,False,0,car,0 days 00:00:50.890000,0 days 01:47:01.613000,2758.9566666666674,26.0
2023-10-22 19:48:04.006,11243,238,6,100,False,0,car,0 days 00:00:51.050000,0 days 01:47:01.773000,2769.534444444445,26.0
2023-10-22 19:48:04.207,11525,242,6,100,False,0,car,0 days 00:00:51.251000,0 days 01:47:01.974000,2783.0461111111117,26.0
2023-10-22 19:48:04.367,11422,245,6,100,False,0,car,0 days 00:00:51.411000,0 days 01:47:02.134000,2793.935000000001,26.0
2023-10-22 19:48:04.607,10396,249,6,100,False,0,car,0 days 00:00:51.651000,0 days 01:47:02.374000,2810.535000000001,26.0
2023-10-22 19:48:04.887,10611,253,7,100,False,0,car,0 days 00:00:51.931000,0 days 01:47:02.654000,2830.2127777777787,26.0
2023-10-22 19:48:05.047,10634,256,7,100,False,0,car,0 days 00:00:52.091000,0 days 01:47:02.814000,2841.590555555557,26.0
2023-10-22 19:48:05.327,10709,261,7,100,False,0,car,0 days 00:00:52.371000,0 days 01:47:03.094000,2861.890555555557,26.0
2023-10-22 19:48:05.487,10890,261,7,100,False,0,car,0 days 00:00:52.531000,0 days 01:47:03.254000,2873.490555555557,26.0
2023-10-22 19:48:05.807,11280,264,7,100,False,0,car,0 days 00:00:52.851000,0 days 01:47:03.574000,2896.9572222222237,26.0
2023-10-22 19:48:06.047,11144,268,7,100,False,0,car,0 days 00:00:53.091000,0 days 01:47:03.814000,2914.8238888888905,26.0
2023-10-22 19:48:06.367,11316,272,7,100,False,0,car,0 days 00:00:53.411000,0 days 01:47:04.134000,2939.0016666666684,26.0
2023-10-22 19:48:06.727,11366,275,7,100,False,0,car,0 days 00:00:53.771000,0 days 01:47:04.494000,2966.5016666666684,26.0
2023-10-22 19:48:07.047,11499,278,7,100,False,0,car,0 days 00:00:54.091000,0 days 01:47:04.814000,2991.2127777777796,26.0
2023-10-22 19:48:07.207,11546,278,7,100,False,0,car,0 days 00:00:54.251000,0 days 01:47:04.974000,3003.568333333335,26.0
2023-10-22 19:48:07.527,10297,280,7,100,False,0,car,0 days 00:00:54.571000,0 days 01:47:05.294000,3028.4572222222237,26.0
2023-10-22 19:48:07.767,10373,281,8,100,False,0,car,0 days 00:00:54.811000,0 days 01:47:05.534000,3047.1905555555572,26.0
2023-10-22 19:48:07.927,10403,282,8,100,False,0,car,0 days 00:00:54.971000,0 days 01:47:05.694000,3059.72388888889,26.0
2023-10-22 19:48:08.167,10465,283,8,100,False,0,car,0 days 00:00:55.211000,0 days 01:47:05.934000,3078.590555555557,26.0
2023-10-22 19:48:08.567,10579,286,8,100,False,0,car,0 days 00:00:55.611000,0 days 01:47:06.334000,3110.3683333333347,26.0
2023-10-22 19:48:08.727,10619,288,8,100,False,0,car,0 days 00:00:55.771000,0 days 01:47:06.494000,3123.168333333335,26.0
2023-10-22 19:48:09.047,10665,290,8,100,False,0,car,0 days 00:00:56.091000,0 days 01:47:06.814000,3148.9461111111127,26.0
2023-10-22 19:48:09.487,10755,292,8,100,False,0,car,0 days 00:00:56.531000,0 days 01:47:07.254000,3184.6350000000016,26.0
2023-10-22 19:48:09.647,10755,293,8,100,False,0,car,0 days 00:00:56.691000,0 days 01:47:07.414000,3197.657222222224,26.0
2023-10-22 19:48:09.927,10849,294,8,100,False,0,car,0 days 00:00:56.971000,0 days 01:47:07.694000,3220.5238888888903,26.0
2023-10-22 19:48:10.207,10887,293,8,100,False,0,car,0 days 00:00:57.251000,0 days 01:47:07.974000,3243.312777777779,26.0
2023-10-22 19:48:10.446,10853,295,8,100,False,0,car,0 days 00:00:57.490000,0 days 01:47:08.213000,3262.8975000000014,26.0
2023-10-22 19:48:10.927,10853,296,8,100,False,0,car,0 days 00:00:57.971000,0 days 01:47:08.694000,3302.44638888889,26.0
2023-10-22 19:48:11.247,10907,297,8,100,False,0,car,0 days 00:00:58.291000,0 days 01:47:09.014000,3328.84638888889,26.0
2023-10-22 19:48:11.527,10939,296,8,100,False,0,car,0 days 00:00:58.571000,0 days 01:47:09.294000,3351.8686111111124,26.0
2023-10-22 19:48:11.727,10948,297,8,100,False,0,car,0 days 00:00:58.771000,0 days 01:47:09.494000,3368.368611111113,26.0
2023-10-22 19:48:12.047,10940,297,8,100,False,0,car,0 days 00:00:59.091000,0 days 01:47:09.814000,3394.768611111113,26.0
2023-10-22 19:48:12.287,10941,297,8,100,False,0,car,0 days 00:00:59.331000,0 days 01:47:10.054000,3414.568611111113,26.0
2023-10-22 19:48:12.527,11334,297,8,100,False,0,car,0 days 00:00:59.571000,0 days 01:47:10.294000,3434.368611111113,26.0
2023-10-22 19:48:12.687,10935,297,8,100,False,0,car,0 days 00:00:59.731000,0 days 01:47:10.454000,3447.568611111113,26.0
2023-10-22 19:48:12.847,10960,297,8,100,False,0,car,0 days 00:00:59.891000,0 days 01:47:10.614000,3460.768611111113,26.0
2023-10-22 19:48:13.167,11015,298,8,100,False,0,car,0 days 00:01:00.211000,0 days 01:47:10.934000,3487.257500000002,26.0
2023-10-22 19:48:13.367,11033,299,8,100,False,0,car,0 days 00:01:00.411000,0 days 01:47:11.134000,3503.8686111111133,26.0
2023-10-22 19:48:13.527,10990,299,8,100,False,0,car,0 days 00:01:00.571000,0 days 01:47:11.294000,3517.157500000002,26.0
2023-10-22 19:48:13.767,11024,299,8,100,False,0,car,0 days 00:01:00.811000,0 days 01:47:11.534000,3537.0908333333355,26.0
2023-10-22 19:48:14.047,10642,297,8,0,False,0,car,0 days 00:01:01.091000,0 days 01:47:11.814000,3560.1908333333354,26.0
2023-10-22 19:48:14.367,10525,291,8,0,False,0,car,0 days 00:01:01.411000,0 days 01:47:12.134000,3586.057500000002,26.0
2023-10-22 19:48:14.647,9986,278,8,0,True,0,car,0 days 00:01:01.691000,0 days 01:47:12.414000,3607.6797222222244,26.0
2023-10-22 19:48:14.927,9726,244,8,0,True,0,car,0 days 00:01:01.971000,0 days 01:47:12.694000,3626.6575000000016,26.0
2023-10-22 19:48:15.127,9499,220,8,0,True,0,car,0 days 00:01:02.171000,0 days 01:47:12.894000,3638.879722222224,26.0
2023-10-22 19:48:15.327,9107,198,8,0,True,0,car,0 days 00:01:02.371000,0 days 01:47:13.094000,3649.879722222224,26.0
2023-10-22 19:48:15.687,9106,167,6,0,True,0,car,0 days 00:01:02.731000,0 days 01:47:13.454000,3666.5797222222236,26.0
2023-10-22 19:48:15.967,9325,141,6,0,True,0,car,0 days 00:01:03.011000,0 days 01:47:13.734000,3677.5463888888903,26.0
2023-10-22 19:48:16.207,8589,128,4,0,True,0,car,0 days 00:01:03.251000,0 days 01:47:13.974000,3686.0797222222236,26.0
2023-10-22 19:48:16.367,8076,117,3,0,True,0,car,0 days 00:01:03.411000,0 days 01:47:14.134000,3691.279722222224,26.0
2023-10-22 19:48:16.647,7374,110,3,0,True,0,car,0 days 00:01:03.691000,0 days 01:47:14.414000,3699.8352777777795,26.0
2023-10-22 19:48:16.807,7123,104,3,0,True,0,car,0 days 00:01:03.851000,0 days 01:47:14.574000,3704.457500000002,26.0
2023-10-22 19:48:17.007,6845,98,3,0,True,0,car,0 days 00:01:04.051000,0 days 01:47:14.774000,3709.901944444446,26.0
2023-10-22 19:48:17.246,6370,95,3,0,True,0,car,0 days 00:01:04.290000,0 days 01:47:15.013000,3716.2088888888907,26.0
2023-10-22 19:48:17.487,6191,88,3,0,False,0,car,0 days 00:01:04.531000,0 days 01:47:15.254000,3722.1000000000017,26.0
2023-10-22 19:48:17.727,5952,87,3,0,False,0,car,0 days 00:01:04.771000,0 days 01:47:15.494000,3727.9000000000015,26.0
2023-10-22 19:48:18.007,6251,83,3,21,False,0,car,0 days 00:01:05.051000,0 days 01:47:15.774000,3734.355555555557,26.0
2023-10-22 19:48:18.407,6807,87,3,43,False,0,car,0 days 00:01:05.451000,0 days 01:47:16.174000,3744.0222222222237,26.0
2023-10-22 19:48:18.607,7247,90,3,48,False,0,car,0 days 00:01:05.651000,0 days 01:47:16.374000,3749.0222222222237,26.0
2023-10-22 19:48:19.007,8299,105,3,61,False,0,car,0 days 00:01:06.051000,0 days 01:47:16.774000,3760.6888888888907,26.0
2023-10-22 19:48:19.407,9699,120,3,80,False,0,car,0 days 00:01:06.451000,0 days 01:47:17.174000,3774.0222222222237,26.0
2023-10-22 19:48:19.567,9893,130,3,83,False,0,car,0 days 00:01:06.611000,0 days 01:47:17.334000,3779.800000000002,26.0
2023-10-22 19:48:19.767,10733,141,3,94,False,0,car,0 days 00:01:06.811000,0 days 01:47:17.534000,3787.6333333333355,26.0
2023-10-22 19:48:20.207,10520,159,3,100,False,0,car,0 days 00:01:07.251000,0 days 01:47:17.974000,3807.066666666669,26.0
2023-10-22 19:48:20.527,11201,173,4,100,False,0,car,0 days 00:01:07.571000,0 days 01:47:18.294000,3822.444444444446,26.0
2023-10-22 19:48:20.887,11165,185,4,100,False,0,car,0 days 00:01:07.931000,0 days 01:47:18.654000,3840.944444444446,26.0
2023-10-22 19:48:21.287,10255,195,5,0,True,0,car,0 days 00:01:08.331000,0 days 01:47:19.054000,3862.611111111113,26.0
2023-10-22 19:48:21.607,10414,179,5,0,True,0,car,0 days 00:01:08.651000,0 days 01:47:19.374000,3878.5222222222237,26.0
2023-10-22 19:48:21.887,11053,166,4,0,True,0,car,0 days 00:01:08.931000,0 days 01:47:19.654000,3891.4333333333348,26.0
2023-10-22 19:48:22.047,10420,148,4,0,True,0,car,0 days 00:01:09.091000,0 days 01:47:19.814000,3898.0111111111123,26.0
2023-10-22 19:48:22.207,9489,148,3,0,True,0,car,0 days 00:01:09.251000,0 days 01:47:19.974000,3904.5888888888903,26.0
2023-10-22 19:48:22.447,8980,127,3,0,True,0,car,0 days 00:01:09.491000,0 days 01:47:20.214000,3913.055555555557,26.0
2023-10-22 19:48:22.647,8653,122,3,0,True,0,car,0 days 00:01:09.691000,0 days 01:47:20.414000,3919.833333333335,26.0
2023-10-22 19:48:23.127,7878,111,3,0,False,0,car,0 days 00:01:10.171000,0 days 01:47:20.894000,3934.633333333335,26.0
2023-10-22 19:48:23.447,7531,107,3,0,False,0,car,0 days 00:01:10.491000,0 days 01:47:21.214000,3944.144444444446,26.0
2023-10-22 19:48:23.607,7486,106,3,0,False,0,car,0 days 00:01:10.651000,0 days 01:47:21.374000,3948.855555555557,26.0
2023-10-22 19:48:23.847,7180,103,3,0,False,0,car,0 days 00:01:10.891000,0 days 01:47:21.614000,3955.722222222224,26.0
2023-10-22 19:48:24.127,6828,99,3,5,False,0,car,0 days 00:01:11.171000,0 days 01:47:21.894000,3963.422222222224,26.0
2023-10-22 19:48:24.487,7341,97,3,32,False,0,car,0 days 00:01:11.531000,0 days 01:47:22.254000,3973.1222222222236,26.0
2023-10-22 19:48:24.767,7660,100,3,38,False,0,car,0 days 00:01:11.811000,0 days 01:47:22.534000,3980.9000000000015,26.0
2023-10-22 19:48:24.927,7833,103,3,42,False,0,car,0 days 00:01:11.971000,0 days 01:47:22.694000,3985.477777777779,26.0
2023-10-22 19:48:25.207,8320,105,3,48,False,0,car,0 days 00:01:12.251000,0 days 01:47:22.974000,3993.6444444444455,26.0
2023-10-22 19:48:25.527,8981,117,3,54,False,0,car,0 days 00:01:12.571000,0 days 01:47:23.294000,4004.044444444445,26.0
2023-10-22 19:48:25.727,9369,122,3,59,False,0,car,0 days 00:01:12.771000,0 days 01:47:23.494000,4010.822222222223,26.0
2023-10-22 19:48:26.047,10225,133,3,72,False,0,car,0 days 00:01:13.091000,0 days 01:47:23.814000,4022.644444444445,26.0
2023-10-22 19:48:26.407,11316,143,3,100,False,0,car,0 days 00:01:13.451000,0 days 01:47:24.174000,4036.9444444444453,26.0
2023-10-22 19:48:26.607,11080,151,3,100,False,0,car,0 days 00:01:13.651000,0 days 01:47:24.374000,4045.3333333333344,26.0
2023-10-22 19:48:27.007,10756,165,4,100,False,0,car,0 days 00:01:14.051000,0 days 01:47:24.774000,4063.666666666668,26.0
2023-10-22 19:48:27.487,10429,180,4,99,False,0,car,0 days 00:01:14.531000,0 days 01:47:25.254000,4087.666666666668,26.0
2023-10-22 19:48:27.807,10408,188,5,99,False,0,car,0 days 00:01:14.851000,0 days 01:47:25.574000,4104.377777777779,26.0
2023-10-22 19:48:27.967,9568,193,5,0,False,0,car,0 days 00:01:15.011000,0 days 01:47:25.734000,4112.955555555556,26.0
2023-10-22 19:48:28.207,9499,184,5,0,True,0,car,0 days 00:01:15.251000,0 days 01:47:25.974000,4125.2222222222235,26.0
2023-10-22 19:48:28.447,10015,167,5,0,True,0,car,0 days 00:01:15.491000,0 days 01:47:26.214000,4136.355555555557,26.0
2023-10-22 19:48:28.727,9171,153,4,0,True,0,car,0 days 00:01:15.771000,0 days 01:47:26.494000,4148.255555555556,26.0
2023-10-22 19:48:29.127,9537,136,3,0,True,0,car,0 days 00:01:16.171000,0 days 01:47:26.894000,4163.366666666668,26.0
2023-10-22 19:48:29.327,9081,133,3,0,True,0,car,0 days 00:01:16.371000,0 days 01:47:27.094000,4170.755555555556,26.0
2023-10-22 19:48:29.487,8757,125,3,0,True,0,car,0 days 00:01:16.531000,0 days 01:47:27.254000,4176.311111111112,26.0
2023-10-22 19:48:29.927,7561,110,3,0,True,0,car,0 days 00:01:16.971000,0 days 01:47:27.694000,4189.755555555556,26.0
2023-10-22 19:48:30.087,7150,107,3,0,True,0,car,0 days 00:01:17.131000,0 days 01:47:27.854000,4194.511111111112,26.0
2023-10-22 19:48:30.287,6918,102,3,0,True,0,car,0 days 00:01:17.331000,0 days 01:47:28.054000,4200.177777777779,26.0
2023-10-22 19:48:30.487,6532,96,3,0,True,0,car,0 days 00:01:17.531000,0 days 01:47:28.254000,4205.511111111112,26.0
2023-10-22 19:48:30.687,6229,92,3,0,True,0,car,0 days 00:01:17.731000,0 days 01:47:28.454000,4210.622222222222,26.0
2023-10-22 19:48:30.847,6203,90,3,0,True,0,car,0 days 00:01:17.891000,0 days 01:47:28.614000,4214.622222222222,26.0
2023-10-22 19:48:31.047,5827,85,3,0,False,0,car,0 days 00:01:18.091000,0 days 01:47:28.814000,4219.344444444444,26.0
2023-10-22 19:48:31.247,5762,82,3,0,False,0,car,0 days 00:01:18.291000,0 days 01:47:29.014000,4223.9,26.0
2023-10-22 19:48:31.487,5547,78,3,3,False,0,car,0 days 00:01:18.531000,0 days 01:47:29.254000,4229.099999999999,26.0
2023-10-22 19:48:31.687,5547,77,3,3,False,0,car,0 days 00:01:18.731000,0 days 01:47:29.454000,4233.377777777777,26.0
2023-10-22 19:48:31.847,5828,77,3,18,False,0,car,0 days 00:01:18.891000,0 days 01:47:29.614000,4236.799999999999,26.0
2023-10-22 19:48:32.007,6058,79,3,30,False,0,car,0 days 00:01:19.051000,0 days 01:47:29.774000,4240.31111111111,26.0
2023-10-22 19:48:32.247,6263,83,3,37,False,0,car,0 days 00:01:19.291000,0 days 01:47:30.014000,4245.844444444443,26.0
2023-10-22 19:48:32.567,6973,90,3,46,False,0,car,0 days 00:01:19.611000,0 days 01:47:30.334000,4253.844444444443,26.0
2023-10-22 19:48:32.967,7856,101,3,53,False,0,car,0 days 00:01:20.011000,0 days 01:47:30.734000,4265.066666666665,26.0
2023-10-22 19:48:33.247,8428,112,3,64,False,0,car,0 days 00:01:20.291000,0 days 01:47:31.014000,4273.777777777776,26.0
2023-10-22 19:48:33.647,9768,129,3,80,False,0,car,0 days 00:01:20.691000,0 days 01:47:31.414000,4288.1111111111095,26.0
2023-10-22 19:48:33.927,11011,145,3,100,False,0,car,0 days 00:01:20.971000,0 days 01:47:31.694000,4299.388888888887,26.0
2023-10-22 19:48:34.247,11254,158,3,100,False,0,car,0 days 00:01:21.291000,0 days 01:47:32.014000,4313.433333333331,26.0
2023-10-22 19:48:34.647,10606,175,4,100,False,0,car,0 days 00:01:21.691000,0 days 01:47:32.414000,4332.877777777775,26.0
2023-10-22 19:48:34.807,11513,179,4,99,False,0,car,0 days 00:01:21.851000,0 days 01:47:32.574000,4340.83333333333,26.0
2023-10-22 19:48:35.087,10461,190,4,100,False,0,car,0 days 00:01:22.131000,0 days 01:47:32.854000,4355.611111111109,26.0
2023-10-22 19:48:35.487,11124,203,5,100,False,0,car,0 days 00:01:22.531000,0 days 01:47:33.254000,4378.166666666664,26.0
2023-10-22 19:48:35.647,11366,208,5,100,False,0,car,0 days 00:01:22.691000,0 days 01:47:33.414000,4387.411111111109,26.0
2023-10-22 19:48:36.047,10738,214,5,99,False,0,car,0 days 00:01:23.091000,0 days 01:47:33.814000,4411.188888888886,26.0
2023-10-22 19:48:36.447,10592,220,6,100,False,0,car,0 days 00:01:23.491000,0 days 01:47:34.214000,4435.6333333333305,26.0
2023-10-22 19:48:36.607,10639,223,6,100,False,0,car,0 days 00:01:23.651000,0 days 01:47:34.374000,4445.544444444441,26.0
2023-10-22 19:48:36.847,10736,226,6,100,False,0,car,0 days 00:01:23.891000,0 days 01:47:34.614000,4460.611111111109,26.0
2023-10-22 19:48:37.047,10836,227,6,87,False,0,car,0 days 00:01:24.091000,0 days 01:47:34.814000,4473.222222222219,26.0
2023-10-22 19:48:37.328,10819,229,6,76,False,0,car,0 days 00:01:24.372000,0 days 01:47:35.095000,4491.096944444442,26.0
2023-10-22 19:48:37.567,10936,229,6,72,False,0,car,0 days 00:01:24.611000,0 days 01:47:35.334000,4506.299999999997,26.0
2023-10-22 19:48:37.767,10957,230,6,74,False,0,car,0 days 00:01:24.811000,0 days 01:47:35.534000,4519.077777777776,26.0
2023-10-22 19:48:37.967,11093,231,6,70,False,0,car,0 days 00:01:25.011000,0 days 01:47:35.734000,4531.911111111109,26.0
2023-10-22 19:48:38.167,10867,231,6,63,False,0,car,0 days 00:01:25.211000,0 days 01:47:35.934000,4544.744444444443,26.0
2023-10-22 19:48:38.407,11031,231,6,78,False,0,car,0 days 00:01:25.451000,0 days 01:47:36.174000,4560.144444444442,26.0
2023-10-22 19:48:38.607,11022,232,6,78,False,0,car,0 days 00:01:25.651000,0 days 01:47:36.374000,4573.033333333331,26.0
2023-10-22 19:48:38.767,11162,234,6,78,False,0,car,0 days 00:01:25.811000,0 days 01:47:36.534000,4583.433333333332,26.0
2023-10-22 19:48:39.047,11345,238,6,100,False,0,car,0 days 00:01:26.091000,0 days 01:47:36.814000,4601.944444444442,26.0
2023-10-22 19:48:39.447,11460,241,6,100,False,0,car,0 days 00:01:26.491000,0 days 01:47:37.214000,4628.72222222222,26.0
2023-10-22 19:48:39.647,11512,243,6,100,False,0,car,0 days 00:01:26.691000,0 days 01:47:37.414000,4642.22222222222,26.0
2023-10-22 19:48:39.967,10696,245,6,100,False,0,car,0 days 00:01:27.011000,0 days 01:47:37.734000,4663.999999999997,26.0
2023-10-22 19:48:40.247,10246,247,7,100,False,0,car,0 days 00:01:27.291000,0 days 01:47:38.014000,4683.211111111108,26.0
2023-10-22 19:48:40.447,10311,247,7,99,False,0,car,0 days 00:01:27.491000,0 days 01:47:38.214000,4696.933333333331,26.0
2023-10-22 19:48:40.767,10431,250,7,100,False,0,car,0 days 00:01:27.811000,0 days 01:47:38.534000,4719.155555555553,26.0
2023-10-22 19:48:41.127,10583,251,7,100,False,0,car,0 days 00:01:28.171000,0 days 01:47:38.894000,4744.255555555554,26.0
2023-10-22 19:48:41.327,10588,254,7,100,False,0,car,0 days 00:01:28.371000,0 days 01:47:39.094000,4758.366666666664,26.0
2023-10-22 19:48:41.727,10691,256,7,100,False,0,car,0 days 00:01:28.771000,0 days 01:47:39.494000,4786.811111111109,26.0
2023-10-22 19:48:42.087,10755,258,7,99,False,0,car,0 days 00:01:29.131000,0 days 01:47:39.854000,4812.6111111111095,26.0
2023-10-22 19:48:42.407,10807,260,7,100,False,0,car,0 days 00:01:29.451000,0 days 01:47:40.174000,4835.72222222222,26.0
2023-10-22 19:48:42.687,10892,263,7,100,False,0,car,0 days 00:01:29.731000,0 days 01:47:40.454000,4856.177777777775,26.0
2023-10-22 19:48:42.927,10975,264,7,100,False,0,car,0 days 00:01:29.971000,0 days 01:47:40.694000,4873.777777777776,26.0
2023-10-22 19:48:43.167,10293,257,7,4,True,0,car,0 days 00:01:30.211000,0 days 01:47:40.934000,4890.911111111109,26.0
2023-10-22 19:48:43.487,10151,238,7,0,True,0,car,0 days 00:01:30.531000,0 days 01:47:41.254000,4912.066666666665,26.0
2023-10-22 19:48:43.728,10038,217,6,0,True,0,car,0 days 00:01:30.772000,0 days 01:47:41.495000,4926.59361111111,26.0
2023-10-22 19:48:43.888,10058,212,6,0,True,0,car,0 days 00:01:30.932000,0 days 01:47:41.655000,4936.015833333332,26.0
2023-10-22 19:48:44.207,10481,200,5,4,False,0,car,0 days 00:01:31.251000,0 days 01:47:41.974000,4953.738055555555,26.0
2023-10-22 19:48:44.367,10354,197,5,10,False,0,car,0 days 00:01:31.411000,0 days 01:47:42.134000,4962.49361111111,26.0
2023-10-22 19:48:44.567,10161,193,5,31,False,0,car,0 days 00:01:31.611000,0 days 01:47:42.334000,4973.215833333333,26.0
2023-10-22 19:48:44.807,10273,189,5,42,False,0,car,0 days 00:01:31.851000,0 days 01:47:42.574000,4985.815833333332,26.0
2023-10-22 19:48:45.047,10315,188,5,51,False,0,car,0 days 00:01:32.091000,0 days 01:47:42.814000,4998.349166666665,26.0
2023-10-22 19:48:45.407,10721,192,5,72,False,0,car,0 days 00:01:32.451000,0 days 01:47:43.174000,5017.549166666665,26.0
2023-10-22 19:48:45.567,10916,196,5,77,False,0,car,0 days 00:01:32.611000,0 days 01:47:43.334000,5026.2602777777765,26.0
2023-10-22 19:48:45.727,11238,199,5,84,False,0,car,0 days 00:01:32.771000,0 days 01:47:43.494000,5035.1047222222205,26.0
2023-10-22 19:48:46.047,11393,206,5,100,False,0,car,0 days 00:01:33.091000,0 days 01:47:43.814000,5053.415833333332,26.0
2023-10-22 19:48:46.287,10002,211,5,100,False,0,car,0 days 00:01:33.331000,0 days 01:47:44.054000,5067.482499999999,26.0
2023-10-22 19:48:46.567,10305,215,6,100,False,0,car,0 days 00:01:33.611000,0 days 01:47:44.334000,5084.204722222222,26.0
2023-10-22 19:48:46.927,10467,218,6,100,False,0,car,0 days 00:01:33.971000,0 days 01:47:44.694000,5106.004722222222,26.0
2023-10-22 19:48:47.287,10855,227,6,100,False,0,car,0 days 00:01:34.331000,0 days 01:47:45.054000,5128.704722222222,26.0
2023-10-22 19:48:47.727,11083,234,6,100,False,0,car,0 days 00:01:34.771000,0 days 01:47:45.494000,5157.304722222221,26.0
2023-10-22 19:48:47.887,10847,235,6,0,False,0,car,0 days 00:01:34.931000,0 days 01:47:45.654000,5167.749166666666,26.0
2023-10-22 19:48:48.367,10342,196,6,0,True,0,car,0 days 00:01:35.411000,0 days 01:47:46.134000,5193.882499999999,26.0
2023-10-22 19:48:48.647,10516,177,5,0,True,0,car,0 days 00:01:35.691000,0 days 01:47:46.414000,5207.649166666665,26.0
2023-10-22 19:48:48.967,10460,147,4,0,True,0,car,0 days 00:01:36.011000,0 days 01:47:46.734000,5220.715833333332,26.0
2023-10-22 19:48:49.127,9597,134,3,0,True,0,car,0 days 00:01:36.171000,0 days 01:47:46.894000,5226.671388888888,26.0
2023-10-22 19:48:49.567,8101,117,3,0,True,0,car,0 days 00:01:36.611000,0 days 01:47:47.334000,5240.971388888888,26.0
2023-10-22 19:48:49.727,7712,110,3,0,True,0,car,0 days 00:01:36.771000,0 days 01:47:47.494000,5245.860277777777,26.0
2023-10-22 19:48:49.967,7374,106,3,0,True,0,car,0 days 00:01:37.011000,0 days 01:47:47.734000,5252.9269444444435,26.0
2023-10-22 19:48:50.408,6848,98,3,0,False,0,car,0 days 00:01:37.452000,0 days 01:47:48.175000,5264.931944444444,26.0
2023-10-22 19:48:50.648,6531,94,3,1,False,0,car,0 days 00:01:37.692000,0 days 01:47:48.415000,5271.19861111111,26.0
2023-10-22 19:48:51.007,6919,91,3,29,False,0,car,0 days 00:01:38.051000,0 days 01:47:48.774000,5280.273333333333,26.0
2023-10-22 19:48:51.167,7103,92,3,32,False,0,car,0 days 00:01:38.211000,0 days 01:47:48.934000,5284.362222222221,26.0
2023-10-22 19:48:51.327,7171,95,3,35,False,0,car,0 days 00:01:38.371000,0 days 01:47:49.094000,5288.584444444443,26.0
2023-10-22 19:48:51.567,7636,98,3,43,False,0,car,0 days 00:01:38.611000,0 days 01:47:49.334000,5295.117777777777,26.0
2023-10-22 19:48:51.727,7749,103,3,48,False,0,car,0 days 00:01:38.771000,0 days 01:47:49.494000,5299.695555555554,26.0
2023-10-22 19:48:52.047,8448,105,3,55,False,0,car,0 days 00:01:39.091000,0 days 01:47:49.814000,5309.028888888887,26.0
2023-10-22 19:48:52.287,9125,114,3,63,False,0,car,0 days 00:01:39.331000,0 days 01:47:50.054000,5316.628888888888,26.0
2023-10-22 19:48:52.607,10028,128,3,80,False,0,car,0 days 00:01:39.651000,0 days 01:47:50.374000,5328.006666666665,26.0
2023-10-22 19:48:52.887,11105,143,3,100,False,0,car,0 days 00:01:39.931000,0 days 01:47:50.654000,5339.128888888888,26.0
2023-10-22 19:48:53.327,10642,165,3,100,False,0,car,0 days 00:01:40.371000,0 days 01:47:51.094000,5359.2955555555545,26.0
2023-10-22 19:48:53.687,11372,177,4,100,False,0,car,0 days 00:01:40.731000,0 days 01:47:51.454000,5376.995555555554,26.0
2023-10-22 19:48:54.127,10683,195,5,100,False,0,car,0 days 00:01:41.171000,0 days 01:47:51.894000,5400.828888888888,26.0
2023-10-22 19:48:54.327,10966,201,5,99,False,0,car,0 days 00:01:41.371000,0 days 01:47:52.094000,5411.995555555554,26.0
2023-10-22 19:48:54.487,11356,203,5,100,False,0,car,0 days 00:01:41.531000,0 days 01:47:52.254000,5421.017777777777,26.0
2023-10-22 19:48:54.767,10469,211,5,100,False,0,car,0 days 00:01:41.811000,0 days 01:47:52.534000,5437.428888888889,26.0
2023-10-22 19:48:55.207,10612,222,6,100,False,0,car,0 days 00:00:00.434000,0 days 01:47:52.974000,26.763333333333332,27.0
2023-10-22 19:48:55.367,10816,227,6,100,False,0,car,0 days 00:00:00.594000,0 days 01:47:53.134000,36.85222222222222,27.0
2023-10-22 19:48:55.567,11065,231,6,100,False,0,car,0 days 00:00:00.794000,0 days 01:47:53.334000,49.68555555555555,27.0
2023-10-22 19:48:55.807,11175,234,6,100,False,0,car,0 days 00:00:01.034000,0 days 01:47:53.574000,65.28555555555555,27.0
2023-10-22 19:48:56.007,11347,238,6,100,False,0,car,0 days 00:00:01.234000,0 days 01:47:53.774000,78.50777777777776,27.0
2023-10-22 19:48:56.167,11469,242,6,100,False,0,car,0 days 00:00:01.394000,0 days 01:47:53.934000,89.2633333333333,27.0
2023-10-22 19:48:56.767,10421,251,7,100,False,0,car,0 days 00:00:01.994000,0 days 01:47:54.534000,131.09666666666664,27.0
2023-10-22 19:48:57.048,10644,256,7,100,False,0,car,0 days 00:00:02.275000,0 days 01:47:54.815000,151.07888888888886,27.0
2023-10-22 19:48:57.248,10734,259,7,100,False,0,car,0 days 00:00:02.475000,0 days 01:47:55.015000,165.46777777777777,27.0
2023-10-22 19:48:57.567,10940,262,7,100,False,0,car,0 days 00:00:02.794000,0 days 01:47:55.334000,188.68388888888887,27.0
2023-10-22 19:48:57.847,11001,265,7,100,False,0,car,0 days 00:00:03.074000,0 days 01:47:55.614000,209.29499999999996,27.0
2023-10-22 19:48:58.167,11138,268,7,100,False,0,car,0 days 00:00:03.394000,0 days 01:47:55.934000,233.1172222222222,27.0
2023-10-22 19:48:58.447,11243,271,7,100,False,0,car,0 days 00:00:03.674000,0 days 01:47:56.214000,254.19499999999996,27.0
2023-10-22 19:48:58.727,11381,273,7,100,False,0,car,0 days 00:00:03.954000,0 days 01:47:56.494000,275.42833333333334,27.0
2023-10-22 19:48:58.887,11421,274,7,100,False,0,car,0 days 00:00:04.114000,0 days 01:47:56.654000,287.6061111111111,27.0
2023-10-22 19:48:59.047,11448,276,7,100,False,0,car,0 days 00:00:04.274000,0 days 01:47:56.814000,299.87277777777774,27.0
2023-10-22 19:48:59.327,11512,278,7,100,False,0,car,0 days 00:00:04.554000,0 days 01:47:57.094000,321.495,27.0
2023-10-22 19:48:59.527,10966,279,7,99,False,0,car,0 days 00:00:04.754000,0 days 01:47:57.294000,336.99499999999995,27.0
2023-10-22 19:48:59.807,10376,280,8,100,False,0,car,0 days 00:00:05.034000,0 days 01:47:57.574000,358.7727777777777,27.0
2023-10-22 19:49:00.167,10361,281,8,100,False,0,car,0 days 00:00:05.394000,0 days 01:47:57.934000,386.87277777777774,27.0
2023-10-22 19:49:00.367,10335,280,8,100,False,0,car,0 days 00:00:05.594000,0 days 01:47:58.134000,402.4283333333333,27.0
2023-10-22 19:49:00.567,10314,281,8,100,False,0,car,0 days 00:00:05.794000,0 days 01:47:58.334000,418.0394444444443,27.0
2023-10-22 19:49:00.727,10355,280,8,100,False,0,car,0 days 00:00:05.954000,0 days 01:47:58.494000,430.48388888888877,27.0
2023-10-22 19:49:01.007,10296,280,8,100,False,0,car,0 days 00:00:06.234000,0 days 01:47:58.774000,452.26166666666654,27.0
2023-10-22 19:49:01.367,10219,278,8,100,False,0,car,0 days 00:00:06.594000,0 days 01:47:59.134000,480.06166666666655,27.0
2023-10-22 19:49:01.527,9805,277,8,0,False,0,car,0 days 00:00:06.754000,0 days 01:47:59.294000,492.3727777777776,27.0
2023-10-22 19:49:01.807,9805,273,8,0,False,0,car,0 days 00:00:07.034000,0 days 01:47:59.574000,513.606111111111,27.0
2023-10-22 19:49:02.047,9122,253,8,0,True,0,car,0 days 00:00:07.274000,0 days 01:47:59.814000,530.4727777777777,27.0
2023-10-22 19:49:02.207,9079,242,8,0,True,0,car,0 days 00:00:07.434000,0 days 01:47:59.974000,541.2283333333332,27.0
2023-10-22 19:49:02.487,8672,209,7,0,True,0,car,0 days 00:00:07.714000,0 days 01:48:00.254000,557.4838888888888,27.0
2023-10-22 19:49:02.647,8735,188,7,0,True,0,car,0 days 00:00:07.874000,0 days 01:48:00.414000,565.8394444444443,27.0
2023-10-22 19:49:02.847,8763,169,7,0,True,0,car,0 days 00:00:08.074000,0 days 01:48:00.614000,575.2283333333332,27.0
2023-10-22 19:49:03.047,8158,154,6,0,True,0,car,0 days 00:00:08.274000,0 days 01:48:00.814000,583.7838888888888,27.0
2023-10-22 19:49:03.327,8959,134,5,0,True,0,car,0 days 00:00:08.554000,0 days 01:48:01.094000,594.206111111111,27.0
2023-10-22 19:49:03.528,8675,123,4,0,True,0,car,0 days 00:00:08.755000,0 days 01:48:01.295000,601.0736111111111,27.0
2023-10-22 19:49:03.808,7641,113,3,0,True,0,car,0 days 00:00:09.035000,0 days 01:48:01.575000,609.8625,27.0
2023-10-22 19:49:04.008,7068,109,3,0,True,0,car,0 days 00:00:09.235000,0 days 01:48:01.775000,615.9180555555555,27.0
2023-10-22 19:49:04.168,6770,99,3,0,True,0,car,0 days 00:00:09.395000,0 days 01:48:01.935000,620.3180555555555,27.0
2023-10-22 19:49:04.527,6118,88,3,0,True,0,car,0 days 00:00:09.754000,0 days 01:48:02.294000,629.093611111111,27.0
2023-10-22 19:49:04.847,5691,83,3,0,True,0,car,0 days 00:00:10.074000,0 days 01:48:02.614000,636.4713888888888,27.0
2023-10-22 19:49:05.007,5582,82,3,0,False,0,car,0 days 00:00:10.234000,0 days 01:48:02.774000,640.1158333333333,27.0
2023-10-22 19:49:05.287,5429,78,3,1,False,0,car,0 days 00:00:10.514000,0 days 01:48:03.054000,646.1824999999999,27.0
2023-10-22 19:49:05.487,5779,74,3,14,False,0,car,0 days 00:00:10.714000,0 days 01:48:03.254000,650.293611111111,27.0
2023-10-22 19:49:05.887,5874,78,3,22,False,0,car,0 days 00:00:11.114000,0 days 01:48:03.654000,658.9602777777776,27.0
2023-10-22 19:49:06.287,6485,84,3,37,False,0,car,0 days 00:00:11.514000,0 days 01:48:04.054000,668.2936111111109,27.0
2023-10-22 19:49:06.527,6914,91,3,41,False,0,car,0 days 00:00:11.754000,0 days 01:48:04.294000,674.3602777777776,27.0
2023-10-22 19:49:06.727,7352,96,3,44,False,0,car,0 days 00:00:11.954000,0 days 01:48:04.494000,679.693611111111,27.0
2023-10-22 19:49:06.887,7784,99,3,48,False,0,car,0 days 00:00:12.114000,0 days 01:48:04.654000,684.0936111111109,27.0
2023-10-22 19:49:07.167,8069,107,3,51,False,0,car,0 days 00:00:12.394000,0 days 01:48:04.934000,692.4158333333331,27.0
2023-10-22 19:49:07.327,8932,114,3,61,False,0,car,0 days 00:00:12.554000,0 days 01:48:05.094000,697.4824999999998,27.0
2023-10-22 19:49:07.607,10053,122,3,71,False,0,car,0 days 00:00:12.834000,0 days 01:48:05.374000,706.9713888888887,27.0
2023-10-22 19:49:08.007,11120,140,3,95,False,0,car,0 days 00:00:13.234000,0 days 01:48:05.774000,722.5269444444442,27.0
2023-10-22 19:49:08.167,11431,150,3,99,False,0,car,0 days 00:00:13.394000,0 days 01:48:05.934000,729.1936111111108,27.0
2023-10-22 19:49:08.327,10311,150,3,99,False,0,car,0 days 00:00:13.554000,0 days 01:48:06.094000,735.8602777777775,27.0
2023-10-22 19:49:08.567,10906,170,4,100,False,0,car,0 days 00:00:13.794000,0 days 01:48:06.334000,747.1936111111108,27.0
2023-10-22 19:49:08.767,11192,179,4,100,False,0,car,0 days 00:00:13.994000,0 days 01:48:06.534000,757.1380555555553,27.0
2023-10-22 19:49:09.007,10212,187,4,100,False,0,car,0 days 00:00:14.234000,0 days 01:48:06.774000,769.604722222222,27.0
2023-10-22 19:49:09.207,10569,195,5,99,False,0,car,0 days 00:00:14.434000,0 days 01:48:06.974000,780.4380555555553,27.0
2023-10-22 19:49:09.447,11279,206,5,99,False,0,car,0 days 00:00:14.674000,0 days 01:48:07.214000,794.1713888888886,27.0
2023-10-22 19:49:09.767,10439,215,5,100,False,0,car,0 days 00:00:14.994000,0 days 01:48:07.534000,813.2824999999997,27.0
2023-10-22 19:49:10.048,10532,217,6,100,False,0,car,0 days 00:00:15.275000,0 days 01:48:07.815000,830.2205555555553,27.0
2023-10-22 19:49:10.208,10668,222,6,100,False,0,car,0 days 00:00:15.435000,0 days 01:48:07.975000,840.087222222222,27.0
2023-10-22 19:49:10.648,11214,235,6,99,False,0,car,0 days 00:00:15.875000,0 days 01:48:08.415000,868.8094444444441,27.0
2023-10-22 19:49:11.127,11611,244,6,100,False,0,car,0 days 00:00:16.354000,0 days 01:48:08.894000,901.2749999999996,27.0
2023-10-22 19:49:11.287,11338,245,6,99,False,0,car,0 days 00:00:16.514000,0 days 01:48:09.054000,912.1638888888886,27.0
2023-10-22 19:49:11.727,10549,252,7,100,False,0,car,0 days 00:00:16.954000,0 days 01:48:09.494000,942.9638888888886,27.0
2023-10-22 19:49:11.967,10622,255,7,100,False,0,car,0 days 00:00:17.194000,0 days 01:48:09.734000,959.9638888888885,27.0
2023-10-22 19:49:12.167,10799,257,7,100,False,0,car,0 days 00:00:17.394000,0 days 01:48:09.934000,974.2416666666662,27.0
2023-10-22 19:49:12.567,10932,261,7,100,False,0,car,0 days 00:00:17.794000,0 days 01:48:10.334000,1003.2416666666663,27.0
2023-10-22 19:49:12.927,11066,266,7,100,False,0,car,0 days 00:00:18.154000,0 days 01:48:10.694000,1029.8416666666662,27.0
2023-10-22 19:49:13.087,11078,267,7,100,False,0,car,0 days 00:00:18.314000,0 days 01:48:10.854000,1041.708333333333,27.0
2023-10-22 19:49:13.367,11171,269,7,100,False,0,car,0 days 00:00:18.594000,0 days 01:48:11.134000,1062.6305555555552,27.0
2023-10-22 19:49:13.527,11189,271,7,100,False,0,car,0 days 00:00:18.754000,0 days 01:48:11.294000,1074.6749999999997,27.0
2023-10-22 19:49:13.687,11254,271,7,99,False,0,car,0 days 00:00:18.914000,0 days 01:48:11.454000,1086.7194444444442,27.0
2023-10-22 19:49:13.887,11255,271,7,100,False,0,car,0 days 00:00:19.114000,0 days 01:48:11.654000,1101.7749999999996,27.0
2023-10-22 19:49:14.047,11273,271,7,100,False,0,car,0 days 00:00:19.274000,0 days 01:48:11.814000,1113.8194444444441,27.0
2023-10-22 19:49:14.247,11293,273,7,99,False,0,car,0 days 00:00:19.474000,0 days 01:48:12.014000,1128.9861111111106,27.0
2023-10-22 19:49:14.567,11259,272,7,100,False,0,car,0 days 00:00:19.794000,0 days 01:48:12.334000,1153.1638888888883,27.0
2023-10-22 19:49:14.967,11299,272,7,99,False,0,car,0 days 00:00:20.194000,0 days 01:48:12.734000,1183.3861111111105,27.0
2023-10-22 19:49:15.127,11302,273,7,100,False,0,car,0 days 00:00:20.354000,0 days 01:48:12.894000,1195.519444444444,27.0
2023-10-22 19:49:15.327,11162,272,7,32,False,0,car,0 days 00:00:20.554000,0 days 01:48:13.094000,1210.630555555555,27.0
2023-10-22 19:49:15.607,10689,266,7,16,True,0,car,0 days 00:00:20.834000,0 days 01:48:13.374000,1231.319444444444,27.0
2023-10-22 19:49:15.927,10192,255,7,30,False,0,car,0 days 00:00:21.154000,0 days 01:48:13.694000,1253.9861111111106,27.0
2023-10-22 19:49:16.167,10261,247,7,48,False,0,car,0 days 00:00:21.394000,0 days 01:48:13.934000,1270.452777777777,27.0
2023-10-22 19:49:16.608,10912,243,7,0,True,0,car,0 days 00:00:21.835000,0 days 01:48:14.375000,1300.2202777777773,27.0
2023-10-22 19:49:17.008,10578,229,6,7,False,0,car,0 days 00:00:22.235000,0 days 01:48:14.775000,1325.6647222222216,27.0
2023-10-22 19:49:17.248,10323,222,6,25,False,0,car,0 days 00:00:22.475000,0 days 01:48:15.015000,1340.4647222222218,27.0
2023-10-22 19:49:17.448,10232,216,6,42,False,0,car,0 days 00:00:22.675000,0 days 01:48:15.215000,1352.4647222222218,27.0
2023-10-22 19:49:17.688,10241,216,6,55,False,0,car,0 days 00:00:22.915000,0 days 01:48:15.455000,1366.8647222222216,27.0
2023-10-22 19:49:17.847,10206,216,6,62,False,0,car,0 days 00:00:23.074000,0 days 01:48:15.614000,1376.4047222222218,27.0
2023-10-22 19:49:18.087,10406,217,6,72,False,0,car,0 days 00:00:23.314000,0 days 01:48:15.854000,1390.8713888888883,27.0
2023-10-22 19:49:18.447,10008,222,6,21,True,0,car,0 days 00:00:23.674000,0 days 01:48:16.214000,1413.0713888888884,27.0
2023-10-22 19:49:18.807,9801,214,6,20,False,0,car,0 days 00:00:24.034000,0 days 01:48:16.574000,1434.4713888888882,27.0
2023-10-22 19:49:18.967,9609,210,6,0,False,0,car,0 days 00:00:24.194000,0 days 01:48:16.734000,1443.8047222222215,27.0
2023-10-22 19:49:19.327,9246,202,6,4,False,0,car,0 days 00:00:24.554000,0 days 01:48:17.094000,1464.0047222222215,27.0
2023-10-22 19:49:19.727,9266,194,6,53,False,0,car,0 days 00:00:24.954000,0 days 01:48:17.494000,1485.5602777777772,27.0
2023-10-22 19:49:19.887,9227,195,6,35,False,0,car,0 days 00:00:25.114000,0 days 01:48:17.654000,1494.226944444444,27.0
2023-10-22 19:49:20.127,9463,194,6,36,False,0,car,0 days 00:00:25.354000,0 days 01:48:17.894000,1507.160277777777,27.0
2023-10-22 19:49:20.287,9342,191,6,74,False,0,car,0 days 00:00:25.514000,0 days 01:48:18.054000,1515.649166666666,27.0
2023-10-22 19:49:20.527,9391,196,6,78,False,0,car,0 days 00:00:25.754000,0 days 01:48:18.294000,1528.7158333333327,27.0
2023-10-22 19:49:20.687,9700,199,6,76,False,0,car,0 days 00:00:25.914000,0 days 01:48:18.454000,1537.5602777777772,27.0
2023-10-22 19:49:21.207,9859,203,6,68,False,0,car,0 days 00:00:26.434000,0 days 01:48:18.974000,1566.8824999999995,27.0
2023-10-22 19:49:21.567,10107,206,6,85,False,0,car,0 days 00:00:26.794000,0 days 01:48:19.334000,1587.4824999999994,27.0
2023-10-22 19:49:21.727,9974,208,6,99,False,0,car,0 days 00:00:26.954000,0 days 01:48:19.494000,1596.726944444444,27.0
2023-10-22 19:49:21.927,10067,211,6,100,False,0,car,0 days 00:00:27.154000,0 days 01:48:19.694000,1608.449166666666,27.0
2023-10-22 19:49:22.167,10123,214,6,100,False,0,car,0 days 00:00:27.394000,0 days 01:48:19.934000,1622.7158333333327,27.0
2023-10-22 19:49:22.847,10583,200,6,0,True,0,car,0 days 00:00:28.074000,0 days 01:48:20.614000,1660.4936111111108,27.0
2023-10-22 19:49:23.047,10335,194,5,0,True,0,car,0 days 00:00:28.274000,0 days 01:48:20.814000,1671.2713888888886,27.0
2023-10-22 19:49:23.328,10005,189,5,7,False,0,car,0 days 00:00:28.555000,0 days 01:48:21.095000,1686.0238888888885,27.0
2023-10-22 19:49:23.728,9745,180,5,40,False,0,car,0 days 00:00:28.955000,0 days 01:48:21.495000,1706.0238888888885,27.0
2023-10-22 19:49:23.928,9919,181,5,56,False,0,car,0 days 00:00:29.155000,0 days 01:48:21.695000,1716.079444444444,27.0
2023-10-22 19:49:24.128,9962,182,5,62,False,0,car,0 days 00:00:29.355000,0 days 01:48:21.895000,1726.1905555555552,27.0
2023-10-22 19:49:24.288,10136,184,5,69,False,0,car,0 days 00:00:29.515000,0 days 01:48:22.055000,1734.3683333333329,27.0
2023-10-22 19:49:24.487,10265,187,5,72,False,0,car,0 days 00:00:29.714000,0 days 01:48:22.254000,1744.7052777777772,27.0
2023-10-22 19:49:24.767,10438,193,5,73,False,0,car,0 days 00:00:29.994000,0 days 01:48:22.534000,1759.7163888888883,27.0
2023-10-22 19:49:25.167,10232,190,5,0,True,0,car,0 days 00:00:30.394000,0 days 01:48:22.934000,1780.8274999999994,27.0
2023-10-22 19:49:25.407,10710,181,5,0,True,0,car,0 days 00:00:30.634000,0 days 01:48:23.174000,1792.8941666666663,27.0
2023-10-22 19:49:25.607,10147,172,4,0,True,0,car,0 days 00:00:30.834000,0 days 01:48:23.374000,1802.4497222222217,27.0
2023-10-22 19:49:25.927,9481,157,4,0,True,0,car,0 days 00:00:31.154000,0 days 01:48:23.694000,1816.4052777777772,27.0
2023-10-22 19:49:26.087,9375,154,4,0,True,0,car,0 days 00:00:31.314000,0 days 01:48:23.854000,1823.2497222222216,27.0
2023-10-22 19:49:26.407,8869,147,4,0,True,0,car,0 days 00:00:31.634000,0 days 01:48:24.174000,1836.3163888888882,27.0
2023-10-22 19:49:26.687,8327,139,4,0,False,0,car,0 days 00:00:31.914000,0 days 01:48:24.454000,1847.1274999999994,27.0
2023-10-22 19:49:27.007,7914,133,4,0,True,0,car,0 days 00:00:32.234000,0 days 01:48:24.774000,1858.9497222222217,27.0
2023-10-22 19:49:27.207,7760,129,4,0,False,0,car,0 days 00:00:32.434000,0 days 01:48:24.974000,1866.1163888888882,27.0
2023-10-22 19:49:27.367,7769,127,4,23,False,0,car,0 days 00:00:32.594000,0 days 01:48:25.134000,1871.7608333333328,27.0
2023-10-22 19:49:27.727,8078,127,4,44,False,0,car,0 days 00:00:32.954000,0 days 01:48:25.494000,1884.4608333333329,27.0
2023-10-22 19:49:28.047,8411,131,4,54,False,0,car,0 days 00:00:33.274000,0 days 01:48:25.814000,1896.1052777777772,27.0
2023-10-22 19:49:28.247,8614,136,4,65,False,0,car,0 days 00:00:33.474000,0 days 01:48:26.014000,1903.6608333333327,27.0
2023-10-22 19:49:28.447,8983,143,4,74,False,0,car,0 days 00:00:33.674000,0 days 01:48:26.214000,1911.6052777777772,27.0
2023-10-22 19:49:28.687,10009,151,4,71,False,0,car,0 days 00:00:33.914000,0 days 01:48:26.454000,1921.671944444444,27.0
2023-10-22 19:49:29.087,10220,159,4,40,False,0,car,0 days 00:00:34.314000,0 days 01:48:26.854000,1939.3386111111106,27.0
2023-10-22 19:49:29.447,9984,157,4,46,False,0,car,0 days 00:00:34.674000,0 days 01:48:27.214000,1955.0386111111106,27.0
2023-10-22 19:49:29.768,10352,162,4,64,False,0,car,0 days 00:00:34.995000,0 days 01:48:27.535000,1969.4836111111106,27.0
2023-10-22 19:49:30.008,10936,168,4,100,False,0,car,0 days 00:00:35.235000,0 days 01:48:27.775000,1980.6836111111106,27.0
2023-10-22 19:49:30.368,11517,182,4,100,False,0,car,0 days 00:00:35.595000,0 days 01:48:28.135000,1998.8836111111107,27.0
2023-10-22 19:49:30.728,10679,196,5,100,False,0,car,0 days 00:00:35.955000,0 days 01:48:28.495000,2018.4836111111106,27.0
2023-10-22 19:49:30.888,11286,201,5,100,False,0,car,0 days 00:00:36.115000,0 days 01:48:28.655000,2027.4169444444442,27.0
2023-10-22 19:49:31.088,11001,204,5,100,False,0,car,0 days 00:00:36.315000,0 days 01:48:28.855000,2038.7502777777772,27.0
2023-10-22 19:49:31.367,11692,210,5,100,False,0,car,0 days 00:00:36.594000,0 days 01:48:29.134000,2055.0252777777773,27.0
2023-10-22 19:49:31.607,10590,215,5,100,False,0,car,0 days 00:00:36.834000,0 days 01:48:29.374000,2069.358611111111,27.0
2023-10-22 19:49:31.807,10712,222,6,100,False,0,car,0 days 00:00:37.034000,0 days 01:48:29.574000,2081.691944444444,27.0
2023-10-22 19:49:32.207,11145,232,6,100,False,0,car,0 days 00:00:37.434000,0 days 01:48:29.974000,2107.4697222222217,27.0
2023-10-22 19:49:32.447,11344,239,6,100,False,0,car,0 days 00:00:37.674000,0 days 01:48:30.214000,2123.403055555555,27.0
2023-10-22 19:49:32.767,11007,243,6,100,False,0,car,0 days 00:00:37.994000,0 days 01:48:30.534000,2145.003055555555,27.0
2023-10-22 19:49:33.007,10219,246,7,99,False,0,car,0 days 00:00:38.234000,0 days 01:48:30.774000,2161.403055555555,27.0
2023-10-22 19:49:33.447,10611,255,7,100,False,0,car,0 days 00:00:38.674000,0 days 01:48:31.214000,2192.5697222222216,27.0
2023-10-22 19:49:33.647,10709,255,7,99,False,0,car,0 days 00:00:38.874000,0 days 01:48:31.414000,2206.7363888888885,27.0
2023-10-22 19:49:34.047,10896,263,7,100,False,0,car,0 days 00:00:39.274000,0 days 01:48:31.814000,2235.9586111111107,27.0
2023-10-22 19:49:34.367,11034,266,7,99,False,0,car,0 days 00:00:39.594000,0 days 01:48:32.134000,2259.6030555555553,27.0
2023-10-22 19:49:34.727,11291,272,7,100,False,0,car,0 days 00:00:39.954000,0 days 01:48:32.494000,2286.803055555555,27.0
2023-10-22 19:49:35.047,10639,275,7,99,False,0,car,0 days 00:00:40.274000,0 days 01:48:32.814000,2311.2474999999995,27.0
2023-10-22 19:49:35.367,10296,279,8,99,False,0,car,0 days 00:00:40.594000,0 days 01:48:33.134000,2336.0474999999997,27.0
2023-10-22 19:49:35.607,10411,279,8,100,False,0,car,0 days 00:00:40.834000,0 days 01:48:33.374000,2354.6475,27.0
2023-10-22 19:49:35.887,10086,282,8,0,False,0,car,0 days 00:00:41.114000,0 days 01:48:33.654000,2376.580833333333,27.0
2023-10-22 19:49:36.047,10047,278,8,0,False,0,car,0 days 00:00:41.274000,0 days 01:48:33.814000,2388.936388888889,27.0
2023-10-22 19:49:36.288,9748,273,8,0,False,0,car,0 days 00:00:41.515000,0 days 01:48:34.055000,2407.212222222222,27.0
2023-10-22 19:49:36.688,9609,239,8,0,True,0,car,0 days 00:00:41.915000,0 days 01:48:34.455000,2433.7677777777776,27.0
2023-10-22 19:49:36.928,9346,218,8,0,True,0,car,0 days 00:00:42.155000,0 days 01:48:34.695000,2448.301111111111,27.0
2023-10-22 19:49:37.168,9642,189,7,0,True,0,car,0 days 00:00:42.395000,0 days 01:48:34.935000,2460.901111111111,27.0
2023-10-22 19:49:37.528,9290,152,5,0,True,0,car,0 days 00:00:42.755000,0 days 01:48:35.295000,2476.1011111111106,27.0
2023-10-22 19:49:37.768,9629,138,5,0,True,0,car,0 days 00:00:42.995000,0 days 01:48:35.535000,2485.3011111111105,27.0
2023-10-22 19:49:38.127,8101,113,3,0,True,0,car,0 days 00:00:43.354000,0 days 01:48:35.894000,2496.5697222222216,27.0
2023-10-22 19:49:38.367,7243,104,3,0,True,0,car,0 days 00:00:43.594000,0 days 01:48:36.134000,2503.503055555555,27.0
2023-10-22 19:49:38.687,6207,92,3,0,True,0,car,0 days 00:00:43.914000,0 days 01:48:36.454000,2511.680833333333,27.0
2023-10-22 19:49:38.967,5656,83,3,0,True,0,car,0 days 00:00:44.194000,0 days 01:48:36.734000,2518.1363888888886,27.0
2023-10-22 19:49:39.247,5282,77,3,0,True,0,car,0 days 00:00:44.474000,0 days 01:48:37.014000,2524.1252777777772,27.0
2023-10-22 19:49:39.567,4959,72,3,0,False,0,car,0 days 00:00:44.794000,0 days 01:48:37.334000,2530.5252777777773,27.0
2023-10-22 19:49:39.927,4739,69,3,0,False,0,car,0 days 00:00:45.154000,0 days 01:48:37.694000,2537.4252777777774,27.0
2023-10-22 19:49:40.247,4958,65,3,9,False,0,car,0 days 00:00:45.474000,0 days 01:48:38.014000,2543.2030555555552,27.0
2023-10-22 19:49:40.527,5319,69,3,20,False,0,car,0 days 00:00:45.754000,0 days 01:48:38.294000,2548.569722222222,27.0
2023-10-22 19:49:40.767,5487,72,3,26,False,0,car,0 days 00:00:45.994000,0 days 01:48:38.534000,2553.369722222222,27.0
2023-10-22 19:49:41.207,5812,79,3,35,False,0,car,0 days 00:00:46.434000,0 days 01:48:38.974000,2563.025277777778,27.0
2023-10-22 19:49:41.567,6956,89,3,41,False,0,car,0 days 00:00:46.794000,0 days 01:48:39.334000,2571.925277777778,27.0
2023-10-22 19:49:41.927,7485,97,3,46,False,0,car,0 days 00:00:47.154000,0 days 01:48:39.694000,2581.625277777778,27.0
2023-10-22 19:49:42.127,8114,102,3,56,False,0,car,0 days 00:00:47.354000,0 days 01:48:39.894000,2587.2919444444447,27.0
2023-10-22 19:49:42.447,9209,117,3,67,False,0,car,0 days 00:00:47.674000,0 days 01:48:40.214000,2597.6919444444447,27.0
2023-10-22 19:49:42.727,10072,130,3,81,False,0,car,0 days 00:00:47.954000,0 days 01:48:40.494000,2607.803055555556,27.0
2023-10-22 19:49:42.968,10764,141,3,100,False,0,car,0 days 00:00:48.195000,0 days 01:48:40.735000,2617.2422222222226,27.0
2023-10-22 19:49:43.168,11393,152,3,100,False,0,car,0 days 00:00:48.395000,0 days 01:48:40.935000,2625.686666666667,27.0
2023-10-22 19:49:43.408,11225,161,4,100,False,0,car,0 days 00:00:48.635000,0 days 01:48:41.175000,2636.42,27.0
2023-10-22 19:49:43.608,11142,170,4,100,False,0,car,0 days 00:00:48.835000,0 days 01:48:41.375000,2645.864444444445,27.0
2023-10-22 19:49:43.768,11309,179,4,100,False,0,car,0 days 00:00:48.995000,0 days 01:48:41.535000,2653.82,27.0
2023-10-22 19:49:44.048,11030,190,4,100,False,0,car,0 days 00:00:49.275000,0 days 01:48:41.815000,2668.597777777778,27.0
2023-10-22 19:49:44.288,10959,198,5,100,False,0,car,0 days 00:00:49.515000,0 days 01:48:42.055000,2681.7977777777783,27.0
2023-10-22 19:49:44.448,11148,204,5,100,False,0,car,0 days 00:00:49.675000,0 days 01:48:42.215000,2690.864444444445,27.0
2023-10-22 19:49:44.608,11439,207,5,100,False,0,car,0 days 00:00:49.835000,0 days 01:48:42.375000,2700.064444444445,27.0
2023-10-22 19:49:44.927,11328,218,5,99,False,0,car,0 days 00:00:50.154000,0 days 01:48:42.694000,2719.3816666666676,27.0
2023-10-22 19:49:45.207,10761,224,6,100,False,0,car,0 days 00:00:50.434000,0 days 01:48:42.974000,2736.8038888888896,27.0
2023-10-22 19:49:45.487,11050,231,6,100,False,0,car,0 days 00:00:50.714000,0 days 01:48:43.254000,2754.7705555555563,27.0
2023-10-22 19:49:45.647,11178,236,6,100,False,0,car,0 days 00:00:50.874000,0 days 01:48:43.414000,2765.2594444444453,27.0
2023-10-22 19:49:45.887,11461,240,6,100,False,0,car,0 days 00:00:51.114000,0 days 01:48:43.654000,2781.259444444445,27.0
2023-10-22 19:49:46.047,11501,243,6,100,False,0,car,0 days 00:00:51.274000,0 days 01:48:43.814000,2792.059444444445,27.0
2023-10-22 19:49:46.247,10801,247,6,100,False,0,car,0 days 00:00:51.474000,0 days 01:48:44.014000,2805.7816666666668,27.0
2023-10-22 19:49:46.447,10395,249,6,100,False,0,car,0 days 00:00:51.674000,0 days 01:48:44.214000,2819.6150000000002,27.0
2023-10-22 19:49:46.847,10642,256,7,100,False,0,car,0 days 00:00:52.074000,0 days 01:48:44.614000,2848.0594444444446,27.0
2023-10-22 19:49:47.047,10675,258,7,100,False,0,car,0 days 00:00:52.274000,0 days 01:48:44.814000,2862.392777777778,27.0
2023-10-22 19:49:47.287,10930,261,7,100,False,0,car,0 days 00:00:52.514000,0 days 01:48:45.054000,2879.792777777778,27.0
2023-10-22 19:49:47.567,11042,265,7,100,False,0,car,0 days 00:00:52.794000,0 days 01:48:45.334000,2900.403888888889,27.0
2023-10-22 19:49:47.727,11055,267,7,100,False,0,car,0 days 00:00:52.954000,0 days 01:48:45.494000,2912.270555555556,27.0
2023-10-22 19:49:47.887,11212,268,7,100,False,0,car,0 days 00:00:53.114000,0 days 01:48:45.654000,2924.181666666667,27.0
2023-10-22 19:49:48.087,11317,269,7,100,False,0,car,0 days 00:00:53.314000,0 days 01:48:45.854000,2939.1261111111116,27.0
2023-10-22 19:49:48.247,11227,271,7,100,False,0,car,0 days 00:00:53.474000,0 days 01:48:46.014000,2951.170555555556,27.0
2023-10-22 19:49:48.527,11280,272,7,100,False,0,car,0 days 00:00:53.754000,0 days 01:48:46.294000,2972.3261111111115,27.0
2023-10-22 19:49:48.807,11410,274,7,100,False,0,car,0 days 00:00:54.034000,0 days 01:48:46.574000,2993.6372222222226,27.0
2023-10-22 19:49:49.127,11466,276,7,100,False,0,car,0 days 00:00:54.354000,0 days 01:48:46.894000,3018.170555555556,27.0
2023-10-22 19:49:49.367,11520,278,7,100,False,0,car,0 days 00:00:54.594000,0 days 01:48:47.134000,3036.703888888889,27.0
2023-10-22 19:49:49.608,10322,279,7,100,False,0,car,0 days 00:00:54.835000,0 days 01:48:47.375000,3055.381388888889,27.0
2023-10-22 19:49:50.008,10439,281,8,100,False,0,car,0 days 00:00:55.235000,0 days 01:48:47.775000,3086.603611111111,27.0
2023-10-22 19:49:50.448,10519,284,8,100,False,0,car,0 days 00:00:55.675000,0 days 01:48:48.215000,3121.314722222222,27.0
2023-10-22 19:49:50.608,10544,286,8,100,False,0,car,0 days 00:00:55.835000,0 days 01:48:48.375000,3134.025833333333,27.0
2023-10-22 19:49:50.848,10572,288,8,100,False,0,car,0 days 00:00:56.075000,0 days 01:48:48.615000,3153.2258333333334,27.0
2023-10-22 19:49:51.088,10662,289,8,100,False,0,car,0 days 00:00:56.315000,0 days 01:48:48.855000,3172.4925,27.0
2023-10-22 19:49:51.367,10722,291,8,100,False,0,car,0 days 00:00:56.594000,0 days 01:48:49.134000,3195.045,27.0
2023-10-22 19:49:51.647,10753,292,8,100,False,0,car,0 days 00:00:56.874000,0 days 01:48:49.414000,3217.7561111111113,27.0
2023-10-22 19:49:51.847,10778,293,8,100,False,0,car,0 days 00:00:57.074000,0 days 01:48:49.614000,3234.0338888888887,27.0
2023-10-22 19:49:52.087,10792,294,8,100,False,0,car,0 days 00:00:57.314000,0 days 01:48:49.854000,3253.633888888889,27.0
2023-10-22 19:49:52.287,10820,294,8,100,False,0,car,0 days 00:00:57.514000,0 days 01:48:50.054000,3269.9672222222225,27.0
2023-10-22 19:49:52.567,10868,295,8,100,False,0,car,0 days 00:00:57.794000,0 days 01:48:50.334000,3292.9116666666664,27.0
2023-10-22 19:49:52.927,10941,297,8,100,False,0,car,0 days 00:00:58.154000,0 days 01:48:50.694000,3322.611666666667,27.0
2023-10-22 19:49:53.167,10963,297,8,100,False,0,car,0 days 00:00:58.394000,0 days 01:48:50.934000,3342.411666666667,27.0
2023-10-22 19:49:53.407,10935,297,8,100,False,0,car,0 days 00:00:58.634000,0 days 01:48:51.174000,3362.211666666667,27.0
2023-10-22 19:49:53.767,10973,298,8,100,False,0,car,0 days 00:00:58.994000,0 days 01:48:51.534000,3392.0116666666668,27.0
2023-10-22 19:49:53.967,11011,298,8,100,False,0,car,0 days 00:00:59.194000,0 days 01:48:51.734000,3408.5672222222224,27.0
2023-10-22 19:49:54.167,10985,298,8,100,False,0,car,0 days 00:00:59.394000,0 days 01:48:51.934000,3425.1227777777776,27.0
2023-10-22 19:49:54.367,11094,298,8,100,False,0,car,0 days 00:00:59.594000,0 days 01:48:52.134000,3441.6783333333333,27.0
2023-10-22 19:49:54.567,10970,298,8,100,False,0,car,0 days 00:00:59.794000,0 days 01:48:52.334000,3458.2338888888885,27.0
2023-10-22 19:49:54.967,11032,299,8,100,False,0,car,0 days 00:01:00.194000,0 days 01:48:52.734000,3491.456111111111,27.0
2023-10-22 19:49:55.167,11019,299,8,100,False,0,car,0 days 00:01:00.394000,0 days 01:48:52.934000,3508.067222222222,27.0
2023-10-22 19:49:55.407,11006,300,8,100,False,0,car,0 days 00:01:00.634000,0 days 01:48:53.174000,3528.067222222222,27.0
2023-10-22 19:49:55.687,10969,299,8,100,False,0,car,0 days 00:01:00.914000,0 days 01:48:53.454000,3551.3227777777774,27.0
2023-10-22 19:49:55.927,11324,297,8,0,False,0,car,0 days 00:01:01.154000,0 days 01:48:53.694000,3571.1227777777776,27.0
2023-10-22 19:49:56.128,10904,291,8,0,False,0,car,0 days 00:01:01.355000,0 days 01:48:53.895000,3587.370277777777,27.0
2023-10-22 19:49:56.408,10169,285,8,0,True,0,car,0 days 00:01:01.635000,0 days 01:48:54.175000,3609.536944444444,27.0
2023-10-22 19:49:56.568,9652,268,8,0,True,0,car,0 days 00:01:01.795000,0 days 01:48:54.335000,3621.4480555555556,27.0
2023-10-22 19:49:56.728,9232,246,8,0,True,0,car,0 days 00:01:01.955000,0 days 01:48:54.495000,3632.3813888888885,27.0
2023-10-22 19:49:56.928,8985,222,8,0,True,0,car,0 days 00:01:02.155000,0 days 01:48:54.695000,3644.714722222222,27.0
2023-10-22 19:49:57.208,9540,197,7,0,True,0,car,0 days 00:01:02.435000,0 days 01:48:54.975000,3660.036944444444,27.0
2023-10-22 19:49:57.408,9013,176,6,0,True,0,car,0 days 00:01:02.635000,0 days 01:48:55.175000,3669.8147222222215,27.0
2023-10-22 19:49:57.568,9485,158,6,0,True,0,car,0 days 00:01:02.795000,0 days 01:48:55.335000,3676.836944444444,27.0
2023-10-22 19:49:57.888,9426,133,4,0,True,0,car,0 days 00:01:03.115000,0 days 01:48:55.655000,3688.659166666666,27.0
2023-10-22 19:49:58.207,8010,119,3,0,True,0,car,0 days 00:01:03.434000,0 days 01:48:55.974000,3699.203888888888,27.0
2023-10-22 19:49:58.407,7522,111,3,0,True,0,car,0 days 00:01:03.634000,0 days 01:48:56.174000,3705.370555555555,27.0
2023-10-22 19:49:58.767,7123,100,3,0,True,0,car,0 days 00:01:03.994000,0 days 01:48:56.534000,3715.370555555555,27.0
2023-10-22 19:49:58.927,6729,97,3,0,True,0,car,0 days 00:01:04.154000,0 days 01:48:56.694000,3719.681666666666,27.0
2023-10-22 19:49:59.407,6189,90,3,0,False,0,car,0 days 00:01:04.634000,0 days 01:48:57.174000,3731.681666666666,27.0
2023-10-22 19:49:59.687,6284,87,3,14,False,0,car,0 days 00:01:04.914000,0 days 01:48:57.454000,3738.448333333333,27.0
2023-10-22 19:49:59.927,6488,86,3,28,False,0,car,0 days 00:01:05.154000,0 days 01:48:57.694000,3744.181666666666,27.0
2023-10-22 19:50:00.207,7017,89,3,42,False,0,car,0 days 00:01:05.434000,0 days 01:48:57.974000,3751.1038888888884,27.0
2023-10-22 19:50:00.447,7488,97,3,48,False,0,car,0 days 00:01:05.674000,0 days 01:48:58.214000,3757.570555555555,27.0
2023-10-22 19:50:00.807,8306,106,3,61,False,0,car,0 days 00:01:06.034000,0 days 01:48:58.574000,3768.170555555555,27.0
2023-10-22 19:50:01.007,8791,114,3,70,False,0,car,0 days 00:01:06.234000,0 days 01:48:58.774000,3774.503888888888,27.0
2023-10-22 19:50:01.407,10489,130,3,91,False,0,car,0 days 00:01:06.634000,0 days 01:48:59.174000,3788.948333333333,27.0
2023-10-22 19:50:01.567,11008,141,3,100,False,0,car,0 days 00:01:06.794000,0 days 01:48:59.334000,3795.2149999999992,27.0
2023-10-22 19:50:01.887,10748,155,3,100,False,0,car,0 days 00:01:07.114000,0 days 01:48:59.654000,3808.9927777777775,27.0
2023-10-22 19:50:02.047,10305,164,4,100,False,0,car,0 days 00:01:07.274000,0 days 01:48:59.814000,3816.2816666666663,27.0
2023-10-22 19:50:02.367,11141,177,4,100,False,0,car,0 days 00:01:07.594000,0 days 01:49:00.134000,3832.0149999999994,27.0
2023-10-22 19:50:02.608,10161,183,4,100,False,0,car,0 days 00:01:07.835000,0 days 01:49:00.375000,3844.265833333333,27.0
2023-10-22 19:50:02.848,10107,191,5,100,False,0,car,0 days 00:01:08.075000,0 days 01:49:00.615000,3856.999166666667,27.0
2023-10-22 19:50:03.328,10140,178,5,0,True,0,car,0 days 00:01:08.555000,0 days 01:49:01.095000,3880.7325000000005,27.0
2023-10-22 19:50:03.528,10134,166,5,0,True,0,car,0 days 00:01:08.755000,0 days 01:49:01.295000,3889.9547222222222,27.0
2023-10-22 19:50:03.848,10328,147,4,0,True,0,car,0 days 00:01:09.075000,0 days 01:49:01.615000,3903.0213888888893,27.0
2023-10-22 19:50:04.128,9321,132,3,0,True,0,car,0 days 00:01:09.355000,0 days 01:49:01.895000,3913.288055555556,27.0
2023-10-22 19:50:04.368,8782,124,3,0,True,0,car,0 days 00:01:09.595000,0 days 01:49:02.135000,3921.5547222222226,27.0
2023-10-22 19:50:04.568,8445,118,3,0,True,0,car,0 days 00:01:09.795000,0 days 01:49:02.335000,3928.1102777777783,27.0
2023-10-22 19:50:04.967,7726,109,3,0,True,0,car,0 days 00:01:10.194000,0 days 01:49:02.734000,3940.1911111111117,27.0
2023-10-22 19:50:05.407,7289,104,3,0,False,0,car,0 days 00:01:10.634000,0 days 01:49:03.174000,3952.902222222223,27.0
2023-10-22 19:50:05.807,7014,99,3,0,False,0,car,0 days 00:01:11.034000,0 days 01:49:03.574000,3963.902222222223,27.0
2023-10-22 19:50:06.127,7097,94,3,19,False,0,car,0 days 00:01:11.354000,0 days 01:49:03.894000,3972.2577777777783,27.0
2023-10-22 19:50:06.327,7124,95,3,29,False,0,car,0 days 00:01:11.554000,0 days 01:49:04.094000,3977.535555555556,27.0
2023-10-22 19:50:06.607,7444,98,3,34,False,0,car,0 days 00:01:11.834000,0 days 01:49:04.374000,3985.1577777777784,27.0
2023-10-22 19:50:06.767,7444,100,3,34,False,0,car,0 days 00:01:11.994000,0 days 01:49:04.534000,3989.6022222222227,27.0
2023-10-22 19:50:06.967,7826,102,3,41,False,0,car,0 days 00:01:12.194000,0 days 01:49:04.734000,3995.2688888888897,27.0
2023-10-22 19:50:07.167,8191,107,3,48,False,0,car,0 days 00:01:12.394000,0 days 01:49:04.934000,4001.213333333334,27.0
2023-10-22 19:50:07.487,8827,115,3,57,False,0,car,0 days 00:01:12.714000,0 days 01:49:05.254000,4011.435555555556,27.0
2023-10-22 19:50:07.887,9797,128,3,74,False,0,car,0 days 00:01:13.114000,0 days 01:49:05.654000,4025.657777777779,27.0
2023-10-22 19:50:08.087,10350,136,3,82,False,0,car,0 days 00:01:13.314000,0 days 01:49:05.854000,4033.213333333334,27.0
2023-10-22 19:50:08.247,10592,144,3,98,False,0,car,0 days 00:01:13.474000,0 days 01:49:06.014000,4039.6133333333346,27.0
2023-10-22 19:50:08.447,11361,148,3,100,False,0,car,0 days 00:01:13.674000,0 days 01:49:06.214000,4047.8355555555568,27.0
2023-10-22 19:50:08.687,10521,159,3,99,False,0,car,0 days 00:01:13.914000,0 days 01:49:06.454000,4058.4355555555567,27.0
2023-10-22 19:50:08.967,10710,165,4,100,False,0,car,0 days 00:01:14.194000,0 days 01:49:06.734000,4071.26888888889,27.0
2023-10-22 19:50:09.288,11405,177,4,100,False,0,car,0 days 00:01:14.515000,0 days 01:49:07.055000,4087.05138888889,27.0
2023-10-22 19:50:09.728,10427,188,5,100,False,0,car,0 days 00:01:14.955000,0 days 01:49:07.495000,4110.029166666668,27.0
2023-10-22 19:50:09.928,9897,191,5,0,True,0,car,0 days 00:01:15.155000,0 days 01:49:07.695000,4120.640277777779,27.0
2023-10-22 19:50:10.088,9451,187,5,0,True,0,car,0 days 00:01:15.315000,0 days 01:49:07.855000,4128.9513888888905,27.0
2023-10-22 19:50:10.368,9948,169,5,0,True,0,car,0 days 00:01:15.595000,0 days 01:49:08.135000,4142.095833333335,27.0
2023-10-22 19:50:10.568,9557,157,5,0,True,0,car,0 days 00:01:15.795000,0 days 01:49:08.335000,4150.818055555557,27.0
2023-10-22 19:50:10.768,9137,147,4,0,True,0,car,0 days 00:01:15.995000,0 days 01:49:08.535000,4158.984722222224,27.0
2023-10-22 19:50:11.128,9192,130,3,0,True,0,car,0 days 00:01:16.355000,0 days 01:49:08.895000,4171.984722222224,27.0
2023-10-22 19:50:11.328,8873,122,3,0,True,0,car,0 days 00:01:16.555000,0 days 01:49:09.095000,4178.762500000003,27.0
2023-10-22 19:50:11.647,7806,111,3,0,True,0,car,0 days 00:01:16.874000,0 days 01:49:09.414000,4188.598333333335,27.0
2023-10-22 19:50:11.847,7477,106,3,0,True,0,car,0 days 00:01:17.074000,0 days 01:49:09.614000,4194.487222222224,27.0
2023-10-22 19:50:12.167,6956,99,3,0,True,0,car,0 days 00:01:17.394000,0 days 01:49:09.934000,4203.287222222224,27.0
2023-10-22 19:50:12.367,6766,96,3,0,True,0,car,0 days 00:01:17.594000,0 days 01:49:10.134000,4208.620555555557,27.0
2023-10-22 19:50:12.527,6422,91,3,0,True,0,car,0 days 00:01:17.754000,0 days 01:49:10.294000,4212.665000000002,27.0
2023-10-22 19:50:12.967,6016,84,3,0,True,0,car,0 days 00:01:18.194000,0 days 01:49:10.734000,4222.931666666668,27.0
2023-10-22 19:50:13.127,5791,82,3,0,False,0,car,0 days 00:01:18.354000,0 days 01:49:10.894000,4226.576111111112,27.0
2023-10-22 19:50:13.367,5514,82,3,0,False,0,car,0 days 00:01:18.594000,0 days 01:49:11.134000,4232.042777777779,27.0
2023-10-22 19:50:13.727,5948,79,3,23,False,0,car,0 days 00:01:18.954000,0 days 01:49:11.494000,4239.942777777778,27.0
2023-10-22 19:50:14.007,6359,81,3,36,False,0,car,0 days 00:01:19.234000,0 days 01:49:11.774000,4246.242777777778,27.0
2023-10-22 19:50:14.207,6662,86,3,41,False,0,car,0 days 00:01:19.434000,0 days 01:49:11.974000,4251.020555555557,27.0
2023-10-22 19:50:14.567,7267,95,3,49,False,0,car,0 days 00:01:19.794000,0 days 01:49:12.334000,4260.520555555557,27.0
2023-10-22 19:50:14.887,8141,105,3,60,False,0,car,0 days 00:01:20.114000,0 days 01:49:12.654000,4269.853888888891,27.0
2023-10-22 19:50:15.127,8390,116,3,63,False,0,car,0 days 00:01:20.354000,0 days 01:49:12.894000,4277.587222222224,27.0
2023-10-22 19:50:15.447,9531,128,3,76,False,0,car,0 days 00:01:20.674000,0 days 01:49:13.214000,4288.965000000002,27.0
2023-10-22 19:50:15.607,10326,128,3,89,False,0,car,0 days 00:01:20.834000,0 days 01:49:13.374000,4294.653888888891,27.0
2023-10-22 19:50:16.008,11020,152,3,97,False,0,car,0 days 00:01:21.235000,0 days 01:49:13.775000,4311.585000000002,27.0
2023-10-22 19:50:16.248,10460,166,3,100,False,0,car,0 days 00:01:21.475000,0 days 01:49:14.015000,4322.6516666666685,27.0
2023-10-22 19:50:16.408,10736,166,4,100,False,0,car,0 days 00:01:21.635000,0 days 01:49:14.175000,4330.029444444447,27.0
2023-10-22 19:50:16.608,11357,178,4,100,False,0,car,0 days 00:01:21.835000,0 days 01:49:14.375000,4339.918333333336,27.0
2023-10-22 19:50:17.328,11076,204,5,100,False,0,car,0 days 00:01:22.555000,0 days 01:49:15.095000,4380.718333333337,27.0
2023-10-22 19:50:17.528,11401,210,5,100,False,0,car,0 days 00:01:22.755000,0 days 01:49:15.295000,4392.385000000003,27.0
2023-10-22 19:50:17.688,11596,210,5,100,False,0,car,0 days 00:01:22.915000,0 days 01:49:15.455000,4401.718333333337,27.0
2023-10-22 19:50:17.968,10383,218,5,100,False,0,car,0 days 00:01:23.195000,0 days 01:49:15.735000,4418.673888888891,27.0
2023-10-22 19:50:18.128,10572,221,6,100,False,0,car,0 days 00:01:23.355000,0 days 01:49:15.895000,4428.496111111114,27.0
2023-10-22 19:50:18.367,10608,224,6,100,False,0,car,0 days 00:01:23.594000,0 days 01:49:16.134000,4443.367222222225,27.0
2023-10-22 19:50:18.647,10800,226,6,100,False,0,car,0 days 00:01:23.874000,0 days 01:49:16.414000,4460.945000000002,27.0
2023-10-22 19:50:18.967,10826,229,6,100,False,0,car,0 days 00:01:24.194000,0 days 01:49:16.734000,4481.300555555558,27.0
2023-10-22 19:50:19.247,10978,230,6,100,False,0,car,0 days 00:01:24.474000,0 days 01:49:17.014000,4499.189444444447,27.0
2023-10-22 19:50:19.487,11008,231,6,100,False,0,car,0 days 00:01:24.714000,0 days 01:49:17.254000,4514.589444444447,27.0
2023-10-22 19:50:19.767,11135,234,6,69,False,0,car,0 days 00:01:24.994000,0 days 01:49:17.534000,4532.789444444446,27.0
2023-10-22 19:50:19.967,11106,232,6,70,False,0,car,0 days 00:01:25.194000,0 days 01:49:17.734000,4545.678333333335,27.0
2023-10-22 19:50:20.247,11079,233,6,78,False,0,car,0 days 00:01:25.474000,0 days 01:49:18.014000,4563.800555555557,27.0
2023-10-22 19:50:20.527,11207,236,6,100,False,0,car,0 days 00:01:25.754000,0 days 01:49:18.294000,4582.156111111113,27.0
2023-10-22 19:50:20.687,11347,237,6,100,False,0,car,0 days 00:01:25.914000,0 days 01:49:18.454000,4592.689444444446,27.0
2023-10-22 19:50:20.927,11472,241,6,100,False,0,car,0 days 00:01:26.154000,0 days 01:49:18.694000,4608.756111111113,27.0
2023-10-22 19:50:21.127,11472,242,6,100,False,0,car,0 days 00:01:26.354000,0 days 01:49:18.894000,4622.200555555557,27.0
2023-10-22 19:50:21.447,11538,243,6,100,False,0,car,0 days 00:01:26.674000,0 days 01:49:19.214000,4643.800555555557,27.0
2023-10-22 19:50:21.647,10278,245,6,100,False,0,car,0 days 00:01:26.874000,0 days 01:49:19.414000,4657.411666666668,27.0
2023-10-22 19:50:21.927,10317,246,7,100,False,0,car,0 days 00:01:27.154000,0 days 01:49:19.694000,4676.545000000001,27.0
2023-10-22 19:50:22.087,10342,247,7,100,False,0,car,0 days 00:01:27.314000,0 days 01:49:19.854000,4687.522777777778,27.0
2023-10-22 19:50:22.368,10366,250,7,100,False,0,car,0 days 00:01:27.595000,0 days 01:49:20.135000,4707.036666666668,27.0
2023-10-22 19:50:22.608,10439,251,7,100,False,0,car,0 days 00:01:27.835000,0 days 01:49:20.375000,4723.77,27.0
2023-10-22 19:50:22.808,10524,252,7,100,False,0,car,0 days 00:01:28.035000,0 days 01:49:20.575000,4737.77,27.0
2023-10-22 19:50:23.088,10561,254,7,99,False,0,car,0 days 00:01:28.315000,0 days 01:49:20.855000,4757.525555555556,27.0
2023-10-22 19:50:23.328,10624,256,7,100,False,0,car,0 days 00:01:28.555000,0 days 01:49:21.095000,4774.592222222223,27.0
2023-10-22 19:50:23.568,10663,256,7,100,False,0,car,0 days 00:01:28.795000,0 days 01:49:21.335000,4791.65888888889,27.0
2023-10-22 19:50:24.048,10776,259,7,100,False,0,car,0 days 00:01:29.275000,0 days 01:49:21.815000,4826.192222222224,27.0
2023-10-22 19:50:24.448,10924,263,7,99,False,0,car,0 days 00:01:29.675000,0 days 01:49:22.215000,4855.4144444444455,27.0
2023-10-22 19:50:24.648,10944,265,7,99,False,0,car,0 days 00:01:29.875000,0 days 01:49:22.415000,4870.136666666668,27.0
2023-10-22 19:50:24.848,10810,264,7,2,True,0,car,0 days 00:01:30.075000,0 days 01:49:22.615000,4884.803333333335,27.0
2023-10-22 19:50:25.007,10152,257,7,3,True,0,car,0 days 00:01:30.234000,0 days 01:49:22.774000,4896.154166666668,27.0
2023-10-22 19:50:25.167,9898,243,7,2,True,0,car,0 days 00:01:30.394000,0 days 01:49:22.934000,4906.954166666669,27.0
2023-10-22 19:50:25.367,10947,235,7,1,True,0,car,0 days 00:01:30.594000,0 days 01:49:23.134000,4920.009722222224,27.0
2023-10-22 19:50:25.647,10472,215,6,0,True,0,car,0 days 00:01:30.874000,0 days 01:49:23.414000,4936.7319444444465,27.0
2023-10-22 19:50:25.847,10585,202,6,0,True,0,car,0 days 00:01:31.074000,0 days 01:49:23.614000,4947.954166666669,27.0
2023-10-22 19:50:26.007,10364,198,5,0,False,0,car,0 days 00:01:31.234000,0 days 01:49:23.774000,4956.754166666669,27.0
2023-10-22 19:50:26.287,9908,191,5,3,False,0,car,0 days 00:01:31.514000,0 days 01:49:24.054000,4971.609722222225,27.0
2023-10-22 19:50:26.687,10004,185,5,52,False,0,car,0 days 00:01:31.914000,0 days 01:49:24.454000,4992.165277777781,27.0
2023-10-22 19:50:27.047,10221,185,5,59,False,0,car,0 days 00:01:32.274000,0 days 01:49:24.814000,5010.665277777781,27.0
2023-10-22 19:50:27.287,10549,188,5,91,False,0,car,0 days 00:01:32.514000,0 days 01:49:25.054000,5023.198611111114,27.0
2023-10-22 19:50:27.647,10887,197,5,100,False,0,car,0 days 00:01:32.874000,0 days 01:49:25.414000,5042.8986111111135,27.0
2023-10-22 19:50:27.887,11173,202,5,100,False,0,car,0 days 00:01:33.114000,0 days 01:49:25.654000,5056.365277777781,27.0
2023-10-22 19:50:28.127,11202,209,5,100,False,0,car,0 days 00:01:33.354000,0 days 01:49:25.894000,5070.298611111114,27.0
2023-10-22 19:50:28.327,11458,209,5,100,False,0,car,0 days 00:01:33.554000,0 days 01:49:26.094000,5081.909722222225,27.0
2023-10-22 19:50:28.727,10401,218,5,100,False,0,car,0 days 00:01:33.954000,0 days 01:49:26.494000,5106.131944444447,27.0
2023-10-22 19:50:28.928,10546,221,6,100,False,0,car,0 days 00:01:34.155000,0 days 01:49:26.695000,5118.471111111115,27.0
2023-10-22 19:50:29.128,10647,225,6,100,False,0,car,0 days 00:01:34.355000,0 days 01:49:26.895000,5130.971111111115,27.0
2023-10-22 19:50:29.288,10647,227,6,100,False,0,car,0 days 00:01:34.515000,0 days 01:49:27.055000,5141.060000000003,27.0
2023-10-22 19:50:29.648,11024,233,6,100,False,0,car,0 days 00:01:34.875000,0 days 01:49:27.415000,5164.360000000003,27.0
2023-10-22 19:50:29.928,10751,226,6,0,True,0,car,0 days 00:01:35.155000,0 days 01:49:27.695000,5181.937777777781,27.0
2023-10-22 19:50:30.128,10992,205,6,0,True,0,car,0 days 00:01:35.355000,0 days 01:49:27.895000,5193.32666666667,27.0
2023-10-22 19:50:30.568,10010,166,5,0,True,0,car,0 days 00:01:35.795000,0 days 01:49:28.335000,5213.615555555559,27.0
2023-10-22 19:50:30.768,10378,157,4,0,True,0,car,0 days 00:01:35.995000,0 days 01:49:28.535000,5222.337777777781,27.0
2023-10-22 19:50:30.968,9362,135,4,0,True,0,car,0 days 00:01:36.195000,0 days 01:49:28.735000,5229.837777777781,27.0
2023-10-22 19:50:31.128,8751,129,3,0,True,0,car,0 days 00:01:36.355000,0 days 01:49:28.895000,5235.571111111115,27.0
2023-10-22 19:50:31.368,8103,116,3,0,True,0,car,0 days 00:01:36.595000,0 days 01:49:29.135000,5243.304444444449,27.0
2023-10-22 19:50:31.528,7653,109,3,0,True,0,car,0 days 00:01:36.755000,0 days 01:49:29.295000,5248.1488888888925,27.0
2023-10-22 19:50:31.967,7118,101,3,0,True,0,car,0 days 00:01:37.194000,0 days 01:49:29.734000,5260.465277777782,27.0
2023-10-22 19:50:32.367,6519,92,3,0,False,0,car,0 days 00:01:37.594000,0 days 01:49:30.134000,5270.687500000004,27.0
2023-10-22 19:50:32.567,6397,89,3,0,False,0,car,0 days 00:01:37.794000,0 days 01:49:30.334000,5275.631944444448,27.0
2023-10-22 19:50:33.007,6817,88,3,31,False,0,car,0 days 00:01:38.234000,0 days 01:49:30.774000,5286.3875000000035,27.0
2023-10-22 19:50:33.207,7046,90,3,37,False,0,car,0 days 00:01:38.434000,0 days 01:49:30.974000,5291.3875000000035,27.0
2023-10-22 19:50:33.407,7193,93,3,42,False,0,car,0 days 00:01:38.634000,0 days 01:49:31.174000,5296.55416666667,27.0
2023-10-22 19:50:33.647,7596,100,3,46,False,0,car,0 days 00:01:38.874000,0 days 01:49:31.414000,5303.220833333337,27.0
2023-10-22 19:50:33.807,7953,102,3,53,False,0,car,0 days 00:01:39.034000,0 days 01:49:31.574000,5307.754166666671,27.0
2023-10-22 19:50:34.047,8615,111,3,58,False,0,car,0 days 00:01:39.274000,0 days 01:49:31.814000,5315.154166666671,27.0
2023-10-22 19:50:34.527,9894,131,3,77,False,0,car,0 days 00:01:39.754000,0 days 01:49:32.294000,5332.620833333338,27.0
2023-10-22 19:50:35.367,10810,168,3,100,False,0,car,0 days 00:01:40.594000,0 days 01:49:33.134000,5371.820833333338,27.0
2023-10-22 19:50:35.608,11354,175,4,100,False,0,car,0 days 00:01:40.835000,0 days 01:49:33.375000,5383.536111111115,27.0
2023-10-22 19:50:35.848,11033,186,4,100,False,0,car,0 days 00:01:41.075000,0 days 01:49:33.615000,5395.936111111116,27.0
2023-10-22 19:50:36.248,10924,200,5,100,False,0,car,0 days 00:01:41.475000,0 days 01:49:34.015000,5418.158333333337,27.0
2023-10-22 19:50:36.608,11318,209,5,100,False,0,car,0 days 00:01:41.835000,0 days 01:49:34.375000,5439.058333333337,27.0
2023-10-22 19:50:36.768,10618,214,5,100,False,0,car,0 days 00:00:00.064000,0 days 01:49:34.535000,3.8044444444444445,28.0
2023-10-22 19:50:37.088,10532,221,6,100,False,0,car,0 days 00:00:00.384000,0 days 01:49:34.855000,23.448888888888888,28.0
2023-10-22 19:50:37.248,10734,226,6,100,False,0,car,0 days 00:00:00.544000,0 days 01:49:35.015000,33.49333333333333,28.0
2023-10-22 19:50:37.528,10734,232,6,100,False,0,car,0 days 00:00:00.824000,0 days 01:49:35.295000,51.53777777777777,28.0
2023-10-22 19:50:37.808,11324,236,6,100,False,0,car,0 days 00:00:01.104000,0 days 01:49:35.575000,69.89333333333333,28.0
2023-10-22 19:50:37.968,11402,238,6,100,False,0,car,0 days 00:00:01.264000,0 days 01:49:35.735000,80.4711111111111,28.0
2023-10-22 19:50:38.248,11582,244,6,100,False,0,car,0 days 00:00:01.544000,0 days 01:49:36.015000,99.44888888888887,28.0
2023-10-22 19:50:38.408,11582,246,6,100,False,0,car,0 days 00:00:01.704000,0 days 01:49:36.175000,110.3822222222222,28.0
2023-10-22 19:50:38.687,10882,251,6,100,False,0,car,0 days 00:00:01.983000,0 days 01:49:36.454000,129.8347222222222,28.0
2023-10-22 19:50:38.847,10551,254,7,99,False,0,car,0 days 00:00:02.143000,0 days 01:49:36.614000,141.12361111111107,28.0
2023-10-22 19:50:39.327,10849,261,7,100,False,0,car,0 days 00:00:02.623000,0 days 01:49:37.094000,175.92361111111111,28.0
2023-10-22 19:50:39.687,10988,263,7,100,False,0,car,0 days 00:00:02.983000,0 days 01:49:37.454000,202.2236111111111,28.0
2023-10-22 19:50:40.047,11003,269,7,100,False,0,car,0 days 00:00:03.343000,0 days 01:49:37.814000,229.12361111111107,28.0
2023-10-22 19:50:40.327,11321,272,7,100,False,0,car,0 days 00:00:03.623000,0 days 01:49:38.094000,250.27916666666664,28.0
2023-10-22 19:50:40.567,11434,274,7,100,False,0,car,0 days 00:00:03.863000,0 days 01:49:38.334000,268.5458333333333,28.0
2023-10-22 19:50:40.727,11430,274,7,100,False,0,car,0 days 00:00:04.023000,0 days 01:49:38.494000,280.72361111111104,28.0
2023-10-22 19:50:40.887,11508,276,7,100,False,0,car,0 days 00:00:04.183000,0 days 01:49:38.654000,292.9902777777777,28.0
2023-10-22 19:50:41.367,10873,279,7,100,False,0,car,0 days 00:00:04.663000,0 days 01:49:39.134000,330.19027777777774,28.0
2023-10-22 19:50:41.527,10382,281,8,100,False,0,car,0 days 00:00:04.823000,0 days 01:49:39.294000,342.6791666666666,28.0
2023-10-22 19:50:41.927,10377,282,8,100,False,0,car,0 days 00:00:05.223000,0 days 01:49:39.694000,374.01249999999993,28.0
2023-10-22 19:50:42.408,10389,283,8,100,False,0,car,0 days 00:00:05.704000,0 days 01:49:40.175000,411.82444444444434,28.0
2023-10-22 19:50:42.568,10389,283,8,100,False,0,car,0 days 00:00:05.864000,0 days 01:49:40.335000,424.4022222222221,28.0
2023-10-22 19:50:42.808,10364,282,8,100,False,0,car,0 days 00:00:06.104000,0 days 01:49:40.575000,443.20222222222213,28.0
2023-10-22 19:50:42.968,10327,282,8,100,False,0,car,0 days 00:00:06.264000,0 days 01:49:40.735000,455.7355555555555,28.0
2023-10-22 19:50:43.248,10305,280,8,100,False,0,car,0 days 00:00:06.544000,0 days 01:49:41.015000,477.5133333333332,28.0
2023-10-22 19:50:43.448,10018,280,8,0,False,0,car,0 days 00:00:06.744000,0 days 01:49:41.215000,493.06888888888875,28.0
2023-10-22 19:50:43.608,10112,275,8,0,False,0,car,0 days 00:00:06.904000,0 days 01:49:41.375000,505.291111111111,28.0
2023-10-22 19:50:43.968,8927,250,8,0,True,0,car,0 days 00:00:07.264000,0 days 01:49:41.735000,530.291111111111,28.0
2023-10-22 19:50:44.128,8574,226,8,0,True,0,car,0 days 00:00:07.424000,0 days 01:49:41.895000,540.3355555555555,28.0
2023-10-22 19:50:44.328,8938,203,7,0,True,0,car,0 days 00:00:07.624000,0 days 01:49:42.095000,551.6133333333332,28.0
2023-10-22 19:50:44.568,8385,183,7,0,True,0,car,0 days 00:00:07.864000,0 days 01:49:42.335000,563.8133333333333,28.0
2023-10-22 19:50:44.848,8093,156,6,0,True,0,car,0 days 00:00:08.144000,0 days 01:49:42.615000,575.9466666666666,28.0
2023-10-22 19:50:45.088,8618,142,5,0,True,0,car,0 days 00:00:08.384000,0 days 01:49:42.855000,585.4133333333333,28.0
2023-10-22 19:50:45.247,9051,130,5,0,True,0,car,0 days 00:00:08.543000,0 days 01:49:43.014000,591.155,28.0
2023-10-22 19:50:45.567,7948,115,3,0,True,0,car,0 days 00:00:08.863000,0 days 01:49:43.334000,601.3772222222223,28.0
2023-10-22 19:50:45.847,7187,103,3,0,True,0,car,0 days 00:00:09.143000,0 days 01:49:43.614000,609.3883333333334,28.0
2023-10-22 19:50:46.007,6963,100,3,0,True,0,car,0 days 00:00:09.303000,0 days 01:49:43.774000,613.8327777777779,28.0
2023-10-22 19:50:46.327,6303,91,3,0,True,0,car,0 days 00:00:09.623000,0 days 01:49:44.094000,621.9216666666667,28.0
2023-10-22 19:50:46.727,5979,86,3,0,False,0,car,0 days 00:00:10.023000,0 days 01:49:44.494000,631.4772222222223,28.0
2023-10-22 19:50:46.887,5718,86,3,0,False,0,car,0 days 00:00:10.183000,0 days 01:49:44.654000,635.2994444444445,28.0
2023-10-22 19:50:47.207,5553,79,3,0,False,0,car,0 days 00:00:10.503000,0 days 01:49:44.974000,642.3216666666667,28.0
2023-10-22 19:50:47.447,6038,77,3,13,False,0,car,0 days 00:00:10.743000,0 days 01:49:45.214000,647.455,28.0
2023-10-22 19:50:47.647,5631,78,3,20,False,0,car,0 days 00:00:10.943000,0 days 01:49:45.414000,651.7883333333334,28.0
2023-10-22 19:50:47.927,6169,81,3,32,False,0,car,0 days 00:00:11.223000,0 days 01:49:45.694000,658.0883333333335,28.0
2023-10-22 19:50:48.287,6873,88,3,42,False,0,car,0 days 00:00:11.583000,0 days 01:49:46.054000,666.8883333333334,28.0
2023-10-22 19:50:48.487,7286,93,3,44,False,0,car,0 days 00:00:11.783000,0 days 01:49:46.254000,672.0550000000001,28.0
2023-10-22 19:50:48.808,7966,101,3,51,False,0,car,0 days 00:00:12.104000,0 days 01:49:46.575000,681.0608333333333,28.0
2023-10-22 19:50:48.968,8448,107,3,53,False,0,car,0 days 00:00:12.264000,0 days 01:49:46.735000,685.8163888888889,28.0
2023-10-22 19:50:49.168,9025,114,3,59,False,0,car,0 days 00:00:12.464000,0 days 01:49:46.935000,692.1497222222223,28.0
2023-10-22 19:50:49.328,9565,121,3,64,False,0,car,0 days 00:00:12.624000,0 days 01:49:47.095000,697.5275,28.0
2023-10-22 19:50:49.608,9910,129,3,69,False,0,car,0 days 00:00:12.904000,0 days 01:49:47.375000,707.5608333333333,28.0
2023-10-22 19:50:50.048,10709,147,3,99,False,0,car,0 days 00:00:13.344000,0 days 01:49:47.815000,725.5275,28.0
2023-10-22 19:50:50.328,10592,166,4,99,False,0,car,0 days 00:00:13.624000,0 days 01:49:48.095000,738.4386111111112,28.0
2023-10-22 19:50:50.608,11208,177,4,100,False,0,car,0 days 00:00:13.904000,0 days 01:49:48.375000,752.2052777777778,28.0
2023-10-22 19:50:50.888,10559,190,5,100,False,0,car,0 days 00:00:14.184000,0 days 01:49:48.655000,766.9830555555556,28.0
2023-10-22 19:50:51.088,10699,197,5,100,False,0,car,0 days 00:00:14.384000,0 days 01:49:48.855000,777.9275,28.0
2023-10-22 19:50:51.288,11191,201,5,99,False,0,car,0 days 00:00:14.584000,0 days 01:49:49.055000,789.0941666666666,28.0
2023-10-22 19:50:51.488,10351,210,5,99,False,0,car,0 days 00:00:14.784000,0 days 01:49:49.255000,800.7608333333334,28.0
2023-10-22 19:50:51.728,10504,219,6,99,False,0,car,0 days 00:00:15.024000,0 days 01:49:49.495000,815.3608333333333,28.0
2023-10-22 19:50:52.167,11073,227,6,100,False,0,car,0 days 00:00:15.463000,0 days 01:49:49.934000,843.0422222222222,28.0
2023-10-22 19:50:52.327,11041,231,6,100,False,0,car,0 days 00:00:15.623000,0 days 01:49:50.094000,853.3088888888889,28.0
2023-10-22 19:50:52.567,11150,236,6,100,False,0,car,0 days 00:00:15.863000,0 days 01:49:50.334000,869.0422222222222,28.0
2023-10-22 19:50:52.967,11575,243,6,100,False,0,car,0 days 00:00:16.263000,0 days 01:49:50.734000,896.0422222222223,28.0
2023-10-22 19:50:53.167,11662,245,6,99,False,0,car,0 days 00:00:16.463000,0 days 01:49:50.934000,909.6533333333334,28.0
2023-10-22 19:50:53.527,10482,249,6,100,False,0,car,0 days 00:00:16.823000,0 days 01:49:51.294000,934.5533333333334,28.0
2023-10-22 19:50:53.727,10488,253,7,99,False,0,car,0 days 00:00:17.023000,0 days 01:49:51.494000,948.6088888888889,28.0
2023-10-22 19:50:54.047,10668,257,7,100,False,0,car,0 days 00:00:17.343000,0 days 01:49:51.814000,971.4533333333334,28.0
2023-10-22 19:50:54.407,10835,261,7,100,False,0,car,0 days 00:00:17.703000,0 days 01:49:52.174000,997.5533333333333,28.0
2023-10-22 19:50:54.687,10965,263,7,100,False,0,car,0 days 00:00:17.983000,0 days 01:49:52.454000,1018.0088888888889,28.0
2023-10-22 19:50:54.967,11108,266,7,100,False,0,car,0 days 00:00:18.263000,0 days 01:49:52.734000,1038.697777777778,28.0
2023-10-22 19:50:55.207,11222,269,7,100,False,0,car,0 days 00:00:18.503000,0 days 01:49:52.974000,1056.631111111111,28.0
2023-10-22 19:50:55.368,11148,272,7,100,False,0,car,0 days 00:00:18.664000,0 days 01:49:53.135000,1068.7955555555557,28.0
2023-10-22 19:50:55.688,11258,271,7,100,False,0,car,0 days 00:00:18.984000,0 days 01:49:53.455000,1092.8844444444446,28.0
2023-10-22 19:50:56.088,11265,272,7,99,False,0,car,0 days 00:00:19.384000,0 days 01:49:53.855000,1123.1066666666668,28.0
2023-10-22 19:50:56.328,11293,271,7,82,False,0,car,0 days 00:00:19.624000,0 days 01:49:54.095000,1141.1733333333334,28.0
2023-10-22 19:50:56.488,11224,269,7,69,False,0,car,0 days 00:00:19.784000,0 days 01:49:54.255000,1153.128888888889,28.0
2023-10-22 19:50:56.848,11126,268,7,100,False,0,car,0 days 00:00:20.144000,0 days 01:49:54.615000,1179.9288888888889,28.0
2023-10-22 19:50:57.288,10818,268,7,10,True,0,car,0 days 00:00:20.584000,0 days 01:49:55.055000,1212.6844444444446,28.0
2023-10-22 19:50:57.448,10624,260,7,21,True,0,car,0 days 00:00:20.744000,0 days 01:49:55.215000,1224.2400000000002,28.0
2023-10-22 19:50:57.648,10517,255,7,42,False,0,car,0 days 00:00:20.944000,0 days 01:49:55.415000,1238.4066666666668,28.0
2023-10-22 19:50:57.928,10571,252,7,59,False,0,car,0 days 00:00:21.224000,0 days 01:49:55.695000,1258.006666666667,28.0
2023-10-22 19:50:58.368,10571,251,7,11,True,0,car,0 days 00:00:21.664000,0 days 01:49:56.135000,1288.6844444444448,28.0
2023-10-22 19:50:58.568,9935,245,7,1,True,0,car,0 days 00:00:21.864000,0 days 01:49:56.335000,1302.295555555556,28.0
2023-10-22 19:50:58.967,9888,232,7,28,False,0,car,0 days 00:00:22.263000,0 days 01:49:56.734000,1328.0088888888893,28.0
2023-10-22 19:50:59.407,9502,225,7,63,False,0,car,0 days 00:00:22.703000,0 days 01:49:57.174000,1355.508888888889,28.0
2023-10-22 19:50:59.607,9529,226,7,72,False,0,car,0 days 00:00:22.903000,0 days 01:49:57.374000,1368.0644444444445,28.0
2023-10-22 19:50:59.807,9541,228,7,78,False,0,car,0 days 00:00:23.103000,0 days 01:49:57.574000,1380.7311111111112,28.0
2023-10-22 19:50:59.967,9601,231,7,70,False,0,car,0 days 00:00:23.263000,0 days 01:49:57.734000,1390.9977777777779,28.0
2023-10-22 19:51:00.167,9523,232,7,0,True,0,car,0 days 00:00:23.463000,0 days 01:49:57.934000,1403.8866666666668,28.0
2023-10-22 19:51:00.567,10311,220,6,5,False,0,car,0 days 00:00:23.863000,0 days 01:49:58.334000,1428.331111111111,28.0
2023-10-22 19:51:00.767,10078,216,6,0,True,0,car,0 days 00:00:24.063000,0 days 01:49:58.534000,1440.331111111111,28.0
2023-10-22 19:51:00.927,9647,209,6,0,True,0,car,0 days 00:00:24.223000,0 days 01:49:58.694000,1449.6200000000001,28.0
2023-10-22 19:51:01.207,10966,209,6,0,True,0,car,0 days 00:00:24.503000,0 days 01:49:58.974000,1465.8755555555558,28.0
2023-10-22 19:51:01.487,10365,196,5,9,False,0,car,0 days 00:00:24.783000,0 days 01:49:59.254000,1481.1200000000003,28.0
2023-10-22 19:51:02.448,10797,195,5,79,False,0,car,0 days 00:00:25.744000,0 days 01:50:00.215000,1533.174166666667,28.0
2023-10-22 19:51:02.608,11112,198,5,85,False,0,car,0 days 00:00:25.904000,0 days 01:50:00.375000,1541.9741666666669,28.0
2023-10-22 19:51:02.968,10100,204,6,84,False,0,car,0 days 00:00:26.264000,0 days 01:50:00.735000,1562.3741666666667,28.0
2023-10-22 19:51:03.208,9867,206,6,82,False,0,car,0 days 00:00:26.504000,0 days 01:50:00.975000,1576.1075,28.0
2023-10-22 19:51:03.368,9877,210,6,82,False,0,car,0 days 00:00:26.664000,0 days 01:50:01.135000,1585.4408333333333,28.0
2023-10-22 19:51:03.648,10206,213,6,100,False,0,car,0 days 00:00:26.944000,0 days 01:50:01.415000,1602.0075,28.0
2023-10-22 19:51:03.928,10328,219,6,100,False,0,car,0 days 00:00:27.224000,0 days 01:50:01.695000,1619.0408333333332,28.0
2023-10-22 19:51:04.288,9872,214,6,4,True,0,car,0 days 00:00:27.584000,0 days 01:50:02.055000,1640.440833333333,28.0
2023-10-22 19:51:04.528,10764,203,5,0,True,0,car,0 days 00:00:27.824000,0 days 01:50:02.295000,1653.9741666666666,28.0
2023-10-22 19:51:04.848,10409,193,5,0,True,0,car,0 days 00:00:28.144000,0 days 01:50:02.615000,1671.129722222222,28.0
2023-10-22 19:51:05.088,9879,189,5,0,False,0,car,0 days 00:00:28.384000,0 days 01:50:02.855000,1683.729722222222,28.0
2023-10-22 19:51:05.527,9972,181,5,50,False,0,car,0 days 00:00:28.823000,0 days 01:50:03.294000,1705.8016666666665,28.0
2023-10-22 19:51:05.887,9939,181,5,64,False,0,car,0 days 00:00:29.183000,0 days 01:50:03.654000,1723.9016666666664,28.0
2023-10-22 19:51:06.127,10271,187,5,71,False,0,car,0 days 00:00:29.423000,0 days 01:50:03.894000,1736.368333333333,28.0
2023-10-22 19:51:06.567,10425,193,5,71,False,0,car,0 days 00:00:29.863000,0 days 01:50:04.334000,1759.957222222222,28.0
2023-10-22 19:51:06.847,9715,191,5,0,True,0,car,0 days 00:00:30.143000,0 days 01:50:04.614000,1774.8127777777777,28.0
2023-10-22 19:51:07.207,10407,176,4,0,True,0,car,0 days 00:00:30.503000,0 days 01:50:04.974000,1792.4127777777776,28.0
2023-10-22 19:51:07.487,9692,163,4,0,True,0,car,0 days 00:00:30.783000,0 days 01:50:05.254000,1805.0905555555555,28.0
2023-10-22 19:51:07.767,9246,152,4,0,True,0,car,0 days 00:00:31.063000,0 days 01:50:05.534000,1816.9127777777776,28.0
2023-10-22 19:51:07.967,9249,149,4,1,False,0,car,0 days 00:00:31.263000,0 days 01:50:05.734000,1825.1905555555554,28.0
2023-10-22 19:51:08.408,8360,138,4,0,False,0,car,0 days 00:00:31.704000,0 days 01:50:06.175000,1842.0955555555554,28.0
2023-10-22 19:51:08.608,8128,136,4,0,False,0,car,0 days 00:00:31.904000,0 days 01:50:06.375000,1849.6511111111108,28.0
2023-10-22 19:51:08.968,7874,129,4,14,False,0,car,0 days 00:00:32.264000,0 days 01:50:06.735000,1862.551111111111,28.0
2023-10-22 19:51:09.208,8190,126,4,37,False,0,car,0 days 00:00:32.504000,0 days 01:50:06.975000,1870.9511111111108,28.0
2023-10-22 19:51:09.408,8217,128,4,44,False,0,car,0 days 00:00:32.704000,0 days 01:50:07.175000,1878.062222222222,28.0
2023-10-22 19:51:09.648,8243,132,4,48,False,0,car,0 days 00:00:32.944000,0 days 01:50:07.415000,1886.8622222222223,28.0
2023-10-22 19:51:09.928,8740,138,4,71,False,0,car,0 days 00:00:33.224000,0 days 01:50:07.695000,1897.5955555555554,28.0
2023-10-22 19:51:10.328,9376,153,4,82,False,0,car,0 days 00:00:33.624000,0 days 01:50:08.095000,1914.5955555555556,28.0
2023-10-22 19:51:10.688,10075,157,4,50,False,0,car,0 days 00:00:33.984000,0 days 01:50:08.455000,1930.2955555555557,28.0
2023-10-22 19:51:10.848,10227,157,4,50,False,0,car,0 days 00:00:34.144000,0 days 01:50:08.615000,1937.2733333333333,28.0
2023-10-22 19:51:11.008,10371,159,4,51,False,0,car,0 days 00:00:34.304000,0 days 01:50:08.775000,1944.3400000000001,28.0
2023-10-22 19:51:11.248,10698,160,4,57,False,0,car,0 days 00:00:34.544000,0 days 01:50:09.015000,1955.0066666666667,28.0
2023-10-22 19:51:11.448,10621,164,4,72,False,0,car,0 days 00:00:34.744000,0 days 01:50:09.215000,1964.117777777778,28.0
2023-10-22 19:51:11.768,11299,174,4,96,False,0,car,0 days 00:00:35.064000,0 days 01:50:09.535000,1979.5844444444447,28.0
2023-10-22 19:51:12.048,10648,184,4,100,False,0,car,0 days 00:00:35.344000,0 days 01:50:09.815000,1993.8955555555558,28.0
2023-10-22 19:51:12.327,10215,192,5,100,False,0,car,0 days 00:00:35.623000,0 days 01:50:10.094000,2008.7755555555557,28.0
2023-10-22 19:51:12.647,11127,203,5,100,False,0,car,0 days 00:00:35.943000,0 days 01:50:10.414000,2026.8200000000002,28.0
2023-10-22 19:51:12.887,11287,207,5,100,False,0,car,0 days 00:00:36.183000,0 days 01:50:10.654000,2040.6200000000003,28.0
2023-10-22 19:51:13.407,10717,222,6,100,False,0,car,0 days 00:00:36.703000,0 days 01:50:11.174000,2072.6866666666674,28.0
2023-10-22 19:51:13.807,11204,232,6,100,False,0,car,0 days 00:00:37.103000,0 days 01:50:11.574000,2098.4644444444452,28.0
2023-10-22 19:51:14.127,11188,240,6,99,False,0,car,0 days 00:00:37.423000,0 days 01:50:11.894000,2119.7977777777787,28.0
2023-10-22 19:51:14.287,11549,241,6,100,False,0,car,0 days 00:00:37.583000,0 days 01:50:12.054000,2130.5088888888895,28.0
2023-10-22 19:51:14.487,10851,244,7,99,False,0,car,0 days 00:00:37.783000,0 days 01:50:12.254000,2144.064444444445,28.0
2023-10-22 19:51:14.687,10390,246,7,100,False,0,car,0 days 00:00:37.983000,0 days 01:50:12.454000,2157.7311111111117,28.0
2023-10-22 19:51:15.048,10566,254,7,100,False,0,car,0 days 00:00:38.344000,0 days 01:50:12.815000,2183.2016666666677,28.0
2023-10-22 19:51:15.288,10733,257,7,99,False,0,car,0 days 00:00:38.584000,0 days 01:50:13.055000,2200.3350000000014,28.0
2023-10-22 19:51:15.488,10843,260,7,100,False,0,car,0 days 00:00:38.784000,0 days 01:50:13.255000,2214.7794444444457,28.0
2023-10-22 19:51:15.768,10916,264,7,99,False,0,car,0 days 00:00:39.064000,0 days 01:50:13.535000,2235.312777777779,28.0
2023-10-22 19:51:16.168,11138,268,7,100,False,0,car,0 days 00:00:39.464000,0 days 01:50:13.935000,2265.090555555557,28.0
2023-10-22 19:51:16.368,11293,272,7,100,False,0,car,0 days 00:00:39.664000,0 days 01:50:14.135000,2280.201666666668,28.0
2023-10-22 19:51:16.568,11183,273,7,99,False,0,car,0 days 00:00:39.864000,0 days 01:50:14.335000,2295.3683333333347,28.0
2023-10-22 19:51:16.768,10151,276,7,99,False,0,car,0 days 00:00:40.064000,0 days 01:50:14.535000,2310.701666666668,28.0
2023-10-22 19:51:17.088,10306,279,8,99,False,0,car,0 days 00:00:40.384000,0 days 01:50:14.855000,2335.5016666666684,28.0
2023-10-22 19:51:17.248,10346,281,8,100,False,0,car,0 days 00:00:40.544000,0 days 01:50:15.015000,2347.990555555557,28.0
2023-10-22 19:51:17.488,10454,283,8,98,False,0,car,0 days 00:00:40.784000,0 days 01:50:15.255000,2366.8572222222238,28.0
2023-10-22 19:51:17.888,9899,278,8,0,False,0,car,0 days 00:00:41.184000,0 days 01:50:15.655000,2397.7461111111124,28.0
2023-10-22 19:51:18.128,10051,254,8,0,True,0,car,0 days 00:00:41.424000,0 days 01:50:15.895000,2414.679444444446,28.0
2023-10-22 19:51:18.488,10020,218,8,0,True,0,car,0 days 00:00:41.784000,0 days 01:50:16.255000,2436.479444444446,28.0
2023-10-22 19:51:18.768,10076,198,6,0,True,0,car,0 days 00:00:42.064000,0 days 01:50:16.535000,2451.879444444446,28.0
2023-10-22 19:51:19.127,9264,157,5,0,True,0,car,0 days 00:00:42.423000,0 days 01:50:16.894000,2467.535833333335,28.0
2023-10-22 19:51:19.487,9533,135,4,0,True,0,car,0 days 00:00:42.783000,0 days 01:50:17.254000,2481.035833333335,28.0
2023-10-22 19:51:19.687,8519,122,3,0,True,0,car,0 days 00:00:42.983000,0 days 01:50:17.454000,2487.813611111113,28.0
2023-10-22 19:51:19.887,7611,117,3,0,True,0,car,0 days 00:00:43.183000,0 days 01:50:17.654000,2494.313611111113,28.0
2023-10-22 19:51:20.167,6819,99,3,0,True,0,car,0 days 00:00:43.463000,0 days 01:50:17.934000,2502.013611111113,28.0
2023-10-22 19:51:20.327,6469,99,3,0,True,0,car,0 days 00:00:43.623000,0 days 01:50:18.094000,2506.413611111113,28.0
2023-10-22 19:51:20.487,6213,90,3,0,True,0,car,0 days 00:00:43.783000,0 days 01:50:18.254000,2510.413611111113,28.0
2023-10-22 19:51:20.767,5878,83,3,0,True,0,car,0 days 00:00:44.063000,0 days 01:50:18.534000,2516.8691666666687,28.0
2023-10-22 19:51:20.967,5522,78,3,0,True,0,car,0 days 00:00:44.263000,0 days 01:50:18.734000,2521.2025000000017,28.0
2023-10-22 19:51:21.207,5100,75,3,0,False,0,car,0 days 00:00:44.503000,0 days 01:50:18.974000,2526.2025000000017,28.0
2023-10-22 19:51:21.367,5201,75,3,0,False,0,car,0 days 00:00:44.663000,0 days 01:50:19.134000,2529.535833333335,28.0
2023-10-22 19:51:21.688,4810,71,3,0,False,0,car,0 days 00:00:44.984000,0 days 01:50:19.455000,2535.8666666666686,28.0
2023-10-22 19:51:21.888,4867,67,3,1,False,0,car,0 days 00:00:45.184000,0 days 01:50:19.655000,2539.588888888891,28.0
2023-10-22 19:51:22.168,5023,68,3,11,False,0,car,0 days 00:00:45.464000,0 days 01:50:19.935000,2544.8777777777796,28.0
2023-10-22 19:51:22.448,5474,72,3,21,False,0,car,0 days 00:00:45.744000,0 days 01:50:20.215000,2550.4777777777795,28.0
2023-10-22 19:51:22.608,5514,73,3,27,False,0,car,0 days 00:00:45.904000,0 days 01:50:20.375000,2553.722222222224,28.0
2023-10-22 19:51:22.768,5813,74,3,30,False,0,car,0 days 00:00:46.064000,0 days 01:50:20.535000,2557.0111111111128,28.0
2023-10-22 19:51:22.968,6249,78,3,35,False,0,car,0 days 00:00:46.264000,0 days 01:50:20.735000,2561.3444444444463,28.0
2023-10-22 19:51:23.208,6795,85,3,41,False,0,car,0 days 00:00:46.504000,0 days 01:50:20.975000,2567.0111111111128,28.0
2023-10-22 19:51:23.448,6902,92,3,42,False,0,car,0 days 00:00:46.744000,0 days 01:50:21.215000,2573.144444444446,28.0
2023-10-22 19:51:23.608,7584,95,3,48,False,0,car,0 days 00:00:46.904000,0 days 01:50:21.375000,2577.366666666668,28.0
2023-10-22 19:51:23.808,8225,102,3,54,False,0,car,0 days 00:00:47.104000,0 days 01:50:21.575000,2583.0333333333347,28.0
2023-10-22 19:51:24.088,8755,113,3,62,False,0,car,0 days 00:00:47.384000,0 days 01:50:21.855000,2591.8222222222234,28.0
2023-10-22 19:51:24.328,9867,125,3,69,False,0,car,0 days 00:00:47.624000,0 days 01:50:22.095000,2600.155555555557,28.0
2023-10-22 19:51:24.528,10003,135,3,75,False,0,car,0 days 00:00:47.824000,0 days 01:50:22.295000,2607.655555555557,28.0
2023-10-22 19:51:24.808,11214,145,3,98,False,0,car,0 days 00:00:48.104000,0 days 01:50:22.575000,2618.9333333333348,28.0
2023-10-22 19:51:24.968,10654,154,3,100,False,0,car,0 days 00:00:48.264000,0 days 01:50:22.735000,2625.777777777779,28.0
2023-10-22 19:51:25.208,10840,160,3,100,False,0,car,0 days 00:00:48.504000,0 days 01:50:22.975000,2636.4444444444457,28.0
2023-10-22 19:51:25.488,10980,177,4,100,False,0,car,0 days 00:00:48.784000,0 days 01:50:23.255000,2650.2111111111126,28.0
2023-10-22 19:51:25.807,11767,185,4,100,False,0,car,0 days 00:00:49.103000,0 days 01:50:23.574000,2666.6041666666683,28.0
2023-10-22 19:51:26.007,10635,196,5,100,False,0,car,0 days 00:00:49.303000,0 days 01:50:23.774000,2677.493055555557,28.0
2023-10-22 19:51:26.287,11401,207,5,100,False,0,car,0 days 00:00:49.583000,0 days 01:50:24.054000,2693.593055555557,28.0
2023-10-22 19:51:26.447,11659,213,5,100,False,0,car,0 days 00:00:49.743000,0 days 01:50:24.214000,2703.0597222222236,28.0
2023-10-22 19:51:26.807,10636,218,6,100,False,0,car,0 days 00:00:50.103000,0 days 01:50:24.574000,2724.859722222224,28.0
2023-10-22 19:51:27.047,10863,218,6,100,False,0,car,0 days 00:00:50.343000,0 days 01:50:24.814000,2739.393055555557,28.0
2023-10-22 19:51:27.287,11189,233,6,100,False,0,car,0 days 00:00:50.583000,0 days 01:50:25.054000,2754.92638888889,28.0
2023-10-22 19:51:27.527,11337,240,6,100,False,0,car,0 days 00:00:50.823000,0 days 01:50:25.294000,2770.92638888889,28.0
2023-10-22 19:51:27.727,11507,243,6,100,False,0,car,0 days 00:00:51.023000,0 days 01:50:25.494000,2784.42638888889,28.0
2023-10-22 19:51:27.967,10859,246,6,100,False,0,car,0 days 00:00:51.263000,0 days 01:50:25.734000,2800.8263888888896,28.0
2023-10-22 19:51:28.208,10460,250,7,100,False,0,car,0 days 00:00:51.504000,0 days 01:50:25.975000,2817.562500000001,28.0
2023-10-22 19:51:28.448,10580,254,7,100,False,0,car,0 days 00:00:51.744000,0 days 01:50:26.215000,2834.4958333333343,28.0
2023-10-22 19:51:28.808,10696,256,7,100,False,0,car,0 days 00:00:52.104000,0 days 01:50:26.575000,2860.095833333334,28.0
2023-10-22 19:51:29.048,10887,263,7,100,False,0,car,0 days 00:00:52.344000,0 days 01:50:26.815000,2877.6291666666675,28.0
2023-10-22 19:51:29.208,10984,263,7,100,False,0,car,0 days 00:00:52.504000,0 days 01:50:26.975000,2889.318055555556,28.0
2023-10-22 19:51:29.408,11080,265,7,100,False,0,car,0 days 00:00:52.704000,0 days 01:50:27.175000,2904.0402777777786,28.0
2023-10-22 19:51:29.768,11488,269,7,100,False,0,car,0 days 00:00:53.064000,0 days 01:50:27.535000,2930.9402777777786,28.0
2023-10-22 19:51:30.048,11263,272,7,100,False,0,car,0 days 00:00:53.344000,0 days 01:50:27.815000,2952.095833333334,28.0
2023-10-22 19:51:30.288,11382,273,7,99,False,0,car,0 days 00:00:53.584000,0 days 01:50:28.055000,2970.2958333333345,28.0
2023-10-22 19:51:30.568,11492,276,7,100,False,0,car,0 days 00:00:53.864000,0 days 01:50:28.335000,2991.7625000000007,28.0
2023-10-22 19:51:30.728,11462,276,7,100,False,0,car,0 days 00:00:54.024000,0 days 01:50:28.495000,3004.0291666666676,28.0
2023-10-22 19:51:31.128,10325,279,7,100,False,0,car,0 days 00:00:54.424000,0 days 01:50:28.895000,3035.0291666666676,28.0
2023-10-22 19:51:31.488,10404,281,8,100,False,0,car,0 days 00:00:54.784000,0 days 01:50:29.255000,3063.1291666666675,28.0
2023-10-22 19:51:31.728,10467,283,8,100,False,0,car,0 days 00:00:55.024000,0 days 01:50:29.495000,3081.9958333333343,28.0
2023-10-22 19:51:31.888,10487,283,8,100,False,0,car,0 days 00:00:55.184000,0 days 01:50:29.655000,3094.573611111112,28.0
2023-10-22 19:51:32.208,10524,285,8,100,False,0,car,0 days 00:00:55.504000,0 days 01:50:29.975000,3119.9069444444453,28.0
2023-10-22 19:51:32.447,10596,287,8,100,False,0,car,0 days 00:00:55.743000,0 days 01:50:30.214000,3138.9605555555568,28.0
2023-10-22 19:51:32.887,10627,290,8,100,False,0,car,0 days 00:00:56.183000,0 days 01:50:30.654000,3174.405000000001,28.0
2023-10-22 19:51:33.047,10719,291,8,100,False,0,car,0 days 00:00:56.343000,0 days 01:50:30.814000,3187.338333333335,28.0
2023-10-22 19:51:33.327,10756,292,8,100,False,0,car,0 days 00:00:56.623000,0 days 01:50:31.094000,3210.0494444444457,28.0
2023-10-22 19:51:33.527,10796,293,8,100,False,0,car,0 days 00:00:56.823000,0 days 01:50:31.294000,3226.3272222222236,28.0
2023-10-22 19:51:33.927,10844,294,8,100,False,0,car,0 days 00:00:57.223000,0 days 01:50:31.694000,3258.99388888889,28.0
2023-10-22 19:51:34.167,10869,295,8,99,False,0,car,0 days 00:00:57.463000,0 days 01:50:31.934000,3278.660555555557,28.0
2023-10-22 19:51:34.407,10888,295,8,100,False,0,car,0 days 00:00:57.703000,0 days 01:50:32.174000,3298.327222222224,28.0
2023-10-22 19:51:34.647,10907,296,8,100,False,0,car,0 days 00:00:57.943000,0 days 01:50:32.414000,3318.060555555557,28.0
2023-10-22 19:51:34.928,10925,297,8,100,False,0,car,0 days 00:00:58.224000,0 days 01:50:32.695000,3341.243055555557,28.0
2023-10-22 19:51:35.088,10939,297,8,100,False,0,car,0 days 00:00:58.384000,0 days 01:50:32.855000,3354.4430555555573,28.0
2023-10-22 19:51:35.288,10958,297,8,100,False,0,car,0 days 00:00:58.584000,0 days 01:50:33.055000,3370.9430555555577,28.0
2023-10-22 19:51:35.568,10958,298,8,100,False,0,car,0 days 00:00:58.864000,0 days 01:50:33.335000,3394.120833333335,28.0
2023-10-22 19:51:35.848,11006,298,8,100,False,0,car,0 days 00:00:59.144000,0 days 01:50:33.615000,3417.298611111113,28.0
2023-10-22 19:51:36.128,11166,298,8,100,False,0,car,0 days 00:00:59.424000,0 days 01:50:33.895000,3440.476388888891,28.0
2023-10-22 19:51:36.368,11166,299,8,100,False,0,car,0 days 00:00:59.664000,0 days 01:50:34.135000,3460.4097222222244,28.0
2023-10-22 19:51:36.568,11001,299,8,100,False,0,car,0 days 00:00:59.864000,0 days 01:50:34.335000,3477.0208333333353,28.0
2023-10-22 19:51:36.808,11034,299,8,100,False,0,car,0 days 00:01:00.104000,0 days 01:50:34.575000,3496.9541666666687,28.0
2023-10-22 19:51:37.008,10994,298,8,100,False,0,car,0 days 00:01:00.304000,0 days 01:50:34.775000,3513.5097222222244,28.0
2023-10-22 19:51:37.248,11012,299,8,100,False,0,car,0 days 00:01:00.544000,0 days 01:50:35.015000,3533.4430555555573,28.0
2023-10-22 19:51:37.488,11000,299,8,100,False,0,car,0 days 00:01:00.784000,0 days 01:50:35.255000,3553.3763888888907,28.0
2023-10-22 19:51:37.648,10964,298,8,100,False,0,car,0 days 00:01:00.944000,0 days 01:50:35.415000,3566.620833333335,28.0
2023-10-22 19:51:37.848,10694,295,8,0,False,0,car,0 days 00:01:01.144000,0 days 01:50:35.615000,3583.009722222224,28.0
2023-10-22 19:51:38.048,10570,289,8,0,False,0,car,0 days 00:01:01.344000,0 days 01:50:35.815000,3599.0652777777796,28.0
2023-10-22 19:51:38.248,9799,272,8,0,True,0,car,0 days 00:01:01.544000,0 days 01:50:36.015000,3614.1763888888904,28.0
2023-10-22 19:51:38.448,9478,272,8,0,True,0,car,0 days 00:01:01.744000,0 days 01:50:36.215000,3629.2875000000017,28.0
2023-10-22 19:51:38.888,9949,197,6,0,True,0,car,0 days 00:01:02.184000,0 days 01:50:36.655000,3653.3652777777793,28.0
2023-10-22 19:51:39.047,9437,177,6,0,True,0,car,0 days 00:01:02.343000,0 days 01:50:36.814000,3661.1827777777794,28.0
2023-10-22 19:51:39.207,9357,177,6,0,True,0,car,0 days 00:01:02.503000,0 days 01:50:36.974000,3669.0494444444457,28.0
2023-10-22 19:51:39.487,9540,141,6,0,True,0,car,0 days 00:01:02.783000,0 days 01:50:37.254000,3680.0161111111124,28.0
2023-10-22 19:51:39.647,9069,129,5,0,True,0,car,0 days 00:01:02.943000,0 days 01:50:37.414000,3685.7494444444455,28.0
2023-10-22 19:51:39.927,8065,116,3,0,True,0,car,0 days 00:01:03.223000,0 days 01:50:37.694000,3694.771666666668,28.0
2023-10-22 19:51:40.127,7478,107,3,0,True,0,car,0 days 00:01:03.423000,0 days 01:50:37.894000,3700.7161111111122,28.0
2023-10-22 19:51:40.287,7131,105,3,0,True,0,car,0 days 00:01:03.583000,0 days 01:50:38.054000,3705.3827777777788,28.0
2023-10-22 19:51:40.487,6852,101,3,0,True,0,car,0 days 00:01:03.783000,0 days 01:50:38.254000,3710.99388888889,28.0
2023-10-22 19:51:40.647,6639,94,3,0,True,0,car,0 days 00:01:03.943000,0 days 01:50:38.414000,3715.1716666666675,28.0
2023-10-22 19:51:40.967,6331,89,3,0,True,0,car,0 days 00:01:04.263000,0 days 01:50:38.734000,3723.082777777779,28.0
2023-10-22 19:51:41.167,6240,88,3,0,False,0,car,0 days 00:01:04.463000,0 days 01:50:38.934000,3727.9716666666677,28.0
2023-10-22 19:51:41.608,6526,85,3,25,False,0,car,0 days 00:01:04.904000,0 days 01:50:39.375000,3738.3841666666676,28.0
2023-10-22 19:51:41.888,6981,88,3,42,False,0,car,0 days 00:01:05.184000,0 days 01:50:39.655000,3745.228611111112,28.0
2023-10-22 19:51:42.168,7390,97,3,47,False,0,car,0 days 00:01:05.464000,0 days 01:50:39.935000,3752.7730555555563,28.0
2023-10-22 19:51:42.408,7586,102,3,49,False,0,car,0 days 00:01:05.704000,0 days 01:50:40.175000,3759.573055555556,28.0
2023-10-22 19:51:42.808,9126,117,3,71,False,0,car,0 days 00:01:06.104000,0 days 01:50:40.575000,3772.573055555556,28.0
2023-10-22 19:51:43.208,10679,135,3,88,False,0,car,0 days 00:01:06.504000,0 days 01:50:40.975000,3787.573055555556,28.0
2023-10-22 19:51:43.608,11324,155,3,100,False,0,car,0 days 00:01:06.904000,0 days 01:50:41.375000,3804.7952777777778,28.0
2023-10-22 19:51:44.048,11147,176,4,99,False,0,car,0 days 00:01:07.344000,0 days 01:50:41.815000,3826.3063888888887,28.0
2023-10-22 19:51:44.368,10799,187,4,100,False,0,car,0 days 00:01:07.664000,0 days 01:50:42.135000,3842.9286111111114,28.0
2023-10-22 19:51:44.568,10373,191,4,100,False,0,car,0 days 00:01:07.864000,0 days 01:50:42.335000,3853.5397222222227,28.0
2023-10-22 19:51:44.768,10667,196,5,100,False,0,car,0 days 00:01:08.064000,0 days 01:50:42.535000,3864.428611111111,28.0
2023-10-22 19:51:45.008,9510,194,5,0,True,0,car,0 days 00:01:08.304000,0 days 01:50:42.775000,3877.361944444445,28.0
2023-10-22 19:51:45.208,10350,178,5,0,True,0,car,0 days 00:01:08.504000,0 days 01:50:42.975000,3887.250833333334,28.0
2023-10-22 19:51:45.488,9833,164,4,0,True,0,car,0 days 00:01:08.784000,0 days 01:50:43.255000,3900.0063888888894,28.0
2023-10-22 19:51:45.688,10203,144,3,0,True,0,car,0 days 00:01:08.984000,0 days 01:50:43.455000,3908.006388888889,28.0
2023-10-22 19:51:45.847,9904,135,3,0,True,0,car,0 days 00:01:09.143000,0 days 01:50:43.614000,3913.968888888889,28.0
2023-10-22 19:51:46.087,8832,127,3,0,True,0,car,0 days 00:01:09.383000,0 days 01:50:43.854000,3922.4355555555558,28.0
2023-10-22 19:51:46.247,8399,121,3,0,True,0,car,0 days 00:01:09.543000,0 days 01:50:44.014000,3927.813333333334,28.0
2023-10-22 19:51:46.607,7819,111,3,0,True,0,car,0 days 00:01:09.903000,0 days 01:50:44.374000,3938.913333333334,28.0
2023-10-22 19:51:46.887,7255,105,3,0,True,0,car,0 days 00:01:10.183000,0 days 01:50:44.654000,3947.0800000000004,28.0
2023-10-22 19:51:47.287,6743,98,3,0,True,0,car,0 days 00:01:10.583000,0 days 01:50:45.054000,3957.968888888889,28.0
2023-10-22 19:51:47.487,6713,94,3,0,False,0,car,0 days 00:01:10.783000,0 days 01:50:45.254000,3963.1911111111112,28.0
2023-10-22 19:51:47.647,6511,93,3,0,False,0,car,0 days 00:01:10.943000,0 days 01:50:45.414000,3967.3244444444445,28.0
2023-10-22 19:51:47.848,6648,89,3,18,False,0,car,0 days 00:01:11.144000,0 days 01:50:45.615000,3972.293611111111,28.0
2023-10-22 19:51:48.048,6871,92,3,30,False,0,car,0 days 00:01:11.344000,0 days 01:50:45.815000,3977.404722222222,28.0
2023-10-22 19:51:48.328,7422,97,3,35,False,0,car,0 days 00:01:11.624000,0 days 01:50:46.095000,3984.9491666666663,28.0
2023-10-22 19:51:48.528,7720,100,3,37,False,0,car,0 days 00:01:11.824000,0 days 01:50:46.295000,3990.504722222222,28.0
2023-10-22 19:51:48.728,7969,105,3,39,False,0,car,0 days 00:01:12.024000,0 days 01:50:46.495000,3996.3380555555555,28.0
2023-10-22 19:51:49.008,8440,110,3,51,False,0,car,0 days 00:01:12.304000,0 days 01:50:46.775000,4004.893611111111,28.0
2023-10-22 19:51:49.208,8730,115,3,55,False,0,car,0 days 00:01:12.504000,0 days 01:50:46.975000,4011.2825000000003,28.0
2023-10-22 19:51:49.448,9645,125,3,64,False,0,car,0 days 00:01:12.744000,0 days 01:50:47.215000,4019.6158333333333,28.0
2023-10-22 19:51:49.648,10073,133,3,67,False,0,car,0 days 00:01:12.944000,0 days 01:50:47.415000,4027.0047222222224,28.0
2023-10-22 19:51:49.888,10899,140,3,89,False,0,car,0 days 00:01:13.184000,0 days 01:50:47.655000,4036.3380555555555,28.0
2023-10-22 19:51:50.048,10917,148,3,100,False,0,car,0 days 00:01:13.344000,0 days 01:50:47.815000,4042.915833333333,28.0
2023-10-22 19:51:50.328,10295,159,3,100,False,0,car,0 days 00:01:13.624000,0 days 01:50:48.095000,4055.2825,28.0
2023-10-22 19:51:50.648,10791,169,4,100,False,0,car,0 days 00:01:13.944000,0 days 01:50:48.415000,4070.304722222222,28.0
2023-10-22 19:51:50.968,11304,177,4,100,False,0,car,0 days 00:01:14.264000,0 days 01:50:48.735000,4086.0380555555553,28.0
2023-10-22 19:51:51.168,10604,182,4,99,False,0,car,0 days 00:01:14.464000,0 days 01:50:48.935000,4096.149166666666,28.0
2023-10-22 19:51:51.408,10414,188,5,100,False,0,car,0 days 00:01:14.704000,0 days 01:50:49.175000,4108.682499999999,28.0
2023-10-22 19:51:51.728,9936,183,5,0,True,0,car,0 days 00:01:15.024000,0 days 01:50:49.495000,4124.949166666666,28.0
2023-10-22 19:51:51.968,10081,171,5,0,True,0,car,0 days 00:01:15.264000,0 days 01:50:49.735000,4136.349166666666,28.0
2023-10-22 19:51:52.208,9673,159,5,0,True,0,car,0 days 00:01:15.504000,0 days 01:50:49.975000,4146.949166666666,28.0
2023-10-22 19:51:52.408,9317,150,4,0,True,0,car,0 days 00:01:15.704000,0 days 01:50:50.175000,4155.282499999999,28.0
2023-10-22 19:51:52.567,9941,141,4,0,True,0,car,0 days 00:01:15.863000,0 days 01:50:50.334000,4161.509999999999,28.0
2023-10-22 19:51:52.727,9425,134,3,0,True,0,car,0 days 00:01:16.023000,0 days 01:50:50.494000,4167.465555555555,28.0
2023-10-22 19:51:52.967,9162,127,3,0,True,0,car,0 days 00:01:16.263000,0 days 01:50:50.734000,4175.932222222222,28.0
2023-10-22 19:51:53.167,8702,119,3,0,True,0,car,0 days 00:01:16.463000,0 days 01:50:50.934000,4182.543333333332,28.0
2023-10-22 19:51:53.447,7807,110,3,0,True,0,car,0 days 00:01:16.743000,0 days 01:50:51.214000,4191.098888888888,28.0
2023-10-22 19:51:53.647,7566,110,3,0,False,0,car,0 days 00:01:16.943000,0 days 01:50:51.414000,4197.209999999999,28.0
2023-10-22 19:51:53.887,7157,104,3,0,True,0,car,0 days 00:01:17.183000,0 days 01:50:51.654000,4204.1433333333325,28.0
2023-10-22 19:51:54.047,6905,98,3,0,True,0,car,0 days 00:01:17.343000,0 days 01:50:51.814000,4208.498888888888,28.0
2023-10-22 19:51:54.287,6829,95,3,0,True,0,car,0 days 00:01:17.583000,0 days 01:50:52.054000,4214.832222222221,28.0
2023-10-22 19:51:54.488,6423,91,3,0,True,0,car,0 days 00:01:17.784000,0 days 01:50:52.255000,4219.913055555555,28.0
2023-10-22 19:51:54.728,5974,86,3,0,False,0,car,0 days 00:01:18.024000,0 days 01:50:52.495000,4225.646388888888,28.0
2023-10-22 19:51:54.928,6015,85,3,0,False,0,car,0 days 00:01:18.224000,0 days 01:50:52.695000,4230.368611111111,28.0
2023-10-22 19:51:55.288,5941,79,3,12,False,0,car,0 days 00:01:18.584000,0 days 01:50:53.055000,4238.268611111111,28.0
2023-10-22 19:51:55.608,6356,82,3,26,False,0,car,0 days 00:01:18.904000,0 days 01:50:53.375000,4245.557499999999,28.0
2023-10-22 19:51:55.888,6655,86,3,38,False,0,car,0 days 00:01:19.184000,0 days 01:50:53.655000,4252.246388888888,28.0
2023-10-22 19:51:56.048,6824,90,3,40,False,0,car,0 days 00:01:19.344000,0 days 01:50:53.815000,4256.246388888888,28.0
2023-10-22 19:51:56.248,7244,96,3,44,False,0,car,0 days 00:01:19.544000,0 days 01:50:54.015000,4261.579722222221,28.0
2023-10-22 19:51:56.608,8185,105,3,53,False,0,car,0 days 00:01:19.904000,0 days 01:50:54.375000,4272.079722222221,28.0
2023-10-22 19:51:56.928,8761,117,3,63,False,0,car,0 days 00:01:20.224000,0 days 01:50:54.695000,4282.479722222221,28.0
2023-10-22 19:51:57.128,9486,126,3,74,False,0,car,0 days 00:01:20.424000,0 days 01:50:54.895000,4289.479722222221,28.0
2023-10-22 19:51:57.288,9907,131,3,80,False,0,car,0 days 00:01:20.584000,0 days 01:50:55.055000,4295.3019444444435,28.0
2023-10-22 19:51:57.688,11237,150,3,100,False,0,car,0 days 00:01:20.984000,0 days 01:50:55.455000,4311.96861111111,28.0
2023-10-22 19:51:57.968,10496,159,3,99,False,0,car,0 days 00:01:21.264000,0 days 01:50:55.735000,4324.335277777776,28.0
2023-10-22 19:51:58.128,10655,172,4,100,False,0,car,0 days 00:01:21.424000,0 days 01:50:55.895000,4331.979722222221,28.0
2023-10-22 19:51:58.408,11435,177,4,100,False,0,car,0 days 00:01:21.704000,0 days 01:50:56.175000,4345.746388888888,28.0
2023-10-22 19:51:58.688,11183,191,4,100,False,0,car,0 days 00:01:21.984000,0 days 01:50:56.455000,4360.601944444444,28.0
2023-10-22 19:51:59.128,11276,204,5,100,False,0,car,0 days 00:01:22.424000,0 days 01:50:56.895000,4385.535277777778,28.0
2023-10-22 19:51:59.607,11058,215,5,100,False,0,car,0 days 00:01:22.903000,0 days 01:50:57.374000,4414.142222222223,28.0
2023-10-22 19:51:59.927,10494,221,6,100,False,0,car,0 days 00:01:23.223000,0 days 01:50:57.694000,4433.786666666667,28.0
2023-10-22 19:52:00.207,10620,223,6,100,False,0,car,0 days 00:01:23.503000,0 days 01:50:57.974000,4451.131111111112,28.0
2023-10-22 19:52:00.567,10769,226,6,99,False,0,car,0 days 00:01:23.863000,0 days 01:50:58.334000,4473.731111111112,28.0
2023-10-22 19:52:00.807,10860,228,6,100,False,0,car,0 days 00:01:24.103000,0 days 01:50:58.574000,4488.931111111112,28.0
2023-10-22 19:52:01.208,11030,231,6,100,False,0,car,0 days 00:01:24.504000,0 days 01:50:58.975000,4514.661944444446,28.0
2023-10-22 19:52:01.528,11007,232,6,73,False,0,car,0 days 00:01:24.824000,0 days 01:50:59.295000,4535.284166666667,28.0
2023-10-22 19:52:01.768,10869,232,6,68,False,0,car,0 days 00:01:25.064000,0 days 01:50:59.535000,4550.7508333333335,28.0
2023-10-22 19:52:01.928,11049,232,6,73,False,0,car,0 days 00:01:25.224000,0 days 01:50:59.695000,4561.0619444444455,28.0
2023-10-22 19:52:02.208,11079,233,6,75,False,0,car,0 days 00:01:25.504000,0 days 01:50:59.975000,4579.184166666668,28.0
2023-10-22 19:52:02.528,11258,236,6,88,False,0,car,0 days 00:01:25.824000,0 days 01:51:00.295000,4600.161944444445,28.0
2023-10-22 19:52:02.808,11346,238,6,100,False,0,car,0 days 00:01:26.104000,0 days 01:51:00.575000,4618.673055555556,28.0
2023-10-22 19:52:03.048,11467,242,6,100,False,0,car,0 days 00:01:26.344000,0 days 01:51:00.815000,4634.806388888889,28.0
2023-10-22 19:52:03.408,10909,247,6,100,False,0,car,0 days 00:01:26.704000,0 days 01:51:01.175000,4659.506388888889,28.0
2023-10-22 19:52:03.608,10388,248,7,100,False,0,car,0 days 00:01:26.904000,0 days 01:51:01.375000,4673.284166666667,28.0
2023-10-22 19:52:03.808,10422,250,7,100,False,0,car,0 days 00:01:27.104000,0 days 01:51:01.575000,4687.173055555556,28.0
2023-10-22 19:52:04.128,10477,251,7,100,False,0,car,0 days 00:01:27.424000,0 days 01:51:01.895000,4709.484166666668,28.0
2023-10-22 19:52:04.488,10836,253,7,100,False,0,car,0 days 00:01:27.784000,0 days 01:51:02.255000,4734.784166666668,28.0
2023-10-22 19:52:04.648,10610,254,7,100,False,0,car,0 days 00:01:27.944000,0 days 01:51:02.415000,4746.0730555555565,28.0
2023-10-22 19:52:04.968,10645,256,7,100,False,0,car,0 days 00:01:28.264000,0 days 01:51:02.735000,4768.828611111112,28.0
2023-10-22 19:52:05.328,10717,258,7,99,False,0,car,0 days 00:01:28.624000,0 days 01:51:03.095000,4794.628611111112,28.0
2023-10-22 19:52:05.528,10772,259,7,100,False,0,car,0 days 00:01:28.824000,0 days 01:51:03.295000,4809.017500000001,28.0
2023-10-22 19:52:05.768,10810,260,7,100,False,0,car,0 days 00:01:29.064000,0 days 01:51:03.535000,4826.350833333334,28.0
2023-10-22 19:52:06.167,10917,263,7,100,False,0,car,0 days 00:01:29.463000,0 days 01:51:03.934000,4855.500000000001,28.0
2023-10-22 19:52:06.487,10977,265,7,99,True,0,car,0 days 00:01:29.783000,0 days 01:51:04.254000,4879.055555555557,28.0
2023-10-22 19:52:06.727,10189,251,7,3,True,0,car,0 days 00:01:30.023000,0 days 01:51:04.494000,4895.788888888889,28.0
2023-10-22 19:52:06.887,9981,246,7,0,True,0,car,0 days 00:01:30.183000,0 days 01:51:04.654000,4906.7222222222235,28.0
2023-10-22 19:52:07.127,10382,226,7,0,True,0,car,0 days 00:01:30.423000,0 days 01:51:04.894000,4921.78888888889,28.0
2023-10-22 19:52:07.527,9881,203,6,0,True,0,car,0 days 00:01:30.823000,0 days 01:51:05.294000,4944.344444444445,28.0
2023-10-22 19:52:07.768,10395,195,5,0,True,0,car,0 days 00:01:31.064000,0 days 01:51:05.535000,4957.398611111112,28.0
2023-10-22 19:52:08.168,10085,186,5,32,False,0,car,0 days 00:01:31.464000,0 days 01:51:05.935000,4978.065277777779,28.0
2023-10-22 19:52:08.408,10384,188,5,50,False,0,car,0 days 00:01:31.704000,0 days 01:51:06.175000,4990.5986111111115,28.0
2023-10-22 19:52:08.648,10341,187,5,56,False,0,car,0 days 00:01:31.944000,0 days 01:51:06.415000,5003.065277777779,28.0
2023-10-22 19:52:09.048,10779,195,5,96,False,0,car,0 days 00:01:32.344000,0 days 01:51:06.815000,5024.731944444445,28.0
2023-10-22 19:52:09.328,11331,205,5,100,False,0,car,0 days 00:01:32.624000,0 days 01:51:07.095000,5040.676388888889,28.0
2023-10-22 19:52:09.648,10144,209,5,100,False,0,car,0 days 00:01:32.944000,0 days 01:51:07.415000,5059.2541666666675,28.0
2023-10-22 19:52:09.848,10020,211,6,100,False,0,car,0 days 00:01:33.144000,0 days 01:51:07.615000,5070.97638888889,28.0
2023-10-22 19:52:10.248,10336,217,6,100,False,0,car,0 days 00:01:33.544000,0 days 01:51:08.015000,5095.087500000001,28.0
2023-10-22 19:52:10.408,10540,220,6,100,False,0,car,0 days 00:01:33.704000,0 days 01:51:08.175000,5104.865277777778,28.0
2023-10-22 19:52:10.568,10604,224,6,100,False,0,car,0 days 00:01:33.864000,0 days 01:51:08.335000,5114.820833333334,28.0
2023-10-22 19:52:10.808,10723,226,6,100,False,0,car,0 days 00:01:34.104000,0 days 01:51:08.575000,5129.887500000001,28.0
2023-10-22 19:52:11.008,10954,230,6,100,False,0,car,0 days 00:01:34.304000,0 days 01:51:08.775000,5142.665277777779,28.0
2023-10-22 19:52:11.248,11053,234,6,100,False,0,car,0 days 00:01:34.544000,0 days 01:51:09.015000,5158.2652777777785,28.0
2023-10-22 19:52:11.568,10473,232,6,35,True,0,car,0 days 00:01:34.864000,0 days 01:51:09.335000,5178.887500000001,28.0
2023-10-22 19:52:11.888,10584,199,6,0,True,0,car,0 days 00:01:35.184000,0 days 01:51:09.655000,5196.57638888889,28.0
2023-10-22 19:52:12.168,10294,170,5,0,True,0,car,0 days 00:01:35.464000,0 days 01:51:09.935000,5209.798611111112,28.0
2023-10-22 19:52:12.368,10555,152,5,0,True,0,car,0 days 00:01:35.664000,0 days 01:51:10.135000,5218.243055555557,28.0
2023-10-22 19:52:12.568,10015,140,4,0,True,0,car,0 days 00:01:35.864000,0 days 01:51:10.335000,5226.020833333335,28.0
2023-10-22 19:52:12.807,8619,129,3,0,True,0,car,0 days 00:01:36.103000,0 days 01:51:10.574000,5234.585000000001,28.0
2023-10-22 19:52:13.127,8005,114,3,0,True,0,car,0 days 00:01:36.423000,0 days 01:51:10.894000,5244.718333333334,28.0
2023-10-22 19:52:13.447,7552,106,3,0,True,0,car,0 days 00:01:36.743000,0 days 01:51:11.214000,5254.140555555557,28.0
2023-10-22 19:52:13.607,7178,103,3,0,True,0,car,0 days 00:01:36.903000,0 days 01:51:11.374000,5258.718333333335,28.0
2023-10-22 19:52:13.887,7027,97,3,0,False,0,car,0 days 00:01:37.183000,0 days 01:51:11.654000,5266.26277777778,28.0
2023-10-22 19:52:14.168,6618,93,3,0,False,0,car,0 days 00:01:37.464000,0 days 01:51:11.935000,5273.5219444444465,28.0
2023-10-22 19:52:14.448,6722,88,3,10,False,0,car,0 days 00:01:37.744000,0 days 01:51:12.215000,5280.366388888891,28.0
2023-10-22 19:52:14.728,6921,90,3,26,False,0,car,0 days 00:01:38.024000,0 days 01:51:12.495000,5287.366388888891,28.0
2023-10-22 19:52:15.168,7390,96,3,37,False,0,car,0 days 00:01:38.464000,0 days 01:51:12.935000,5299.099722222225,28.0
2023-10-22 19:52:15.528,8091,106,3,52,False,0,car,0 days 00:01:38.824000,0 days 01:51:13.295000,5309.699722222225,28.0
2023-10-22 19:52:15.728,8599,113,3,58,False,0,car,0 days 00:01:39.024000,0 days 01:51:13.495000,5315.977500000004,28.0
2023-10-22 19:52:15.928,9191,121,3,65,False,0,car,0 days 00:01:39.224000,0 days 01:51:13.695000,5322.699722222226,28.0
2023-10-22 19:52:16.168,9732,130,3,74,False,0,car,0 days 00:01:39.464000,0 days 01:51:13.935000,5331.366388888892,28.0
2023-10-22 19:52:16.488,11044,143,3,100,False,0,car,0 days 00:01:39.784000,0 days 01:51:14.255000,5344.077500000004,28.0
2023-10-22 19:52:16.768,11549,158,3,100,False,0,car,0 days 00:01:40.064000,0 days 01:51:14.535000,5356.366388888892,28.0
2023-10-22 19:52:17.008,11409,167,4,100,False,0,car,0 days 00:01:40.304000,0 days 01:51:14.775000,5367.499722222226,28.0
2023-10-22 19:52:17.168,11184,175,4,100,False,0,car,0 days 00:01:40.464000,0 days 01:51:14.935000,5375.277500000004,28.0
2023-10-22 19:52:17.328,11631,182,4,100,False,0,car,0 days 00:01:40.624000,0 days 01:51:15.095000,5383.366388888892,28.0
2023-10-22 19:52:17.648,10416,193,4,100,False,0,car,0 days 00:01:40.944000,0 days 01:51:15.415000,5400.521944444448,28.0
2023-10-22 19:52:17.968,11044,199,5,100,False,0,car,0 days 00:01:41.264000,0 days 01:51:15.735000,5418.210833333337,28.0
2023-10-22 19:52:18.248,11502,211,5,100,False,0,car,0 days 00:01:41.544000,0 days 01:51:16.015000,5434.621944444449,28.0
2023-10-22 19:52:18.448,10382,217,5,100,False,0,car,0 days 00:00:00.087000,0 days 01:51:16.215000,5.244166666666667,29.0
2023-10-22 19:52:18.848,10766,227,6,100,False,0,car,0 days 00:00:00.487000,0 days 01:51:16.615000,30.466388888888893,29.0
2023-10-22 19:52:19.048,10980,231,6,100,False,0,car,0 days 00:00:00.687000,0 days 01:51:16.815000,43.29972222222223,29.0
2023-10-22 19:52:19.447,11325,239,6,100,False,0,car,0 days 00:00:01.086000,0 days 01:51:17.214000,69.78888888888889,29.0
2023-10-22 19:52:19.807,11594,244,6,100,False,0,car,0 days 00:00:01.446000,0 days 01:51:17.574000,94.18888888888888,29.0
2023-10-22 19:52:20.287,10480,252,7,100,False,0,car,0 days 00:00:01.926000,0 days 01:51:18.054000,127.78888888888889,29.0
2023-10-22 19:52:20.647,10693,257,7,100,False,0,car,0 days 00:00:02.286000,0 days 01:51:18.414000,153.4888888888889,29.0
2023-10-22 19:52:20.848,10784,260,7,100,False,0,car,0 days 00:00:02.487000,0 days 01:51:18.615000,168.0055555555556,29.0
2023-10-22 19:52:21.088,10875,260,7,100,False,0,car,0 days 00:00:02.727000,0 days 01:51:18.855000,185.3388888888889,29.0
2023-10-22 19:52:21.328,11118,263,7,100,False,0,car,0 days 00:00:02.967000,0 days 01:51:19.095000,202.87222222222226,29.0
2023-10-22 19:52:21.488,11059,267,7,100,False,0,car,0 days 00:00:03.127000,0 days 01:51:19.255000,214.7388888888889,29.0
2023-10-22 19:52:21.728,11271,271,7,100,False,0,car,0 days 00:00:03.367000,0 days 01:51:19.495000,232.8055555555556,29.0
2023-10-22 19:52:22.088,11319,273,7,100,False,0,car,0 days 00:00:03.727000,0 days 01:51:19.855000,260.1055555555556,29.0
2023-10-22 19:52:22.408,11510,277,7,89,False,0,car,0 days 00:00:04.047000,0 days 01:51:20.175000,284.7277777777778,29.0
2023-10-22 19:52:22.728,11312,279,7,100,False,0,car,0 days 00:00:04.367000,0 days 01:51:20.495000,309.5277777777778,29.0
2023-10-22 19:52:22.968,10380,280,7,100,False,0,car,0 days 00:00:04.607000,0 days 01:51:20.735000,328.1944444444445,29.0
2023-10-22 19:52:23.208,10368,281,8,100,False,0,car,0 days 00:00:04.847000,0 days 01:51:20.975000,346.92777777777786,29.0
2023-10-22 19:52:23.608,10393,282,8,100,False,0,car,0 days 00:00:05.247000,0 days 01:51:21.375000,378.2611111111112,29.0
2023-10-22 19:52:24.008,10413,283,8,100,False,0,car,0 days 00:00:05.647000,0 days 01:51:21.775000,409.70555555555563,29.0
2023-10-22 19:52:24.408,10349,282,8,100,False,0,car,0 days 00:00:06.047000,0 days 01:51:22.175000,441.03888888888895,29.0
2023-10-22 19:52:24.568,10323,281,8,100,False,0,car,0 days 00:00:06.207000,0 days 01:51:22.335000,453.5277777777778,29.0
2023-10-22 19:52:24.768,10317,280,8,100,False,0,car,0 days 00:00:06.407000,0 days 01:51:22.535000,469.08333333333337,29.0
2023-10-22 19:52:25.128,9936,275,8,2,False,0,car,0 days 00:00:06.767000,0 days 01:51:22.895000,496.58333333333337,29.0
2023-10-22 19:52:25.328,9772,270,8,0,False,0,car,0 days 00:00:06.967000,0 days 01:51:23.095000,511.5833333333333,29.0
2023-10-22 19:52:25.528,9762,254,8,0,True,0,car,0 days 00:00:07.167000,0 days 01:51:23.295000,525.6944444444445,29.0
2023-10-22 19:52:25.728,9246,228,8,0,True,0,car,0 days 00:00:07.367000,0 days 01:51:23.495000,538.3611111111111,29.0
2023-10-22 19:52:26.008,9147,204,8,0,True,0,car,0 days 00:00:07.647000,0 days 01:51:23.775000,554.2277777777778,29.0
2023-10-22 19:52:26.247,8687,172,6,0,True,0,car,0 days 00:00:07.886000,0 days 01:51:24.014000,565.6466666666666,29.0
2023-10-22 19:52:26.407,8540,161,5,0,True,0,car,0 days 00:00:08.046000,0 days 01:51:24.174000,572.8022222222222,29.0
2023-10-22 19:52:26.647,8528,138,5,0,True,0,car,0 days 00:00:08.286000,0 days 01:51:24.414000,582.0022222222223,29.0
2023-10-22 19:52:27.007,8468,121,3,0,True,0,car,0 days 00:00:08.646000,0 days 01:51:24.774000,594.1022222222223,29.0
2023-10-22 19:52:27.167,7836,116,3,0,True,0,car,0 days 00:00:08.806000,0 days 01:51:24.934000,599.2577777777777,29.0
2023-10-22 19:52:27.328,7214,104,3,0,True,0,car,0 days 00:00:08.967000,0 days 01:51:25.095000,603.9088888888889,29.0
2023-10-22 19:52:27.568,6910,98,3,0,True,0,car,0 days 00:00:09.207000,0 days 01:51:25.335000,610.4422222222222,29.0
2023-10-22 19:52:27.808,6556,94,3,0,True,0,car,0 days 00:00:09.447000,0 days 01:51:25.575000,616.7088888888889,29.0
2023-10-22 19:52:28.088,6155,89,3,0,False,0,car,0 days 00:00:09.727000,0 days 01:51:25.855000,623.6311111111111,29.0
2023-10-22 19:52:28.408,5951,84,3,0,False,0,car,0 days 00:00:10.047000,0 days 01:51:26.175000,631.0977777777778,29.0
2023-10-22 19:52:28.728,5901,81,3,0,False,0,car,0 days 00:00:10.367000,0 days 01:51:26.495000,638.2977777777778,29.0
2023-10-22 19:52:29.008,5726,77,3,2,False,0,car,0 days 00:00:10.647000,0 days 01:51:26.775000,644.2866666666666,29.0
2023-10-22 19:52:29.248,5883,78,3,8,False,0,car,0 days 00:00:10.887000,0 days 01:51:27.015000,649.4866666666667,29.0
2023-10-22 19:52:29.408,6023,79,3,20,False,0,car,0 days 00:00:11.047000,0 days 01:51:27.175000,652.9977777777777,29.0
2023-10-22 19:52:29.648,6408,83,3,31,False,0,car,0 days 00:00:11.287000,0 days 01:51:27.415000,658.531111111111,29.0
2023-10-22 19:52:29.968,6893,90,3,41,False,0,car,0 days 00:00:11.607000,0 days 01:51:27.735000,666.531111111111,29.0
2023-10-22 19:52:30.168,7467,95,3,46,False,0,car,0 days 00:00:11.807000,0 days 01:51:27.935000,671.8088888888889,29.0
2023-10-22 19:52:30.328,7788,102,3,48,False,0,car,0 days 00:00:11.967000,0 days 01:51:28.095000,676.3422222222222,29.0
2023-10-22 19:52:30.568,7798,108,3,48,False,0,car,0 days 00:00:12.207000,0 days 01:51:28.335000,683.5422222222222,29.0
2023-10-22 19:52:30.848,8514,119,3,57,False,0,car,0 days 00:00:12.487000,0 days 01:51:28.615000,692.7977777777778,29.0
2023-10-22 19:52:31.048,9634,123,3,64,False,0,car,0 days 00:00:12.687000,0 days 01:51:28.815000,699.6311111111111,29.0
2023-10-22 19:52:31.368,10664,139,3,74,False,0,car,0 days 00:00:13.007000,0 days 01:51:29.135000,711.9866666666667,29.0
2023-10-22 19:52:31.608,11225,149,3,99,False,0,car,0 days 00:00:13.247000,0 days 01:51:29.375000,721.9200000000001,29.0
2023-10-22 19:52:31.888,10432,163,4,99,False,0,car,0 days 00:00:13.527000,0 days 01:51:29.655000,734.5977777777778,29.0
2023-10-22 19:52:32.128,11217,178,4,100,False,0,car,0 days 00:00:13.767000,0 days 01:51:29.895000,746.4644444444444,29.0
2023-10-22 19:52:32.408,10140,186,4,99,False,0,car,0 days 00:00:14.047000,0 days 01:51:30.175000,760.9311111111111,29.0
2023-10-22 19:52:32.808,11129,201,5,100,False,0,car,0 days 00:00:14.447000,0 days 01:51:30.575000,783.2644444444444,29.0
2023-10-22 19:52:33.087,11466,210,5,100,False,0,car,0 days 00:00:14.726000,0 days 01:51:30.854000,799.5394444444445,29.0
2023-10-22 19:52:33.447,10676,216,6,99,False,0,car,0 days 00:00:15.086000,0 days 01:51:31.214000,821.1394444444445,29.0
2023-10-22 19:52:33.647,10981,221,6,100,False,0,car,0 days 00:00:15.286000,0 days 01:51:31.414000,833.4172222222222,29.0
2023-10-22 19:52:33.847,10879,230,6,100,False,0,car,0 days 00:00:15.486000,0 days 01:51:31.614000,846.195,29.0
2023-10-22 19:52:34.248,11150,238,6,100,False,0,car,0 days 00:00:15.887000,0 days 01:51:32.015000,872.7055555555556,29.0
2023-10-22 19:52:34.448,11463,241,6,99,False,0,car,0 days 00:00:16.087000,0 days 01:51:32.215000,886.0944444444444,29.0
2023-10-22 19:52:34.688,11600,241,6,100,False,0,car,0 days 00:00:16.327000,0 days 01:51:32.455000,902.1611111111113,29.0
2023-10-22 19:52:34.928,10718,248,6,100,False,0,car,0 days 00:00:16.567000,0 days 01:51:32.695000,918.6944444444445,29.0
2023-10-22 19:52:35.128,10494,250,7,100,False,0,car,0 days 00:00:16.767000,0 days 01:51:32.895000,932.5833333333333,29.0
2023-10-22 19:52:35.368,10592,253,7,99,False,0,car,0 days 00:00:17.007000,0 days 01:51:33.135000,949.45,29.0
2023-10-22 19:52:35.608,10708,255,7,100,False,0,car,0 days 00:00:17.247000,0 days 01:51:33.375000,966.4499999999999,29.0
2023-10-22 19:52:35.768,10718,255,7,99,False,0,car,0 days 00:00:17.407000,0 days 01:51:33.535000,977.7833333333333,29.0
2023-10-22 19:52:36.088,10858,261,7,100,False,0,car,0 days 00:00:17.727000,0 days 01:51:33.855000,1000.9833333333333,29.0
2023-10-22 19:52:36.248,10949,263,7,99,False,0,car,0 days 00:00:17.887000,0 days 01:51:34.015000,1012.6722222222222,29.0
2023-10-22 19:52:36.648,11138,268,7,100,False,0,car,0 days 00:00:18.287000,0 days 01:51:34.415000,1042.4499999999998,29.0
2023-10-22 19:52:36.848,11233,270,7,100,False,0,car,0 days 00:00:18.487000,0 days 01:51:34.615000,1057.4499999999998,29.0
2023-10-22 19:52:37.168,11263,272,7,100,False,0,car,0 days 00:00:18.807000,0 days 01:51:34.935000,1081.6277777777775,29.0
2023-10-22 19:52:37.448,11248,272,7,100,False,0,car,0 days 00:00:19.087000,0 days 01:51:35.215000,1102.783333333333,29.0
2023-10-22 19:52:37.648,11282,272,7,100,False,0,car,0 days 00:00:19.287000,0 days 01:51:35.415000,1117.8944444444442,29.0
2023-10-22 19:52:37.888,11264,272,7,100,False,0,car,0 days 00:00:19.527000,0 days 01:51:35.655000,1136.0277777777776,29.0
2023-10-22 19:52:38.168,11066,274,7,100,False,0,car,0 days 00:00:19.807000,0 days 01:51:35.935000,1157.3388888888885,29.0
2023-10-22 19:52:38.408,11197,271,7,99,False,0,car,0 days 00:00:20.047000,0 days 01:51:36.175000,1175.4055555555553,29.0
2023-10-22 19:52:38.568,11230,271,7,100,False,0,car,0 days 00:00:20.207000,0 days 01:51:36.335000,1187.4499999999998,29.0
2023-10-22 19:52:38.728,11309,273,7,99,False,0,car,0 days 00:00:20.367000,0 days 01:51:36.495000,1199.5833333333333,29.0
2023-10-22 19:52:39.168,10620,262,7,17,True,0,car,0 days 00:00:20.807000,0 days 01:51:36.935000,1231.6055555555554,29.0
2023-10-22 19:52:39.408,10547,255,7,58,False,0,car,0 days 00:00:21.047000,0 days 01:51:37.175000,1248.6055555555556,29.0
2023-10-22 19:52:39.807,10632,253,7,74,True,0,car,0 days 00:00:21.446000,0 days 01:51:37.574000,1276.646388888889,29.0
2023-10-22 19:52:40.047,10672,244,7,0,True,0,car,0 days 00:00:21.686000,0 days 01:51:37.814000,1292.9130555555557,29.0
2023-10-22 19:52:40.247,11052,237,7,0,True,0,car,0 days 00:00:21.886000,0 days 01:51:38.014000,1306.0797222222222,29.0
2023-10-22 19:52:40.648,10582,226,6,25,False,0,car,0 days 00:00:22.287000,0 days 01:51:38.415000,1331.253611111111,29.0
2023-10-22 19:52:40.808,10500,223,6,46,False,0,car,0 days 00:00:22.447000,0 days 01:51:38.575000,1341.164722222222,29.0
2023-10-22 19:52:41.128,10831,223,6,68,False,0,car,0 days 00:00:22.767000,0 days 01:51:38.895000,1360.9869444444444,29.0
2023-10-22 19:52:41.408,10749,225,6,77,False,0,car,0 days 00:00:23.047000,0 days 01:51:39.175000,1378.4869444444444,29.0
2023-10-22 19:52:41.648,10743,231,6,76,False,0,car,0 days 00:00:23.287000,0 days 01:51:39.415000,1393.8869444444442,29.0
2023-10-22 19:52:41.888,10500,229,6,23,True,0,car,0 days 00:00:23.527000,0 days 01:51:39.655000,1409.153611111111,29.0
2023-10-22 19:52:42.168,10266,221,6,18,False,0,car,0 days 00:00:23.807000,0 days 01:51:39.935000,1426.3424999999997,29.0
2023-10-22 19:52:42.488,9906,215,6,8,False,0,car,0 days 00:00:24.127000,0 days 01:51:40.255000,1445.4536111111108,29.0
2023-10-22 19:52:42.688,9891,215,6,37,False,0,car,0 days 00:00:24.327000,0 days 01:51:40.455000,1457.3980555555554,29.0
2023-10-22 19:52:42.888,9910,208,6,44,False,0,car,0 days 00:00:24.527000,0 days 01:51:40.655000,1468.9536111111108,29.0
2023-10-22 19:52:43.128,9523,206,6,45,False,0,car,0 days 00:00:24.767000,0 days 01:51:40.895000,1482.6869444444442,29.0
2023-10-22 19:52:43.488,9485,202,6,5,False,0,car,0 days 00:00:25.127000,0 days 01:51:41.255000,1502.8869444444442,29.0
2023-10-22 19:52:43.688,9483,198,6,49,False,0,car,0 days 00:00:25.327000,0 days 01:51:41.455000,1513.8869444444445,29.0
2023-10-22 19:52:44.088,9442,199,6,55,False,0,car,0 days 00:00:25.727000,0 days 01:51:41.855000,1535.9980555555555,29.0
2023-10-22 19:52:44.248,9533,199,6,55,False,0,car,0 days 00:00:25.887000,0 days 01:51:42.015000,1544.8425,29.0
2023-10-22 19:52:44.568,9428,200,6,57,False,0,car,0 days 00:00:26.207000,0 days 01:51:42.335000,1562.6202777777778,29.0
2023-10-22 19:52:44.768,9665,201,6,64,False,0,car,0 days 00:00:26.407000,0 days 01:51:42.535000,1573.7869444444443,29.0
2023-10-22 19:52:45.008,9675,204,6,82,False,0,car,0 days 00:00:26.647000,0 days 01:51:42.775000,1587.3869444444442,29.0
2023-10-22 19:52:45.168,9922,206,6,97,False,0,car,0 days 00:00:26.807000,0 days 01:51:42.935000,1596.5424999999998,29.0
2023-10-22 19:52:45.448,10081,211,6,100,False,0,car,0 days 00:00:27.087000,0 days 01:51:43.215000,1612.953611111111,29.0
2023-10-22 19:52:45.608,9331,214,6,40,False,0,car,0 days 00:00:27.247000,0 days 01:51:43.375000,1622.4647222222222,29.0
2023-10-22 19:52:45.968,10585,208,6,2,True,0,car,0 days 00:00:27.607000,0 days 01:51:43.735000,1643.2647222222222,29.0
2023-10-22 19:52:46.128,10209,194,6,0,True,0,car,0 days 00:00:27.767000,0 days 01:51:43.895000,1651.8869444444445,29.0
2023-10-22 19:52:46.447,9917,189,5,8,False,0,car,0 days 00:00:28.086000,0 days 01:51:44.214000,1668.6344444444444,29.0
2023-10-22 19:52:46.647,9757,184,5,13,False,0,car,0 days 00:00:28.286000,0 days 01:51:44.414000,1678.8566666666668,29.0
2023-10-22 19:52:46.887,9459,181,5,23,False,0,car,0 days 00:00:28.526000,0 days 01:51:44.654000,1690.9233333333334,29.0
2023-10-22 19:52:47.088,9562,175,5,41,False,0,car,0 days 00:00:28.727000,0 days 01:51:44.855000,1700.6941666666667,29.0
2023-10-22 19:52:47.248,9768,178,5,52,False,0,car,0 days 00:00:28.887000,0 days 01:51:45.015000,1708.6052777777777,29.0
2023-10-22 19:52:47.568,9971,181,5,65,False,0,car,0 days 00:00:29.207000,0 days 01:51:45.335000,1724.6941666666667,29.0
2023-10-22 19:52:47.888,10232,187,5,78,False,0,car,0 days 00:00:29.527000,0 days 01:51:45.655000,1741.316388888889,29.0
2023-10-22 19:52:48.328,10578,197,5,78,False,0,car,0 days 00:00:29.967000,0 days 01:51:46.095000,1765.3941666666665,29.0
2023-10-22 19:52:48.688,11040,183,5,0,True,0,car,0 days 00:00:30.327000,0 days 01:51:46.455000,1783.6941666666667,29.0
2023-10-22 19:52:48.888,10793,178,4,0,True,0,car,0 days 00:00:30.527000,0 days 01:51:46.655000,1793.5830555555556,29.0
2023-10-22 19:52:49.048,10033,169,4,0,True,0,car,0 days 00:00:30.687000,0 days 01:51:46.815000,1801.0941666666668,29.0
2023-10-22 19:52:49.328,9590,157,4,0,False,0,car,0 days 00:00:30.967000,0 days 01:51:47.095000,1813.3052777777777,29.0
2023-10-22 19:52:49.488,9532,157,4,1,False,0,car,0 days 00:00:31.127000,0 days 01:51:47.255000,1820.2830555555556,29.0
2023-10-22 19:52:49.848,9109,149,4,10,False,0,car,0 days 00:00:31.487000,0 days 01:51:47.615000,1835.1830555555555,29.0
2023-10-22 19:52:50.088,8820,145,4,0,True,0,car,0 days 00:00:31.727000,0 days 01:51:47.855000,1844.8497222222222,29.0
2023-10-22 19:52:50.288,8481,141,4,0,True,0,car,0 days 00:00:31.927000,0 days 01:51:48.055000,1852.6830555555555,29.0
2023-10-22 19:52:50.488,8237,136,4,2,False,0,car,0 days 00:00:32.127000,0 days 01:51:48.255000,1860.2386111111111,29.0
2023-10-22 19:52:50.648,8184,131,4,12,False,0,car,0 days 00:00:32.287000,0 days 01:51:48.415000,1866.0608333333332,29.0
2023-10-22 19:52:50.968,8145,130,4,23,False,0,car,0 days 00:00:32.607000,0 days 01:51:48.735000,1877.6163888888889,29.0
2023-10-22 19:52:51.248,8642,132,4,47,False,0,car,0 days 00:00:32.887000,0 days 01:51:49.015000,1887.8830555555555,29.0
2023-10-22 19:52:51.408,8858,134,4,53,False,0,car,0 days 00:00:33.047000,0 days 01:51:49.175000,1893.838611111111,29.0
2023-10-22 19:52:51.608,9099,138,4,64,False,0,car,0 days 00:00:33.247000,0 days 01:51:49.375000,1901.5052777777778,29.0
2023-10-22 19:52:52.008,9595,151,4,51,False,0,car,0 days 00:00:33.647000,0 days 01:51:49.775000,1918.2830555555556,29.0
2023-10-22 19:52:52.408,9615,152,4,44,False,0,car,0 days 00:00:34.047000,0 days 01:51:50.175000,1935.1719444444445,29.0
2023-10-22 19:52:52.808,10061,154,4,54,False,0,car,0 days 00:00:34.447000,0 days 01:51:50.575000,1952.2830555555558,29.0
2023-10-22 19:52:53.207,10768,162,4,78,False,0,car,0 days 00:00:34.846000,0 days 01:51:50.974000,1970.2380555555555,29.0
2023-10-22 19:52:53.447,11121,169,4,91,False,0,car,0 days 00:00:35.086000,0 days 01:51:51.214000,1981.5047222222222,29.0
2023-10-22 19:52:53.728,11548,182,4,100,False,0,car,0 days 00:00:35.367000,0 days 01:51:51.495000,1995.7108333333333,29.0
2023-10-22 19:52:53.928,11128,187,4,100,False,0,car,0 days 00:00:35.567000,0 days 01:51:51.695000,2006.0997222222225,29.0
2023-10-22 19:52:54.168,10173,191,5,100,False,0,car,0 days 00:00:35.807000,0 days 01:51:51.935000,2018.8330555555558,29.0
2023-10-22 19:52:54.488,11392,206,5,100,False,0,car,0 days 00:00:36.127000,0 days 01:51:52.255000,2037.144166666667,29.0
2023-10-22 19:52:54.768,11472,214,5,100,False,0,car,0 days 00:00:36.407000,0 days 01:51:52.535000,2053.788611111111,29.0
2023-10-22 19:52:54.968,10912,220,5,100,False,0,car,0 days 00:00:36.607000,0 days 01:51:52.735000,2066.0108333333333,29.0
2023-10-22 19:52:55.288,11021,227,6,99,False,0,car,0 days 00:00:36.927000,0 days 01:51:53.055000,2086.188611111111,29.0
2023-10-22 19:52:55.448,11050,232,6,99,False,0,car,0 days 00:00:37.087000,0 days 01:51:53.215000,2096.4997222222223,29.0
2023-10-22 19:52:55.728,11365,238,6,99,False,0,car,0 days 00:00:37.367000,0 days 01:51:53.495000,2115.010833333333,29.0
2023-10-22 19:52:56.048,10995,245,6,100,False,0,car,0 days 00:00:37.687000,0 days 01:51:53.815000,2136.7886111111106,29.0
2023-10-22 19:52:56.448,10586,249,7,99,False,0,car,0 days 00:00:38.087000,0 days 01:51:54.215000,2164.4552777777776,29.0
2023-10-22 19:52:56.608,10628,253,7,99,False,0,car,0 days 00:00:38.247000,0 days 01:51:54.375000,2175.6997222222217,29.0
2023-10-22 19:52:56.968,10745,259,7,99,False,0,car,0 days 00:00:38.607000,0 days 01:51:54.735000,2201.5997222222218,29.0
2023-10-22 19:52:57.248,10938,263,7,100,False,0,car,0 days 00:00:38.887000,0 days 01:51:55.015000,2222.0552777777775,29.0
2023-10-22 19:52:57.408,11088,265,7,99,False,0,car,0 days 00:00:39.047000,0 days 01:51:55.175000,2233.833055555555,29.0
2023-10-22 19:52:57.648,11161,269,7,100,False,0,car,0 days 00:00:39.287000,0 days 01:51:55.415000,2251.7663888888883,29.0
2023-10-22 19:52:57.848,11225,271,7,99,False,0,car,0 days 00:00:39.487000,0 days 01:51:55.615000,2266.821944444444,29.0
2023-10-22 19:52:58.168,11402,275,7,100,False,0,car,0 days 00:00:39.807000,0 days 01:51:55.935000,2291.2663888888883,29.0
2023-10-22 19:52:58.528,10259,279,7,100,False,0,car,0 days 00:00:40.167000,0 days 01:51:56.295000,2319.1663888888884,29.0
2023-10-22 19:52:58.968,10399,282,8,100,False,0,car,0 days 00:00:40.607000,0 days 01:51:56.735000,2353.633055555555,29.0
2023-10-22 19:52:59.128,10509,285,8,99,False,0,car,0 days 00:00:40.767000,0 days 01:51:56.895000,2366.299722222222,29.0
2023-10-22 19:52:59.528,10156,280,8,0,True,0,car,0 days 00:00:41.167000,0 days 01:51:57.295000,2397.410833333333,29.0
2023-10-22 19:52:59.768,9118,253,8,0,True,0,car,0 days 00:00:41.407000,0 days 01:51:57.535000,2414.2774999999992,29.0
2023-10-22 19:53:00.007,9445,230,7,0,True,0,car,0 days 00:00:41.646000,0 days 01:51:57.774000,2429.546944444444,29.0
2023-10-22 19:53:00.208,9453,208,7,0,True,0,car,0 days 00:00:41.847000,0 days 01:51:57.975000,2441.160277777777,29.0
2023-10-22 19:53:00.528,8807,170,6,0,True,0,car,0 days 00:00:42.167000,0 days 01:51:58.295000,2456.2713888888884,29.0
2023-10-22 19:53:00.808,9608,161,5,0,True,0,car,0 days 00:00:42.447000,0 days 01:51:58.575000,2468.7936111111107,29.0
2023-10-22 19:53:01.008,9454,140,5,0,True,0,car,0 days 00:00:42.647000,0 days 01:51:58.775000,2476.5713888888886,29.0
2023-10-22 19:53:01.248,8548,122,3,0,True,0,car,0 days 00:00:42.887000,0 days 01:51:59.015000,2484.704722222222,29.0
2023-10-22 19:53:01.568,7455,107,3,0,True,0,car,0 days 00:00:43.207000,0 days 01:51:59.335000,2494.2158333333327,29.0
2023-10-22 19:53:01.848,6603,95,3,0,True,0,car,0 days 00:00:43.487000,0 days 01:51:59.615000,2501.604722222222,29.0
2023-10-22 19:53:02.248,5852,85,3,0,True,0,car,0 days 00:00:43.887000,0 days 01:52:00.015000,2511.049166666666,29.0
2023-10-22 19:53:02.568,5584,79,3,0,True,0,car,0 days 00:00:44.207000,0 days 01:52:00.335000,2518.0713888888886,29.0
2023-10-22 19:53:02.928,5135,74,3,0,False,0,car,0 days 00:00:44.567000,0 days 01:52:00.695000,2525.4713888888887,29.0
2023-10-22 19:53:03.248,5004,71,3,0,False,0,car,0 days 00:00:44.887000,0 days 01:52:01.015000,2531.7825,29.0
2023-10-22 19:53:03.528,5072,66,3,0,False,0,car,0 days 00:00:45.167000,0 days 01:52:01.295000,2536.915833333333,29.0
2023-10-22 19:53:03.728,4932,68,3,9,False,0,car,0 days 00:00:45.367000,0 days 01:52:01.495000,2540.693611111111,29.0
2023-10-22 19:53:04.008,4932,70,3,9,False,0,car,0 days 00:00:45.647000,0 days 01:52:01.775000,2546.138055555555,29.0
2023-10-22 19:53:04.288,5675,73,3,24,False,0,car,0 days 00:00:45.927000,0 days 01:52:02.055000,2551.815833333333,29.0
2023-10-22 19:53:04.608,5990,80,3,35,False,0,car,0 days 00:00:46.247000,0 days 01:52:02.375000,2558.9269444444444,29.0
2023-10-22 19:53:04.928,6818,89,3,41,False,0,car,0 days 00:00:46.567000,0 days 01:52:02.695000,2566.8380555555555,29.0
2023-10-22 19:53:05.248,7333,94,3,48,False,0,car,0 days 00:00:46.887000,0 days 01:52:03.015000,2575.193611111111,29.0
2023-10-22 19:53:05.448,8192,105,3,52,False,0,car,0 days 00:00:47.087000,0 days 01:52:03.215000,2581.0269444444443,29.0
2023-10-22 19:53:05.688,8624,109,3,62,False,0,car,0 days 00:00:47.327000,0 days 01:52:03.455000,2588.2936111111107,29.0
2023-10-22 19:53:05.968,9180,116,3,69,False,0,car,0 days 00:00:47.607000,0 days 01:52:03.735000,2597.315833333333,29.0
2023-10-22 19:53:06.288,10853,142,3,100,False,0,car,0 days 00:00:47.927000,0 days 01:52:04.055000,2609.9380555555554,29.0
2023-10-22 19:53:06.448,11009,149,3,100,False,0,car,0 days 00:00:48.087000,0 days 01:52:04.215000,2616.5602777777776,29.0
2023-10-22 19:53:06.727,10426,166,4,100,False,0,car,0 days 00:00:48.366000,0 days 01:52:04.494000,2629.4252777777774,29.0
2023-10-22 19:53:07.128,11084,183,4,100,False,0,car,0 days 00:00:48.767000,0 days 01:52:04.895000,2649.809444444444,29.0
2023-10-22 19:53:07.288,10213,187,5,100,False,0,car,0 days 00:00:48.927000,0 days 01:52:05.055000,2658.1205555555553,29.0
2023-10-22 19:53:07.448,10584,194,5,100,False,0,car,0 days 00:00:49.087000,0 days 01:52:05.215000,2666.7427777777775,29.0
2023-10-22 19:53:07.768,11130,204,5,99,False,0,car,0 days 00:00:49.407000,0 days 01:52:05.535000,2684.8761111111103,29.0
2023-10-22 19:53:08.168,10238,217,5,100,False,0,car,0 days 00:00:49.807000,0 days 01:52:05.935000,2708.9872222222216,29.0
2023-10-22 19:53:08.328,10456,222,6,100,False,0,car,0 days 00:00:49.967000,0 days 01:52:06.095000,2718.853888888888,29.0
2023-10-22 19:53:08.568,10726,227,6,100,False,0,car,0 days 00:00:50.207000,0 days 01:52:06.335000,2733.9872222222216,29.0
2023-10-22 19:53:08.808,11014,232,6,100,False,0,car,0 days 00:00:50.447000,0 days 01:52:06.575000,2749.4538888888883,29.0
2023-10-22 19:53:08.968,11184,236,6,100,False,0,car,0 days 00:00:50.607000,0 days 01:52:06.735000,2759.942777777777,29.0
2023-10-22 19:53:09.168,11361,238,6,100,False,0,car,0 days 00:00:50.807000,0 days 01:52:06.935000,2773.1649999999995,29.0
2023-10-22 19:53:09.328,11541,244,6,100,False,0,car,0 days 00:00:50.967000,0 days 01:52:07.095000,2784.009444444444,29.0
2023-10-22 19:53:09.568,11641,246,6,100,False,0,car,0 days 00:00:51.207000,0 days 01:52:07.335000,2800.409444444444,29.0
2023-10-22 19:53:09.808,10430,250,6,100,False,0,car,0 days 00:00:51.447000,0 days 01:52:07.575000,2817.076111111111,29.0
2023-10-22 19:53:10.048,10574,255,7,99,False,0,car,0 days 00:00:51.687000,0 days 01:52:07.815000,2834.0761111111105,29.0
2023-10-22 19:53:10.208,10707,256,7,100,False,0,car,0 days 00:00:51.847000,0 days 01:52:07.975000,2845.4538888888887,29.0
2023-10-22 19:53:10.448,10820,259,7,100,False,0,car,0 days 00:00:52.087000,0 days 01:52:08.215000,2862.7205555555556,29.0
2023-10-22 19:53:10.648,10870,263,7,100,False,0,car,0 days 00:00:52.287000,0 days 01:52:08.415000,2877.3316666666665,29.0
2023-10-22 19:53:10.808,10990,264,7,100,False,0,car,0 days 00:00:52.447000,0 days 01:52:08.575000,2889.065,29.0
2023-10-22 19:53:11.048,11050,267,7,100,False,0,car,0 days 00:00:52.687000,0 days 01:52:08.815000,2906.865,29.0
2023-10-22 19:53:11.248,11128,268,7,100,False,0,car,0 days 00:00:52.887000,0 days 01:52:09.015000,2921.753888888889,29.0
2023-10-22 19:53:11.448,11316,270,7,100,False,0,car,0 days 00:00:53.087000,0 days 01:52:09.215000,2936.753888888889,29.0
2023-10-22 19:53:11.688,11289,272,7,100,False,0,car,0 days 00:00:53.327000,0 days 01:52:09.455000,2954.8872222222217,29.0
2023-10-22 19:53:11.888,11357,274,7,100,False,0,car,0 days 00:00:53.527000,0 days 01:52:09.655000,2970.1094444444443,29.0
2023-10-22 19:53:12.088,11409,275,7,100,False,0,car,0 days 00:00:53.727000,0 days 01:52:09.855000,2985.3872222222217,29.0
2023-10-22 19:53:12.488,10219,278,8,100,False,0,car,0 days 00:00:54.127000,0 days 01:52:10.255000,3016.276111111111,29.0
2023-10-22 19:53:12.688,10225,279,8,100,False,0,car,0 days 00:00:54.327000,0 days 01:52:10.455000,3031.7761111111104,29.0
2023-10-22 19:53:13.088,10391,281,8,100,False,0,car,0 days 00:00:54.727000,0 days 01:52:10.855000,3062.9983333333325,29.0
2023-10-22 19:53:13.247,10370,282,8,100,False,0,car,0 days 00:00:54.886000,0 days 01:52:11.014000,3075.453333333333,29.0
2023-10-22 19:53:13.448,10492,284,8,100,False,0,car,0 days 00:00:55.087000,0 days 01:52:11.215000,3091.3099999999995,29.0
2023-10-22 19:53:13.768,10541,285,8,100,False,0,car,0 days 00:00:55.407000,0 days 01:52:11.535000,3116.643333333332,29.0
2023-10-22 19:53:13.968,10592,288,8,100,False,0,car,0 days 00:00:55.607000,0 days 01:52:11.735000,3132.6433333333325,29.0
2023-10-22 19:53:14.368,10700,291,8,100,False,0,car,0 days 00:00:56.007000,0 days 01:52:12.135000,3164.9766666666656,29.0
2023-10-22 19:53:14.688,10745,292,8,100,False,0,car,0 days 00:00:56.327000,0 days 01:52:12.455000,3190.9322222222213,29.0
2023-10-22 19:53:14.888,10779,293,8,100,False,0,car,0 days 00:00:56.527000,0 days 01:52:12.655000,3207.209999999999,29.0
2023-10-22 19:53:15.048,10821,294,8,100,False,0,car,0 days 00:00:56.687000,0 days 01:52:12.815000,3220.2766666666657,29.0
2023-10-22 19:53:15.408,10851,295,8,100,False,0,car,0 days 00:00:57.047000,0 days 01:52:13.175000,3249.7766666666657,29.0
2023-10-22 19:53:15.768,10892,296,8,100,False,0,car,0 days 00:00:57.407000,0 days 01:52:13.535000,3279.3766666666656,29.0
2023-10-22 19:53:16.048,10919,297,8,100,False,0,car,0 days 00:00:57.687000,0 days 01:52:13.815000,3302.4766666666656,29.0
2023-10-22 19:53:16.448,10937,297,8,100,False,0,car,0 days 00:00:58.087000,0 days 01:52:14.215000,3335.476666666666,29.0
2023-10-22 19:53:16.728,10979,298,8,100,False,0,car,0 days 00:00:58.367000,0 days 01:52:14.495000,3358.6544444444435,29.0
2023-10-22 19:53:17.088,10989,299,8,100,False,0,car,0 days 00:00:58.727000,0 days 01:52:14.855000,3388.5544444444436,29.0
2023-10-22 19:53:17.248,10993,299,8,100,False,0,car,0 days 00:00:58.887000,0 days 01:52:15.015000,3401.843333333333,29.0
2023-10-22 19:53:17.568,11021,299,8,100,False,0,car,0 days 00:00:59.207000,0 days 01:52:15.335000,3428.421111111111,29.0
2023-10-22 19:53:17.728,11015,299,8,98,False,0,car,0 days 00:00:59.367000,0 days 01:52:15.495000,3441.7099999999996,29.0
2023-10-22 19:53:17.968,11006,299,8,100,False,0,car,0 days 00:00:59.607000,0 days 01:52:15.735000,3461.643333333333,29.0
2023-10-22 19:53:18.208,11027,300,8,100,False,0,car,0 days 00:00:59.847000,0 days 01:52:15.975000,3481.643333333333,29.0
2023-10-22 19:53:18.408,11038,300,8,100,False,0,car,0 days 00:01:00.047000,0 days 01:52:16.175000,3498.3099999999995,29.0
2023-10-22 19:53:18.768,11080,300,8,100,False,0,car,0 days 00:01:00.407000,0 days 01:52:16.535000,3528.3099999999995,29.0
2023-10-22 19:53:19.008,11041,301,8,100,False,0,car,0 days 00:01:00.647000,0 days 01:52:16.775000,3548.376666666666,29.0
2023-10-22 19:53:19.168,10973,301,8,100,False,0,car,0 days 00:01:00.807000,0 days 01:52:16.935000,3561.7544444444443,29.0
2023-10-22 19:53:19.488,11055,295,8,0,False,0,car,0 days 00:01:01.127000,0 days 01:52:17.255000,3587.9766666666665,29.0
2023-10-22 19:53:19.688,10355,293,8,0,True,0,car,0 days 00:01:01.327000,0 days 01:52:17.455000,3604.254444444444,29.0
2023-10-22 19:53:19.848,9595,263,8,0,True,0,car,0 days 00:01:01.487000,0 days 01:52:17.615000,3615.943333333333,29.0
2023-10-22 19:53:20.128,9378,237,8,0,True,0,car,0 days 00:01:01.767000,0 days 01:52:17.895000,3634.3766666666666,29.0
2023-10-22 19:53:20.408,9518,199,8,0,True,0,car,0 days 00:01:02.047000,0 days 01:52:18.175000,3649.854444444444,29.0
2023-10-22 19:53:20.688,9843,166,6,0,True,0,car,0 days 00:01:02.327000,0 days 01:52:18.455000,3662.7655555555552,29.0
2023-10-22 19:53:20.928,9095,139,5,0,True,0,car,0 days 00:01:02.567000,0 days 01:52:18.695000,3672.032222222222,29.0
2023-10-22 19:53:21.248,8567,123,3,0,True,0,car,0 days 00:01:02.887000,0 days 01:52:19.015000,3682.9655555555555,29.0
2023-10-22 19:53:21.528,7704,111,3,0,True,0,car,0 days 00:01:03.167000,0 days 01:52:19.295000,3691.5988888888887,29.0
2023-10-22 19:53:21.688,7387,105,3,0,True,0,car,0 days 00:01:03.327000,0 days 01:52:19.455000,3696.2655555555552,29.0
2023-10-22 19:53:21.848,7112,104,3,0,True,0,car,0 days 00:01:03.487000,0 days 01:52:19.615000,3700.8877777777775,29.0
2023-10-22 19:53:22.128,6609,99,3,0,True,0,car,0 days 00:01:03.767000,0 days 01:52:19.895000,3708.5877777777773,29.0
2023-10-22 19:53:22.528,6336,89,3,0,False,0,car,0 days 00:01:04.167000,0 days 01:52:20.295000,3718.476666666666,29.0
2023-10-22 19:53:22.688,6215,89,3,0,False,0,car,0 days 00:01:04.327000,0 days 01:52:20.455000,3722.4322222222213,29.0
2023-10-22 19:53:23.008,6434,85,3,18,False,0,car,0 days 00:01:04.647000,0 days 01:52:20.775000,3729.987777777777,29.0
2023-10-22 19:53:23.328,6933,91,3,38,False,0,car,0 days 00:01:04.967000,0 days 01:52:21.095000,3738.0766666666655,29.0
2023-10-22 19:53:23.528,7217,96,3,46,False,0,car,0 days 00:01:05.167000,0 days 01:52:21.295000,3743.409999999999,29.0
2023-10-22 19:53:23.808,7978,102,3,53,False,0,car,0 days 00:01:05.447000,0 days 01:52:21.575000,3751.3433333333323,29.0
2023-10-22 19:53:24.008,8496,108,3,59,False,0,car,0 days 00:01:05.647000,0 days 01:52:21.775000,3757.3433333333323,29.0
2023-10-22 19:53:24.168,8818,116,3,63,False,0,car,0 days 00:01:05.807000,0 days 01:52:21.935000,3762.498888888888,29.0
2023-10-22 19:53:24.448,9466,129,3,69,False,0,car,0 days 00:01:06.087000,0 days 01:52:22.215000,3772.532222222221,29.0
2023-10-22 19:53:24.608,10248,133,3,74,False,0,car,0 days 00:01:06.247000,0 days 01:52:22.375000,3778.4433333333322,29.0
2023-10-22 19:53:24.808,10743,142,3,93,False,0,car,0 days 00:01:06.447000,0 days 01:52:22.575000,3786.3322222222214,29.0
2023-10-22 19:53:25.048,11776,157,3,100,False,0,car,0 days 00:01:06.687000,0 days 01:52:22.815000,3796.7988888888876,29.0
2023-10-22 19:53:25.408,10826,170,4,100,False,0,car,0 days 00:01:07.047000,0 days 01:52:23.175000,3813.7988888888876,29.0
2023-10-22 19:53:25.688,11421,178,4,100,False,0,car,0 days 00:01:07.327000,0 days 01:52:23.455000,3827.643333333332,29.0
2023-10-22 19:53:26.048,10463,191,5,100,False,0,car,0 days 00:01:07.687000,0 days 01:52:23.815000,3846.743333333332,29.0
2023-10-22 19:53:26.529,10824,179,5,0,True,0,car,0 days 00:01:08.168000,0 days 01:52:24.296000,3870.6597222222213,29.0
2023-10-22 19:53:26.928,10772,153,4,0,True,0,car,0 days 00:01:08.567000,0 days 01:52:24.695000,3887.617222222221,29.0
2023-10-22 19:53:27.248,9682,138,3,0,True,0,car,0 days 00:01:08.887000,0 days 01:52:25.015000,3899.8838888888877,29.0
2023-10-22 19:53:27.488,8964,128,3,0,True,0,car,0 days 00:01:09.127000,0 days 01:52:25.255000,3908.417222222221,29.0
2023-10-22 19:53:27.688,8518,121,3,0,True,0,car,0 days 00:01:09.327000,0 days 01:52:25.455000,3915.139444444443,29.0
2023-10-22 19:53:28.008,7871,114,3,0,True,0,car,0 days 00:01:09.647000,0 days 01:52:25.775000,3925.272777777777,29.0
2023-10-22 19:53:28.288,7461,107,3,0,True,0,car,0 days 00:01:09.927000,0 days 01:52:26.055000,3933.594999999999,29.0
2023-10-22 19:53:28.528,7358,101,3,0,False,0,car,0 days 00:01:10.167000,0 days 01:52:26.295000,3940.328333333332,29.0
2023-10-22 19:53:28.968,6730,96,3,0,False,0,car,0 days 00:01:10.607000,0 days 01:52:26.735000,3952.061666666665,29.0
2023-10-22 19:53:29.328,7022,93,3,14,False,0,car,0 days 00:01:10.967000,0 days 01:52:27.095000,3961.3616666666653,29.0
2023-10-22 19:53:29.608,7309,94,3,36,False,0,car,0 days 00:01:11.247000,0 days 01:52:27.375000,3968.6727777777764,29.0
2023-10-22 19:53:29.808,7670,98,3,38,False,0,car,0 days 00:01:11.447000,0 days 01:52:27.575000,3974.117222222221,29.0
2023-10-22 19:53:30.088,7969,104,3,39,False,0,car,0 days 00:01:11.727000,0 days 01:52:27.855000,3982.2061111111097,29.0
2023-10-22 19:53:30.288,8139,108,3,50,False,0,car,0 days 00:01:11.927000,0 days 01:52:28.055000,3988.2061111111097,29.0
2023-10-22 19:53:30.528,8831,116,3,53,False,0,car,0 days 00:01:12.167000,0 days 01:52:28.295000,3995.939444444443,29.0
2023-10-22 19:53:30.688,9036,118,3,58,False,0,car,0 days 00:01:12.327000,0 days 01:52:28.455000,4001.1838888888874,29.0
2023-10-22 19:53:30.848,9036,124,3,58,False,0,car,0 days 00:01:12.487000,0 days 01:52:28.615000,4006.6949999999983,29.0
2023-10-22 19:53:31.048,9456,132,3,58,False,0,car,0 days 00:01:12.687000,0 days 01:52:28.815000,4014.028333333332,29.0
2023-10-22 19:53:31.248,10468,138,3,70,False,0,car,0 days 00:01:12.887000,0 days 01:52:29.015000,4021.694999999999,29.0
2023-10-22 19:53:31.488,11306,147,3,94,False,0,car,0 days 00:01:13.127000,0 days 01:52:29.255000,4031.4949999999985,29.0
2023-10-22 19:53:31.648,11460,154,3,100,False,0,car,0 days 00:01:13.287000,0 days 01:52:29.415000,4038.3394444444434,29.0
2023-10-22 19:53:31.928,10421,164,3,100,False,0,car,0 days 00:01:13.567000,0 days 01:52:29.695000,4051.0949999999984,29.0
2023-10-22 19:53:32.088,10598,167,4,100,False,0,car,0 days 00:01:13.727000,0 days 01:52:29.855000,4058.5172222222213,29.0
2023-10-22 19:53:32.408,11230,176,4,100,False,0,car,0 days 00:01:14.047000,0 days 01:52:30.175000,4074.1616666666655,29.0
2023-10-22 19:53:32.688,10231,185,4,100,False,0,car,0 days 00:01:14.327000,0 days 01:52:30.455000,4088.5505555555546,29.0
2023-10-22 19:53:33.008,10412,190,5,68,True,0,car,0 days 00:01:14.647000,0 days 01:52:30.775000,4105.439444444444,29.0
2023-10-22 19:53:33.289,9380,181,5,0,True,0,car,0 days 00:01:14.928000,0 days 01:52:31.056000,4119.567499999999,29.0
2023-10-22 19:53:33.568,10161,166,5,0,True,0,car,0 days 00:01:15.207000,0 days 01:52:31.335000,4132.432499999999,29.0
2023-10-22 19:53:33.808,9263,156,4,0,True,0,car,0 days 00:01:15.447000,0 days 01:52:31.575000,4142.8324999999995,29.0
2023-10-22 19:53:33.968,9673,147,4,0,True,0,car,0 days 00:01:15.607000,0 days 01:52:31.735000,4149.365833333332,29.0
2023-10-22 19:53:34.208,9638,139,3,0,True,0,car,0 days 00:01:15.847000,0 days 01:52:31.975000,4158.632499999999,29.0
2023-10-22 19:53:34.408,9094,131,3,0,True,0,car,0 days 00:01:16.047000,0 days 01:52:32.175000,4165.910277777777,29.0
2023-10-22 19:53:34.688,8407,120,3,0,True,0,car,0 days 00:01:16.327000,0 days 01:52:32.455000,4175.24361111111,29.0
2023-10-22 19:53:34.848,7803,112,3,0,True,0,car,0 days 00:01:16.487000,0 days 01:52:32.615000,4180.221388888888,29.0
2023-10-22 19:53:35.008,7502,109,3,0,True,0,car,0 days 00:01:16.647000,0 days 01:52:32.775000,4185.065833333333,29.0
2023-10-22 19:53:35.208,7163,103,3,0,True,0,car,0 days 00:01:16.847000,0 days 01:52:32.975000,4190.788055555555,29.0
2023-10-22 19:53:35.368,7038,102,3,0,True,0,car,0 days 00:01:17.007000,0 days 01:52:33.135000,4195.321388888889,29.0
2023-10-22 19:53:35.568,6664,94,3,0,True,0,car,0 days 00:01:17.207000,0 days 01:52:33.335000,4200.54361111111,29.0
2023-10-22 19:53:35.808,6201,90,3,0,True,0,car,0 days 00:01:17.447000,0 days 01:52:33.575000,4206.54361111111,29.0
2023-10-22 19:53:35.968,6114,86,3,0,True,0,car,0 days 00:01:17.607000,0 days 01:52:33.735000,4210.365833333332,29.0
2023-10-22 19:53:36.288,5652,82,3,0,False,0,car,0 days 00:01:17.927000,0 days 01:52:34.055000,4217.654722222222,29.0
2023-10-22 19:53:36.488,5562,80,3,0,False,0,car,0 days 00:01:18.127000,0 days 01:52:34.255000,4222.099166666666,29.0
2023-10-22 19:53:36.648,5667,79,3,0,False,0,car,0 days 00:01:18.287000,0 days 01:52:34.415000,4225.610277777777,29.0
2023-10-22 19:53:36.928,5817,77,3,19,False,0,car,0 days 00:01:18.567000,0 days 01:52:34.695000,4231.599166666666,29.0
2023-10-22 19:53:37.368,6497,85,3,38,False,0,car,0 days 00:01:19.007000,0 days 01:52:35.135000,4241.988055555556,29.0
2023-10-22 19:53:37.688,7072,93,3,46,False,0,car,0 days 00:01:19.327000,0 days 01:52:35.455000,4250.254722222222,29.0
2023-10-22 19:53:38.128,8076,107,3,55,False,0,car,0 days 00:01:19.767000,0 days 01:52:35.895000,4263.3324999999995,29.0
2023-10-22 19:53:38.608,9602,124,3,80,False,0,car,0 days 00:01:20.247000,0 days 01:52:36.375000,4279.865833333333,29.0
2023-10-22 19:53:38.768,10162,129,3,80,False,0,car,0 days 00:01:20.407000,0 days 01:52:36.535000,4285.599166666667,29.0
2023-10-22 19:53:38.968,11122,145,3,100,False,0,car,0 days 00:01:20.607000,0 days 01:52:36.735000,4293.6547222222225,29.0
2023-10-22 19:53:39.128,11175,154,3,100,False,0,car,0 days 00:01:20.767000,0 days 01:52:36.895000,4300.4991666666665,29.0
2023-10-22 19:53:39.328,10356,159,3,100,False,0,car,0 days 00:01:20.967000,0 days 01:52:37.095000,4309.3324999999995,29.0
2023-10-22 19:53:39.689,11125,176,4,100,False,0,car,0 days 00:01:21.328000,0 days 01:52:37.456000,4326.981388888888,29.0
2023-10-22 19:53:39.969,11111,183,4,100,False,0,car,0 days 00:01:21.608000,0 days 01:52:37.736000,4341.214722222222,29.0
2023-10-22 19:53:40.248,10696,197,4,100,False,0,car,0 days 00:01:21.887000,0 days 01:52:38.015000,4356.482222222222,29.0
2023-10-22 19:53:40.568,11199,206,5,100,False,0,car,0 days 00:01:22.207000,0 days 01:52:38.335000,4374.793333333333,29.0
2023-10-22 19:53:40.808,11408,212,5,100,False,0,car,0 days 00:01:22.447000,0 days 01:52:38.575000,4388.926666666667,29.0
2023-10-22 19:53:41.008,10555,215,5,100,False,0,car,0 days 00:01:22.647000,0 days 01:52:38.775000,4400.8711111111115,29.0
2023-10-22 19:53:41.248,10331,219,6,100,False,0,car,0 days 00:01:22.887000,0 days 01:52:39.015000,4415.471111111111,29.0
2023-10-22 19:53:41.408,10691,222,6,100,False,0,car,0 days 00:01:23.047000,0 days 01:52:39.175000,4425.337777777778,29.0
2023-10-22 19:53:41.728,10729,226,6,100,False,0,car,0 days 00:01:23.367000,0 days 01:52:39.495000,4445.426666666667,29.0
2023-10-22 19:53:41.968,10824,228,6,100,False,0,car,0 days 00:01:23.607000,0 days 01:52:39.735000,4460.626666666667,29.0
2023-10-22 19:53:42.208,10997,228,6,100,False,0,car,0 days 00:01:23.847000,0 days 01:52:39.975000,4475.826666666667,29.0
2023-10-22 19:53:42.488,11025,231,6,100,False,0,car,0 days 00:01:24.127000,0 days 01:52:40.255000,4493.793333333334,29.0
2023-10-22 19:53:42.808,11065,234,6,74,False,0,car,0 days 00:01:24.447000,0 days 01:52:40.575000,4514.593333333334,29.0
2023-10-22 19:53:42.968,11042,233,6,64,False,0,car,0 days 00:01:24.607000,0 days 01:52:40.735000,4524.948888888889,29.0
2023-10-22 19:53:43.288,11155,233,6,70,False,0,car,0 days 00:01:24.927000,0 days 01:52:41.055000,4545.660000000001,29.0
2023-10-22 19:53:43.648,11290,235,6,87,False,0,car,0 days 00:01:25.287000,0 days 01:52:41.415000,4569.160000000001,29.0
2023-10-22 19:53:43.928,11394,240,6,100,False,0,car,0 days 00:01:25.567000,0 days 01:52:41.695000,4587.826666666667,29.0
2023-10-22 19:53:44.128,11578,242,6,100,False,0,car,0 days 00:01:25.767000,0 days 01:52:41.895000,4601.271111111111,29.0
2023-10-22 19:53:44.408,11696,243,6,100,False,0,car,0 days 00:01:26.047000,0 days 01:52:42.175000,4620.171111111111,29.0
2023-10-22 19:53:44.688,11408,246,6,100,False,0,car,0 days 00:01:26.327000,0 days 01:52:42.455000,4639.304444444444,29.0
2023-10-22 19:53:44.848,10398,249,7,100,False,0,car,0 days 00:01:26.487000,0 days 01:52:42.615000,4650.371111111111,29.0
2023-10-22 19:53:45.048,10427,250,7,100,False,0,car,0 days 00:01:26.687000,0 days 01:52:42.815000,4664.259999999999,29.0
2023-10-22 19:53:45.368,10482,251,7,100,False,0,car,0 days 00:01:27.007000,0 days 01:52:43.135000,4686.571111111111,29.0
2023-10-22 19:53:45.688,10627,252,7,100,False,0,car,0 days 00:01:27.327000,0 days 01:52:43.455000,4708.971111111111,29.0
2023-10-22 19:53:45.848,10611,254,7,100,False,0,car,0 days 00:01:27.487000,0 days 01:52:43.615000,4720.259999999999,29.0
2023-10-22 19:53:46.088,10666,254,7,100,False,0,car,0 days 00:01:27.727000,0 days 01:52:43.855000,4737.193333333334,29.0
2023-10-22 19:53:46.329,10667,257,7,100,False,0,car,0 days 00:01:27.968000,0 days 01:52:44.096000,4754.398055555555,29.0
2023-10-22 19:53:46.489,10667,256,7,100,False,0,car,0 days 00:01:28.128000,0 days 01:52:44.256000,4765.775833333333,29.0
2023-10-22 19:53:46.729,10716,259,7,100,False,0,car,0 days 00:01:28.368000,0 days 01:52:44.496000,4783.0425,29.0
2023-10-22 19:53:47.208,10879,261,7,100,False,0,car,0 days 00:01:28.847000,0 days 01:52:44.975000,4817.7699999999995,29.0
2023-10-22 19:53:47.408,10934,262,7,100,False,0,car,0 days 00:01:29.047000,0 days 01:52:45.175000,4832.325555555555,29.0
2023-10-22 19:53:47.608,10995,264,7,99,False,0,car,0 days 00:01:29.247000,0 days 01:52:45.375000,4846.992222222222,29.0
2023-10-22 19:53:47.848,11026,266,7,100,False,0,car,0 days 00:01:29.487000,0 days 01:52:45.615000,4864.725555555555,29.0
2023-10-22 19:53:48.128,11301,259,7,8,True,0,car,0 days 00:01:29.767000,0 days 01:52:45.895000,4884.869999999999,29.0
2023-10-22 19:53:48.408,10654,242,7,0,True,0,car,0 days 00:01:30.047000,0 days 01:52:46.175000,4903.692222222221,29.0
2023-10-22 19:53:48.608,10238,225,6,0,True,0,car,0 days 00:01:30.247000,0 days 01:52:46.375000,4916.192222222221,29.0
2023-10-22 19:53:49.048,10502,199,5,0,True,0,car,0 days 00:01:30.687000,0 days 01:52:46.815000,4940.514444444443,29.0
2023-10-22 19:53:49.528,9570,184,5,0,True,0,car,0 days 00:01:31.167000,0 days 01:52:47.295000,4965.047777777777,29.0
2023-10-22 19:53:49.928,9050,171,5,0,False,0,car,0 days 00:01:31.567000,0 days 01:52:47.695000,4984.047777777777,29.0
2023-10-22 19:53:50.328,9397,168,5,56,False,0,car,0 days 00:01:31.967000,0 days 01:52:48.095000,5002.714444444444,29.0
2023-10-22 19:53:50.688,9652,177,5,98,False,0,car,0 days 00:01:32.327000,0 days 01:52:48.455000,5020.414444444444,29.0
2023-10-22 19:53:51.128,10548,194,5,100,False,0,car,0 days 00:01:32.767000,0 days 01:52:48.895000,5044.1255555555545,29.0
2023-10-22 19:53:51.368,10923,198,5,100,False,0,car,0 days 00:01:33.007000,0 days 01:52:49.135000,5057.325555555555,29.0
2023-10-22 19:53:51.728,11233,207,5,100,False,0,car,0 days 00:01:33.367000,0 days 01:52:49.495000,5078.025555555555,29.0
2023-10-22 19:53:51.968,11473,210,5,100,False,0,car,0 days 00:01:33.607000,0 days 01:52:49.735000,5092.025555555555,29.0
2023-10-22 19:53:52.168,10966,214,5,100,False,0,car,0 days 00:01:33.807000,0 days 01:52:49.935000,5103.914444444444,29.0
2023-10-22 19:53:52.488,10375,220,6,100,False,0,car,0 days 00:01:34.127000,0 days 01:52:50.255000,5123.469999999998,29.0
2023-10-22 19:53:52.768,10590,224,6,100,False,0,car,0 days 00:01:34.407000,0 days 01:52:50.535000,5140.892222222221,29.0
2023-10-22 19:53:53.049,10590,228,6,100,False,0,car,0 days 00:01:34.688000,0 days 01:52:50.816000,5158.688888888888,29.0
2023-10-22 19:53:53.409,10433,218,6,0,True,0,car,0 days 00:01:35.048000,0 days 01:52:51.176000,5180.488888888888,29.0
2023-10-22 19:53:53.569,10369,197,6,0,True,0,car,0 days 00:01:35.208000,0 days 01:52:51.336000,5189.244444444444,29.0
2023-10-22 19:53:54.008,10289,159,5,0,True,0,car,0 days 00:01:35.647000,0 days 01:52:51.775000,5208.63361111111,29.0
2023-10-22 19:53:54.328,9485,132,3,0,True,0,car,0 days 00:01:35.967000,0 days 01:52:52.095000,5220.366944444443,29.0
2023-10-22 19:53:54.568,8542,122,3,0,True,0,car,0 days 00:01:36.207000,0 days 01:52:52.335000,5228.500277777776,29.0
2023-10-22 19:53:54.848,7724,111,3,0,True,0,car,0 days 00:01:36.487000,0 days 01:52:52.615000,5237.1336111111095,29.0
2023-10-22 19:53:55.088,7348,105,3,0,True,0,car,0 days 00:01:36.727000,0 days 01:52:52.855000,5244.1336111111095,29.0
2023-10-22 19:53:55.448,6920,98,3,0,True,0,car,0 days 00:01:37.087000,0 days 01:52:53.215000,5253.93361111111,29.0
2023-10-22 19:53:55.648,6703,95,3,0,False,0,car,0 days 00:01:37.287000,0 days 01:52:53.415000,5259.211388888888,29.0
2023-10-22 19:53:55.808,6573,92,3,0,False,0,car,0 days 00:01:37.447000,0 days 01:52:53.575000,5263.3002777777765,29.0
2023-10-22 19:53:56.168,6716,90,3,14,False,0,car,0 days 00:01:37.807000,0 days 01:52:53.935000,5272.3002777777765,29.0
2023-10-22 19:53:56.488,6980,90,3,30,False,0,car,0 days 00:01:38.127000,0 days 01:52:54.255000,5280.3002777777765,29.0
2023-10-22 19:53:56.888,7643,97,3,45,False,0,car,0 days 00:01:38.527000,0 days 01:52:54.655000,5291.078055555555,29.0
2023-10-22 19:53:57.048,7754,100,3,46,False,0,car,0 days 00:01:38.687000,0 days 01:52:54.815000,5295.522499999999,29.0
2023-10-22 19:53:57.328,8629,112,3,59,False,0,car,0 days 00:01:38.967000,0 days 01:52:55.095000,5304.23361111111,29.0
2023-10-22 19:53:57.568,9072,119,3,62,False,0,car,0 days 00:01:39.207000,0 days 01:52:55.335000,5312.166944444443,29.0
2023-10-22 19:53:57.768,9743,123,3,72,False,0,car,0 days 00:01:39.407000,0 days 01:52:55.535000,5319.000277777776,29.0
2023-10-22 19:53:57.928,10120,136,3,77,False,0,car,0 days 00:01:39.567000,0 days 01:52:55.695000,5325.044722222221,29.0
2023-10-22 19:53:58.368,11865,155,3,100,False,0,car,0 days 00:01:40.007000,0 days 01:52:56.135000,5343.989166666666,29.0
2023-10-22 19:53:58.768,11070,173,4,100,False,0,car,0 days 00:01:40.407000,0 days 01:52:56.535000,5363.211388888888,29.0
2023-10-22 19:53:59.048,11698,176,4,100,False,0,car,0 days 00:01:40.687000,0 days 01:52:56.815000,5376.900277777777,29.0
2023-10-22 19:53:59.368,10671,195,5,100,False,0,car,0 days 00:01:41.007000,0 days 01:52:57.135000,5394.233611111111,29.0
2023-10-22 19:53:59.769,11405,207,5,100,False,0,car,0 days 00:01:41.408000,0 days 01:52:57.536000,5417.291111111111,29.0
2023-10-22 19:53:59.969,11660,212,5,100,False,0,car,0 days 00:01:41.608000,0 days 01:52:57.736000,5429.068888888889,29.0
2023-10-22 19:54:00.329,10623,222,6,100,False,0,car,0 days 00:00:00.310000,0 days 01:52:58.096000,19.116666666666667,30.0
2023-10-22 19:54:00.608,10918,227,6,100,False,0,car,0 days 00:00:00.589000,0 days 01:52:58.375000,36.70916666666666,30.0
2023-10-22 19:54:01.008,11189,235,6,100,False,0,car,0 days 00:00:00.989000,0 days 01:52:58.775000,62.820277777777775,30.0
2023-10-22 19:54:01.208,11434,239,6,100,False,0,car,0 days 00:00:01.189000,0 days 01:52:58.975000,76.09805555555556,30.0
2023-10-22 19:54:01.368,11520,243,6,100,False,0,car,0 days 00:00:01.349000,0 days 01:52:59.135000,86.89805555555556,30.0
2023-10-22 19:54:01.528,11722,246,6,100,False,0,car,0 days 00:00:01.509000,0 days 01:52:59.295000,97.83138888888888,30.0
2023-10-22 19:54:01.808,10379,250,6,100,False,0,car,0 days 00:00:01.789000,0 days 01:52:59.575000,117.27583333333332,30.0
2023-10-22 19:54:02.048,10598,253,7,100,False,0,car,0 days 00:00:02.029000,0 days 01:52:59.815000,134.14249999999998,30.0
2023-10-22 19:54:02.248,10621,256,7,100,False,0,car,0 days 00:00:02.229000,0 days 01:53:00.015000,148.3647222222222,30.0
2023-10-22 19:54:02.528,10843,261,7,100,False,0,car,0 days 00:00:02.509000,0 days 01:53:00.295000,168.6647222222222,30.0
2023-10-22 19:54:02.768,10956,263,7,100,False,0,car,0 days 00:00:02.749000,0 days 01:53:00.535000,186.19805555555556,30.0
2023-10-22 19:54:03.168,11120,268,7,100,False,0,car,0 days 00:00:03.149000,0 days 01:53:00.935000,215.97583333333333,30.0
2023-10-22 19:54:03.368,11183,269,7,100,False,0,car,0 days 00:00:03.349000,0 days 01:53:01.135000,230.92027777777778,30.0
2023-10-22 19:54:03.608,11315,271,7,100,False,0,car,0 days 00:00:03.589000,0 days 01:53:01.375000,248.98694444444442,30.0
2023-10-22 19:54:03.968,11439,274,7,100,False,0,car,0 days 00:00:03.949000,0 days 01:53:01.735000,276.3869444444444,30.0
2023-10-22 19:54:04.128,11510,276,7,100,False,0,car,0 days 00:00:04.109000,0 days 01:53:01.895000,288.65361111111105,30.0
2023-10-22 19:54:04.328,11531,278,7,99,False,0,car,0 days 00:00:04.309000,0 days 01:53:02.095000,304.0980555555555,30.0
2023-10-22 19:54:04.488,11603,279,7,100,False,0,car,0 days 00:00:04.469000,0 days 01:53:02.255000,316.49805555555554,30.0
2023-10-22 19:54:04.728,10345,281,8,100,False,0,car,0 days 00:00:04.709000,0 days 01:53:02.495000,335.23138888888883,30.0
2023-10-22 19:54:04.968,10341,282,8,100,False,0,car,0 days 00:00:04.949000,0 days 01:53:02.735000,354.03138888888884,30.0
2023-10-22 19:54:05.168,10404,283,8,100,False,0,car,0 days 00:00:05.149000,0 days 01:53:02.935000,369.75361111111107,30.0
2023-10-22 19:54:05.608,10333,282,8,100,False,0,car,0 days 00:00:05.589000,0 days 01:53:03.375000,404.22027777777777,30.0
2023-10-22 19:54:05.928,10343,281,8,100,False,0,car,0 days 00:00:05.909000,0 days 01:53:03.695000,429.19805555555547,30.0
2023-10-22 19:54:06.209,10323,280,8,100,False,0,car,0 days 00:00:06.190000,0 days 01:53:03.976000,451.0536111111111,30.0
2023-10-22 19:54:06.569,10303,279,8,100,False,0,car,0 days 00:00:06.550000,0 days 01:53:04.336000,478.95361111111106,30.0
2023-10-22 19:54:06.769,10260,279,8,100,False,0,car,0 days 00:00:06.750000,0 days 01:53:04.536000,494.45361111111106,30.0
2023-10-22 19:54:07.248,9157,248,8,0,True,0,car,0 days 00:00:07.229000,0 days 01:53:05.015000,527.4513888888888,30.0
2023-10-22 19:54:07.568,8630,214,8,0,True,0,car,0 days 00:00:07.549000,0 days 01:53:05.335000,546.473611111111,30.0
2023-10-22 19:54:07.768,8795,214,8,0,True,0,car,0 days 00:00:07.749000,0 days 01:53:05.535000,558.3624999999998,30.0
2023-10-22 19:54:07.968,8408,170,8,0,True,0,car,0 days 00:00:07.949000,0 days 01:53:05.735000,567.8069444444443,30.0
2023-10-22 19:54:08.168,8361,155,7,0,True,0,car,0 days 00:00:08.149000,0 days 01:53:05.935000,576.4180555555554,30.0
2023-10-22 19:54:08.448,8711,134,4,0,True,0,car,0 days 00:00:08.429000,0 days 01:53:06.215000,586.8402777777776,30.0
2023-10-22 19:54:08.688,8611,124,3,0,True,0,car,0 days 00:00:08.669000,0 days 01:53:06.455000,595.1069444444443,30.0
2023-10-22 19:54:09.048,7358,106,3,0,True,0,car,0 days 00:00:09.029000,0 days 01:53:06.815000,605.7069444444443,30.0
2023-10-22 19:54:09.408,6590,97,3,0,True,0,car,0 days 00:00:09.389000,0 days 01:53:07.175000,615.4069444444442,30.0
2023-10-22 19:54:09.568,6300,92,3,0,True,0,car,0 days 00:00:09.549000,0 days 01:53:07.335000,619.495833333333,30.0
2023-10-22 19:54:09.768,5916,88,3,0,True,0,car,0 days 00:00:09.749000,0 days 01:53:07.535000,624.384722222222,30.0
2023-10-22 19:54:09.968,5918,84,3,0,False,0,car,0 days 00:00:09.949000,0 days 01:53:07.735000,629.0513888888886,30.0
2023-10-22 19:54:10.128,5618,84,3,0,False,0,car,0 days 00:00:10.109000,0 days 01:53:07.895000,632.784722222222,30.0
2023-10-22 19:54:10.408,5479,78,3,0,False,0,car,0 days 00:00:10.389000,0 days 01:53:08.175000,638.8513888888886,30.0
2023-10-22 19:54:10.688,5947,75,3,12,False,0,car,0 days 00:00:10.669000,0 days 01:53:08.455000,644.6847222222219,30.0
2023-10-22 19:54:11.128,5942,80,3,28,False,0,car,0 days 00:00:11.109000,0 days 01:53:08.895000,654.4624999999996,30.0
2023-10-22 19:54:11.288,6445,82,3,40,False,0,car,0 days 00:00:11.269000,0 days 01:53:09.055000,658.1069444444441,30.0
2023-10-22 19:54:11.648,7130,92,3,44,False,0,car,0 days 00:00:11.629000,0 days 01:53:09.415000,667.3069444444441,30.0
2023-10-22 19:54:11.968,8001,100,3,48,False,0,car,0 days 00:00:11.949000,0 days 01:53:09.735000,676.195833333333,30.0
2023-10-22 19:54:12.128,8106,107,3,54,False,0,car,0 days 00:00:12.109000,0 days 01:53:09.895000,680.9513888888886,30.0
2023-10-22 19:54:12.288,8465,111,3,55,False,0,car,0 days 00:00:12.269000,0 days 01:53:10.055000,685.8847222222219,30.0
2023-10-22 19:54:12.448,9083,118,3,59,False,0,car,0 days 00:00:12.429000,0 days 01:53:10.215000,691.1291666666663,30.0
2023-10-22 19:54:12.649,9953,121,3,67,False,0,car,0 days 00:00:12.630000,0 days 01:53:10.416000,697.8849999999996,30.0
2023-10-22 19:54:13.009,10818,138,3,82,False,0,car,0 days 00:00:12.990000,0 days 01:53:10.776000,711.6849999999996,30.0
2023-10-22 19:54:13.409,10209,157,4,99,False,0,car,0 days 00:00:13.390000,0 days 01:53:11.176000,729.1294444444441,30.0
2023-10-22 19:54:13.569,11225,167,4,100,False,0,car,0 days 00:00:13.550000,0 days 01:53:11.336000,736.5516666666663,30.0
2023-10-22 19:54:13.848,11481,180,4,99,False,0,car,0 days 00:00:13.829000,0 days 01:53:11.615000,750.5016666666663,30.0
2023-10-22 19:54:14.208,10529,193,5,99,False,0,car,0 days 00:00:14.189000,0 days 01:53:11.975000,769.8016666666663,30.0
2023-10-22 19:54:14.488,11097,204,5,99,False,0,car,0 days 00:00:14.469000,0 days 01:53:12.255000,785.668333333333,30.0
2023-10-22 19:54:14.648,11459,210,5,99,False,0,car,0 days 00:00:14.629000,0 days 01:53:12.415000,795.0016666666663,30.0
2023-10-22 19:54:15.048,10491,219,6,99,False,0,car,0 days 00:00:15.029000,0 days 01:53:12.815000,819.3349999999997,30.0
2023-10-22 19:54:15.208,10822,220,6,99,False,0,car,0 days 00:00:15.189000,0 days 01:53:12.975000,829.1127777777775,30.0
2023-10-22 19:54:15.368,10822,227,6,99,False,0,car,0 days 00:00:15.349000,0 days 01:53:13.135000,839.2016666666664,30.0
2023-10-22 19:54:15.568,10940,231,6,99,False,0,car,0 days 00:00:15.549000,0 days 01:53:13.335000,852.0349999999996,30.0
2023-10-22 19:54:15.768,11230,236,6,99,False,0,car,0 days 00:00:15.749000,0 days 01:53:13.535000,865.1461111111108,30.0
2023-10-22 19:54:15.968,11379,239,6,100,False,0,car,0 days 00:00:15.949000,0 days 01:53:13.735000,878.4238888888885,30.0
2023-10-22 19:54:16.288,11585,244,6,100,False,0,car,0 days 00:00:16.269000,0 days 01:53:14.055000,900.1127777777773,30.0
2023-10-22 19:54:16.528,11309,247,6,99,False,0,car,0 days 00:00:16.509000,0 days 01:53:14.295000,916.5794444444441,30.0
2023-10-22 19:54:16.808,10449,249,7,100,False,0,car,0 days 00:00:16.789000,0 days 01:53:14.575000,935.9461111111109,30.0
2023-10-22 19:54:17.008,10535,252,7,100,False,0,car,0 days 00:00:16.989000,0 days 01:53:14.775000,949.9461111111109,30.0
2023-10-22 19:54:17.248,10642,256,7,100,False,0,car,0 days 00:00:17.229000,0 days 01:53:15.015000,967.0127777777775,30.0
2023-10-22 19:54:17.488,10724,258,7,99,False,0,car,0 days 00:00:17.469000,0 days 01:53:15.255000,984.2127777777777,30.0
2023-10-22 19:54:17.928,10953,263,7,100,False,0,car,0 days 00:00:17.909000,0 days 01:53:15.695000,1016.3572222222219,30.0
2023-10-22 19:54:18.208,10966,265,7,100,False,0,car,0 days 00:00:18.189000,0 days 01:53:15.975000,1036.968333333333,30.0
2023-10-22 19:54:18.448,11069,269,7,100,False,0,car,0 days 00:00:18.429000,0 days 01:53:16.215000,1054.9016666666662,30.0
2023-10-22 19:54:18.648,11160,270,7,99,False,0,car,0 days 00:00:18.629000,0 days 01:53:16.415000,1069.9016666666664,30.0
2023-10-22 19:54:18.968,11198,270,7,100,False,0,car,0 days 00:00:18.949000,0 days 01:53:16.735000,1093.9016666666664,30.0
2023-10-22 19:54:19.128,11221,270,7,99,False,0,car,0 days 00:00:19.109000,0 days 01:53:16.895000,1105.9016666666664,30.0
2023-10-22 19:54:19.529,11232,270,7,100,False,0,car,0 days 00:00:19.510000,0 days 01:53:17.296000,1135.9766666666665,30.0
2023-10-22 19:54:19.729,11232,269,7,100,False,0,car,0 days 00:00:19.710000,0 days 01:53:17.496000,1150.9211111111108,30.0
2023-10-22 19:54:19.969,11112,268,7,100,False,0,car,0 days 00:00:19.950000,0 days 01:53:17.736000,1168.7877777777774,30.0
2023-10-22 19:54:20.169,11177,269,7,99,False,0,car,0 days 00:00:20.150000,0 days 01:53:17.936000,1183.7322222222217,30.0
2023-10-22 19:54:20.409,11055,271,7,87,False,0,car,0 days 00:00:20.390000,0 days 01:53:18.176000,1201.7988888888885,30.0
2023-10-22 19:54:20.808,10897,265,7,44,False,0,car,0 days 00:00:20.789000,0 days 01:53:18.575000,1231.169722222222,30.0
2023-10-22 19:54:21.048,10670,259,7,30,False,0,car,0 days 00:00:21.029000,0 days 01:53:18.815000,1248.4363888888886,30.0
2023-10-22 19:54:21.248,10648,254,7,40,False,0,car,0 days 00:00:21.229000,0 days 01:53:19.015000,1262.5474999999997,30.0
2023-10-22 19:54:21.568,10182,246,7,0,True,0,car,0 days 00:00:21.549000,0 days 01:53:19.335000,1284.4141666666665,30.0
2023-10-22 19:54:21.728,11148,240,7,0,True,0,car,0 days 00:00:21.709000,0 days 01:53:19.495000,1295.0808333333332,30.0
2023-10-22 19:54:22.048,10740,232,6,15,False,0,car,0 days 00:00:22.029000,0 days 01:53:19.815000,1315.7030555555555,30.0
2023-10-22 19:54:22.208,10740,229,6,28,False,0,car,0 days 00:00:22.189000,0 days 01:53:19.975000,1325.8808333333332,30.0
2023-10-22 19:54:22.368,10471,224,6,27,False,0,car,0 days 00:00:22.349000,0 days 01:53:20.135000,1335.8363888888887,30.0
2023-10-22 19:54:22.688,10509,223,6,53,False,0,car,0 days 00:00:22.669000,0 days 01:53:20.455000,1355.658611111111,30.0
2023-10-22 19:54:22.848,10538,222,6,62,False,0,car,0 days 00:00:22.829000,0 days 01:53:20.615000,1365.5252777777778,30.0
2023-10-22 19:54:23.208,10719,225,6,85,False,0,car,0 days 00:00:23.189000,0 days 01:53:20.975000,1388.0252777777778,30.0
2023-10-22 19:54:23.528,10793,227,6,29,False,0,car,0 days 00:00:23.509000,0 days 01:53:21.295000,1408.2030555555555,30.0
2023-10-22 19:54:23.888,10241,220,6,0,True,0,car,0 days 00:00:23.869000,0 days 01:53:21.655000,1430.2030555555555,30.0
2023-10-22 19:54:24.168,11003,209,6,0,True,0,car,0 days 00:00:24.149000,0 days 01:53:21.935000,1446.4586111111112,30.0
2023-10-22 19:54:24.368,10756,204,5,0,True,0,car,0 days 00:00:24.349000,0 days 01:53:22.135000,1457.7919444444444,30.0
2023-10-22 19:54:24.568,10999,202,5,0,False,0,car,0 days 00:00:24.549000,0 days 01:53:22.335000,1469.0141666666666,30.0
2023-10-22 19:54:24.928,10593,199,5,56,False,0,car,0 days 00:00:24.909000,0 days 01:53:22.695000,1488.9141666666665,30.0
2023-10-22 19:54:25.248,9527,200,5,61,False,0,car,0 days 00:00:25.229000,0 days 01:53:23.015000,1506.6919444444443,30.0
2023-10-22 19:54:25.528,9807,206,6,80,False,0,car,0 days 00:00:25.509000,0 days 01:53:23.295000,1522.7141666666666,30.0
2023-10-22 19:54:25.809,9805,207,6,67,False,0,car,0 days 00:00:25.790000,0 days 01:53:23.576000,1538.8716666666667,30.0
2023-10-22 19:54:26.009,9976,209,6,57,False,0,car,0 days 00:00:25.990000,0 days 01:53:23.776000,1550.4827777777778,30.0
2023-10-22 19:54:26.289,9951,209,6,69,False,0,car,0 days 00:00:26.270000,0 days 01:53:24.056000,1566.7383333333335,30.0
2023-10-22 19:54:26.529,10303,212,6,85,False,0,car,0 days 00:00:26.510000,0 days 01:53:24.296000,1580.871666666667,30.0
2023-10-22 19:54:26.889,10310,216,6,100,False,0,car,0 days 00:00:26.870000,0 days 01:53:24.656000,1602.4716666666668,30.0
2023-10-22 19:54:27.209,10424,221,6,94,True,0,car,0 days 00:00:27.190000,0 days 01:53:24.976000,1622.1161111111112,30.0
2023-10-22 19:54:27.608,10424,208,6,94,True,0,car,0 days 00:00:27.589000,0 days 01:53:25.375000,1645.1694444444445,30.0
2023-10-22 19:54:27.848,10587,196,5,1,True,0,car,0 days 00:00:27.829000,0 days 01:53:25.615000,1658.2361111111113,30.0
2023-10-22 19:54:28.168,10198,189,5,9,False,0,car,0 days 00:00:28.149000,0 days 01:53:25.935000,1675.0361111111113,30.0
2023-10-22 19:54:28.408,10198,185,5,9,False,0,car,0 days 00:00:28.389000,0 days 01:53:26.175000,1687.3694444444445,30.0
2023-10-22 19:54:28.808,9777,179,5,51,False,0,car,0 days 00:00:28.789000,0 days 01:53:26.575000,1707.2583333333334,30.0
2023-10-22 19:54:29.008,9971,182,5,61,False,0,car,0 days 00:00:28.989000,0 days 01:53:26.775000,1717.3694444444445,30.0
2023-10-22 19:54:29.168,10146,185,5,65,False,0,car,0 days 00:00:29.149000,0 days 01:53:26.935000,1725.5916666666667,30.0
2023-10-22 19:54:29.368,10273,186,5,71,False,0,car,0 days 00:00:29.349000,0 days 01:53:27.135000,1735.925,30.0
2023-10-22 19:54:29.528,10426,191,5,72,False,0,car,0 days 00:00:29.509000,0 days 01:53:27.295000,1744.4138888888888,30.0
2023-10-22 19:54:29.928,10144,192,5,16,True,0,car,0 days 00:00:29.909000,0 days 01:53:27.695000,1765.747222222222,30.0
2023-10-22 19:54:30.208,10483,181,5,0,True,0,car,0 days 00:00:30.189000,0 days 01:53:27.975000,1779.8249999999998,30.0
2023-10-22 19:54:30.528,9976,163,4,0,True,0,car,0 days 00:00:30.509000,0 days 01:53:28.295000,1794.3138888888886,30.0
2023-10-22 19:54:30.888,9300,154,4,0,True,0,car,0 days 00:00:30.869000,0 days 01:53:28.655000,1809.7138888888885,30.0
2023-10-22 19:54:31.128,9160,147,4,0,False,0,car,0 days 00:00:31.109000,0 days 01:53:28.895000,1819.5138888888887,30.0
2023-10-22 19:54:31.288,8838,145,4,5,False,0,car,0 days 00:00:31.269000,0 days 01:53:29.055000,1825.958333333333,30.0
2023-10-22 19:54:31.768,8244,136,4,0,False,0,car,0 days 00:00:31.749000,0 days 01:53:29.535000,1844.0916666666665,30.0
2023-10-22 19:54:32.128,7952,127,4,6,False,0,car,0 days 00:00:32.109000,0 days 01:53:29.895000,1856.7916666666665,30.0
2023-10-22 19:54:32.288,8126,128,4,45,False,0,car,0 days 00:00:32.269000,0 days 01:53:30.055000,1862.4805555555554,30.0
2023-10-22 19:54:32.489,8313,132,4,43,False,0,car,0 days 00:00:32.470000,0 days 01:53:30.256000,1869.8505555555555,30.0
2023-10-22 19:54:32.809,8570,132,4,51,False,0,car,0 days 00:00:32.790000,0 days 01:53:30.576000,1881.5838888888889,30.0
2023-10-22 19:54:32.969,8804,135,4,51,False,0,car,0 days 00:00:32.950000,0 days 01:53:30.736000,1887.583888888889,30.0
2023-10-22 19:54:33.129,9210,141,4,67,False,0,car,0 days 00:00:33.110000,0 days 01:53:30.896000,1893.8505555555555,30.0
2023-10-22 19:54:33.329,9588,144,4,80,False,0,car,0 days 00:00:33.310000,0 days 01:53:31.096000,1901.8505555555557,30.0
2023-10-22 19:54:33.489,9863,153,4,77,False,0,car,0 days 00:00:33.470000,0 days 01:53:31.256000,1908.6505555555557,30.0
2023-10-22 19:54:33.849,10181,160,4,51,False,0,car,0 days 00:00:33.830000,0 days 01:53:31.616000,1924.6505555555557,30.0
2023-10-22 19:54:34.248,10094,159,4,48,False,0,car,0 days 00:00:34.229000,0 days 01:53:32.015000,1942.2730555555556,30.0
2023-10-22 19:54:34.408,10094,160,4,51,False,0,car,0 days 00:00:34.389000,0 days 01:53:32.175000,1949.384166666667,30.0
2023-10-22 19:54:34.728,10850,170,4,78,False,0,car,0 days 00:00:34.709000,0 days 01:53:32.495000,1964.495277777778,30.0
2023-10-22 19:54:34.928,11649,174,4,83,False,0,car,0 days 00:00:34.909000,0 days 01:53:32.695000,1974.1619444444445,30.0
2023-10-22 19:54:35.208,11204,179,4,91,False,0,car,0 days 00:00:35.189000,0 days 01:53:32.975000,1988.0841666666668,30.0
2023-10-22 19:54:35.488,11098,188,5,95,False,0,car,0 days 00:00:35.469000,0 days 01:53:33.255000,2002.706388888889,30.0
2023-10-22 19:54:35.848,11018,203,5,100,False,0,car,0 days 00:00:35.829000,0 days 01:53:33.615000,2023.006388888889,30.0
2023-10-22 19:54:36.088,11252,210,5,100,False,0,car,0 days 00:00:36.069000,0 days 01:53:33.855000,2037.0063888888892,30.0
2023-10-22 19:54:36.328,11869,218,5,100,False,0,car,0 days 00:00:36.309000,0 days 01:53:34.095000,2051.5397222222223,30.0
2023-10-22 19:54:36.488,11412,221,5,100,False,0,car,0 days 00:00:36.469000,0 days 01:53:34.255000,2061.361944444445,30.0
2023-10-22 19:54:36.688,10715,226,6,99,False,0,car,0 days 00:00:36.669000,0 days 01:53:34.455000,2073.9175,30.0
2023-10-22 19:54:36.848,10931,231,6,99,False,0,car,0 days 00:00:36.829000,0 days 01:53:34.615000,2084.184166666667,30.0
2023-10-22 19:54:37.008,11158,233,6,100,False,0,car,0 days 00:00:36.989000,0 days 01:53:34.775000,2094.5397222222223,30.0
2023-10-22 19:54:37.208,11215,238,6,100,False,0,car,0 days 00:00:37.189000,0 days 01:53:34.975000,2107.761944444445,30.0
2023-10-22 19:54:37.368,11457,242,6,100,False,0,car,0 days 00:00:37.349000,0 days 01:53:35.135000,2118.5175000000004,30.0
2023-10-22 19:54:37.688,10327,246,7,99,False,0,car,0 days 00:00:37.669000,0 days 01:53:35.455000,2140.384166666667,30.0
2023-10-22 19:54:37.848,10370,247,7,99,False,0,car,0 days 00:00:37.829000,0 days 01:53:35.615000,2151.3619444444453,30.0
2023-10-22 19:54:38.168,10666,255,7,99,False,0,car,0 days 00:00:38.149000,0 days 01:53:35.935000,2174.028611111112,30.0
2023-10-22 19:54:38.408,10757,258,7,99,False,0,car,0 days 00:00:38.389000,0 days 01:53:36.175000,2191.228611111112,30.0
2023-10-22 19:54:38.688,10889,262,7,99,False,0,car,0 days 00:00:38.669000,0 days 01:53:36.455000,2211.6063888888893,30.0
2023-10-22 19:54:38.848,10976,265,7,99,False,0,car,0 days 00:00:38.829000,0 days 01:53:36.615000,2223.384166666667,30.0
2023-10-22 19:54:39.009,11081,267,7,100,False,0,car,0 days 00:00:38.990000,0 days 01:53:36.776000,2235.3250000000007,30.0
2023-10-22 19:54:39.329,11302,271,7,100,False,0,car,0 days 00:00:39.310000,0 days 01:53:37.096000,2259.4138888888897,30.0
2023-10-22 19:54:39.529,11188,274,7,100,False,0,car,0 days 00:00:39.510000,0 days 01:53:37.296000,2274.6361111111114,30.0
2023-10-22 19:54:39.849,10230,277,7,100,False,0,car,0 days 00:00:39.830000,0 days 01:53:37.616000,2299.2583333333337,30.0
2023-10-22 19:54:40.209,10305,280,8,99,False,0,car,0 days 00:00:40.190000,0 days 01:53:37.976000,2327.2583333333337,30.0
2023-10-22 19:54:40.529,10479,284,8,100,False,0,car,0 days 00:00:40.510000,0 days 01:53:38.296000,2352.502777777778,30.0
2023-10-22 19:54:40.848,10046,283,8,1,False,0,car,0 days 00:00:40.829000,0 days 01:53:38.615000,2377.5797222222227,30.0
2023-10-22 19:54:41.088,10030,275,8,0,True,0,car,0 days 00:00:41.069000,0 days 01:53:38.855000,2395.913055555556,30.0
2023-10-22 19:54:41.288,9743,256,8,0,True,0,car,0 days 00:00:41.269000,0 days 01:53:39.055000,2410.135277777778,30.0
2023-10-22 19:54:41.608,10080,217,8,0,True,0,car,0 days 00:00:41.589000,0 days 01:53:39.375000,2429.4241666666667,30.0
2023-10-22 19:54:41.768,10080,197,7,0,True,0,car,0 days 00:00:41.749000,0 days 01:53:39.535000,2438.1797222222226,30.0
2023-10-22 19:54:41.928,9777,179,6,0,True,0,car,0 days 00:00:41.909000,0 days 01:53:39.695000,2446.135277777778,30.0
2023-10-22 19:54:42.128,9026,162,5,0,True,0,car,0 days 00:00:42.109000,0 days 01:53:39.895000,2455.135277777778,30.0
2023-10-22 19:54:42.368,9624,146,5,0,True,0,car,0 days 00:00:42.349000,0 days 01:53:40.135000,2464.868611111111,30.0
2023-10-22 19:54:42.688,9081,127,3,0,True,0,car,0 days 00:00:42.669000,0 days 01:53:40.455000,2476.1575,30.0
2023-10-22 19:54:42.888,9081,122,3,0,True,0,car,0 days 00:00:42.869000,0 days 01:53:40.655000,2482.9352777777776,30.0
2023-10-22 19:54:43.088,7821,107,3,0,True,0,car,0 days 00:00:43.069000,0 days 01:53:40.855000,2488.879722222222,30.0
2023-10-22 19:54:43.408,6681,95,3,0,True,0,car,0 days 00:00:43.389000,0 days 01:53:41.175000,2497.3241666666663,30.0
2023-10-22 19:54:43.688,6156,88,3,0,True,0,car,0 days 00:00:43.669000,0 days 01:53:41.455000,2504.1686111111107,30.0
2023-10-22 19:54:43.848,5699,84,3,0,True,0,car,0 days 00:00:43.829000,0 days 01:53:41.615000,2507.9019444444443,30.0
2023-10-22 19:54:44.288,5226,76,3,0,False,0,car,0 days 00:00:44.269000,0 days 01:53:42.055000,2517.190833333333,30.0
2023-10-22 19:54:44.448,5138,73,3,0,False,0,car,0 days 00:00:44.429000,0 days 01:53:42.215000,2520.4352777777776,30.0
2023-10-22 19:54:44.688,4987,69,3,0,False,0,car,0 days 00:00:44.669000,0 days 01:53:42.455000,2525.0352777777775,30.0
2023-10-22 19:54:44.848,4782,67,3,0,False,0,car,0 days 00:00:44.829000,0 days 01:53:42.615000,2528.013055555555,30.0
2023-10-22 19:54:45.769,5460,72,3,24,False,0,car,0 days 00:00:45.750000,0 days 01:53:43.536000,2546.4330555555553,30.0
2023-10-22 19:54:46.129,6349,82,3,37,False,0,car,0 days 00:00:46.110000,0 days 01:53:43.896000,2554.633055555555,30.0
2023-10-22 19:54:46.529,6810,90,3,39,False,0,car,0 days 00:00:46.510000,0 days 01:53:44.296000,2564.633055555555,30.0
2023-10-22 19:54:46.729,7411,97,3,47,False,0,car,0 days 00:00:46.710000,0 days 01:53:44.496000,2570.021944444444,30.0
2023-10-22 19:54:46.889,7594,100,3,50,False,0,car,0 days 00:00:46.870000,0 days 01:53:44.656000,2574.4663888888886,30.0
2023-10-22 19:54:47.169,8076,109,3,51,False,0,car,0 days 00:00:47.150000,0 days 01:53:44.936000,2582.944166666666,30.0
2023-10-22 19:54:47.329,8538,109,3,61,False,0,car,0 days 00:00:47.310000,0 days 01:53:45.096000,2587.7886111111106,30.0
2023-10-22 19:54:47.528,9415,126,3,72,False,0,car,0 days 00:00:47.509000,0 days 01:53:45.295000,2594.753611111111,30.0
2023-10-22 19:54:47.848,10801,141,3,91,False,0,car,0 days 00:00:47.829000,0 days 01:53:45.615000,2607.286944444444,30.0
2023-10-22 19:54:48.128,10727,152,3,100,False,0,car,0 days 00:00:48.109000,0 days 01:53:45.895000,2619.109166666666,30.0
2023-10-22 19:54:48.408,10558,166,3,100,False,0,car,0 days 00:00:48.389000,0 days 01:53:46.175000,2632.020277777777,30.0
2023-10-22 19:54:48.768,10974,182,4,100,False,0,car,0 days 00:00:48.749000,0 days 01:53:46.535000,2650.220277777777,30.0
2023-10-22 19:54:48.928,10309,190,4,100,False,0,car,0 days 00:00:48.909000,0 days 01:53:46.695000,2658.6647222222214,30.0
2023-10-22 19:54:49.128,10757,197,5,100,False,0,car,0 days 00:00:49.109000,0 days 01:53:46.895000,2669.609166666666,30.0
2023-10-22 19:54:49.368,11109,204,5,100,False,0,car,0 days 00:00:49.349000,0 days 01:53:47.135000,2683.209166666666,30.0
2023-10-22 19:54:49.768,11757,216,5,100,False,0,car,0 days 00:00:49.749000,0 days 01:53:47.535000,2707.2091666666665,30.0
2023-10-22 19:54:49.928,10917,222,5,100,False,0,car,0 days 00:00:49.909000,0 days 01:53:47.695000,2717.075833333333,30.0
2023-10-22 19:54:50.128,10653,227,6,100,False,0,car,0 days 00:00:50.109000,0 days 01:53:47.895000,2729.686944444444,30.0
2023-10-22 19:54:50.448,11063,234,6,100,False,0,car,0 days 00:00:50.429000,0 days 01:53:48.215000,2750.4869444444444,30.0
2023-10-22 19:54:50.808,11313,240,6,100,False,0,car,0 days 00:00:50.789000,0 days 01:53:48.575000,2774.4869444444444,30.0
2023-10-22 19:54:51.008,11581,244,6,100,False,0,car,0 days 00:00:50.989000,0 days 01:53:48.775000,2788.0424999999996,30.0
2023-10-22 19:54:51.488,10503,253,7,100,False,0,car,0 days 00:00:51.469000,0 days 01:53:49.255000,2821.775833333333,30.0
2023-10-22 19:54:51.808,10639,256,7,100,False,0,car,0 days 00:00:51.789000,0 days 01:53:49.575000,2844.5313888888886,30.0
2023-10-22 19:54:52.008,10774,258,7,100,False,0,car,0 days 00:00:51.989000,0 days 01:53:49.775000,2858.8647222222216,30.0
2023-10-22 19:54:52.169,10862,261,7,100,False,0,car,0 days 00:00:52.150000,0 days 01:53:49.936000,2870.5372222222218,30.0
2023-10-22 19:54:52.489,10980,265,7,100,False,0,car,0 days 00:00:52.470000,0 days 01:53:50.256000,2894.0927777777774,30.0
2023-10-22 19:54:52.649,11177,267,7,100,False,0,car,0 days 00:00:52.630000,0 days 01:53:50.416000,2905.959444444444,30.0
2023-10-22 19:54:52.929,11114,269,7,100,False,0,car,0 days 00:00:52.910000,0 days 01:53:50.696000,2926.881666666666,30.0
2023-10-22 19:54:53.129,11293,270,7,100,False,0,car,0 days 00:00:53.110000,0 days 01:53:50.896000,2941.881666666666,30.0
2023-10-22 19:54:53.329,11297,273,7,100,False,0,car,0 days 00:00:53.310000,0 days 01:53:51.096000,2957.048333333333,30.0
2023-10-22 19:54:53.569,11425,275,7,100,False,0,car,0 days 00:00:53.550000,0 days 01:53:51.336000,2975.381666666666,30.0
2023-10-22 19:54:53.809,11409,275,7,100,False,0,car,0 days 00:00:53.790000,0 days 01:53:51.576000,2993.7149999999997,30.0
2023-10-22 19:54:54.049,11505,278,7,100,False,0,car,0 days 00:00:54.030000,0 days 01:53:51.816000,3012.248333333333,30.0
2023-10-22 19:54:54.209,10805,278,7,100,False,0,car,0 days 00:00:54.190000,0 days 01:53:51.976000,3024.6038888888884,30.0
2023-10-22 19:54:54.568,10362,281,8,100,False,0,car,0 days 00:00:54.549000,0 days 01:53:52.335000,3052.625833333333,30.0
2023-10-22 19:54:54.768,10382,282,8,100,False,0,car,0 days 00:00:54.749000,0 days 01:53:52.535000,3068.2925,30.0
2023-10-22 19:54:54.928,10427,282,8,100,False,0,car,0 days 00:00:54.909000,0 days 01:53:52.695000,3080.825833333333,30.0
2023-10-22 19:54:55.288,10530,284,8,100,False,0,car,0 days 00:00:55.269000,0 days 01:53:53.055000,3109.225833333333,30.0
2023-10-22 19:54:55.528,10616,287,8,100,False,0,car,0 days 00:00:55.509000,0 days 01:53:53.295000,3128.3591666666666,30.0
2023-10-22 19:54:55.768,10598,288,8,100,False,0,car,0 days 00:00:55.749000,0 days 01:53:53.535000,3147.559166666667,30.0
2023-10-22 19:54:56.008,10703,290,8,100,False,0,car,0 days 00:00:55.989000,0 days 01:53:53.775000,3166.8925,30.0
2023-10-22 19:54:56.368,10771,292,8,100,False,0,car,0 days 00:00:56.349000,0 days 01:53:54.135000,3196.0924999999997,30.0
2023-10-22 19:54:56.528,10797,293,8,100,False,0,car,0 days 00:00:56.509000,0 days 01:53:54.295000,3209.114722222222,30.0
2023-10-22 19:54:56.688,10793,293,8,100,False,0,car,0 days 00:00:56.669000,0 days 01:53:54.455000,3222.136944444444,30.0
2023-10-22 19:54:56.888,10820,293,8,100,False,0,car,0 days 00:00:56.869000,0 days 01:53:54.655000,3238.414722222222,30.0
2023-10-22 19:54:57.168,10860,295,8,100,False,0,car,0 days 00:00:57.149000,0 days 01:53:54.935000,3261.359166666666,30.0
2023-10-22 19:54:57.368,10860,296,8,100,False,0,car,0 days 00:00:57.349000,0 days 01:53:55.135000,3277.80361111111,30.0
2023-10-22 19:54:57.648,10926,297,8,100,False,0,car,0 days 00:00:57.629000,0 days 01:53:55.415000,3300.90361111111,30.0
2023-10-22 19:54:57.928,10937,298,8,100,False,0,car,0 days 00:00:57.909000,0 days 01:53:55.695000,3324.081388888888,30.0
2023-10-22 19:54:58.168,10964,298,8,100,False,0,car,0 days 00:00:58.149000,0 days 01:53:55.935000,3343.9480555555547,30.0
2023-10-22 19:54:58.328,10967,298,8,100,False,0,car,0 days 00:00:58.309000,0 days 01:53:56.095000,3357.1924999999987,30.0
2023-10-22 19:54:58.528,10989,298,8,100,False,0,car,0 days 00:00:58.509000,0 days 01:53:56.295000,3373.7480555555544,30.0
2023-10-22 19:54:58.769,11001,298,8,100,False,0,car,0 days 00:00:58.750000,0 days 01:53:56.536000,3393.697499999999,30.0
2023-10-22 19:54:58.929,11010,299,8,100,False,0,car,0 days 00:00:58.910000,0 days 01:53:56.696000,3406.9863888888876,30.0
2023-10-22 19:54:59.249,11028,299,8,100,False,0,car,0 days 00:00:59.230000,0 days 01:53:57.016000,3433.5641666666656,30.0
2023-10-22 19:54:59.689,10994,299,8,100,False,0,car,0 days 00:00:59.670000,0 days 01:53:57.456000,3470.1086111111103,30.0
2023-10-22 19:55:00.049,11046,300,8,100,False,0,car,0 days 00:01:00.030000,0 days 01:53:57.816000,3500.1086111111103,30.0
2023-10-22 19:55:00.289,11061,299,8,100,False,0,car,0 days 00:01:00.270000,0 days 01:53:58.056000,3520.0419444444437,30.0
2023-10-22 19:55:00.649,11006,300,8,100,False,0,car,0 days 00:01:00.630000,0 days 01:53:58.416000,3550.0419444444437,30.0
2023-10-22 19:55:00.849,10456,295,8,0,False,0,car,0 days 00:01:00.830000,0 days 01:53:58.616000,3566.4308333333324,30.0
2023-10-22 19:55:01.048,10491,289,8,0,False,0,car,0 days 00:01:01.029000,0 days 01:53:58.815000,3582.4061111111105,30.0
2023-10-22 19:55:01.208,10444,286,8,0,True,0,car,0 days 00:01:01.189000,0 days 01:53:58.975000,3595.1172222222212,30.0
2023-10-22 19:55:01.448,9629,263,8,0,True,0,car,0 days 00:01:01.429000,0 days 01:53:59.215000,3612.6505555555545,30.0
2023-10-22 19:55:01.728,9527,227,8,0,True,0,car,0 days 00:01:01.709000,0 days 01:53:59.495000,3630.30611111111,30.0
2023-10-22 19:55:02.088,8899,198,7,0,True,0,car,0 days 00:01:02.069000,0 days 01:53:59.855000,3650.1061111111103,30.0
2023-10-22 19:55:02.288,9740,178,6,0,True,0,car,0 days 00:01:02.269000,0 days 01:54:00.055000,3659.994999999999,30.0
2023-10-22 19:55:02.448,9320,160,6,0,True,0,car,0 days 00:01:02.429000,0 days 01:54:00.215000,3667.1061111111103,30.0
2023-10-22 19:55:02.688,9217,145,6,0,True,0,car,0 days 00:01:02.669000,0 days 01:54:00.455000,3676.772777777777,30.0
2023-10-22 19:55:02.968,9419,128,5,0,True,0,car,0 days 00:01:02.949000,0 days 01:54:00.735000,3686.7283333333326,30.0
2023-10-22 19:55:03.288,7983,115,3,0,True,0,car,0 days 00:01:03.269000,0 days 01:54:01.055000,3696.9505555555547,30.0
2023-10-22 19:55:03.528,7340,112,3,0,True,0,car,0 days 00:01:03.509000,0 days 01:54:01.295000,3704.4172222222214,30.0
2023-10-22 19:55:03.688,7096,100,3,0,True,0,car,0 days 00:01:03.669000,0 days 01:54:01.455000,3708.8616666666658,30.0
2023-10-22 19:55:03.888,6647,96,3,0,True,0,car,0 days 00:01:03.869000,0 days 01:54:01.655000,3714.1949999999993,30.0
2023-10-22 19:55:04.048,6473,91,3,0,True,0,car,0 days 00:01:04.029000,0 days 01:54:01.815000,3718.2394444444435,30.0
2023-10-22 19:55:04.328,6041,87,3,0,False,0,car,0 days 00:01:04.309000,0 days 01:54:02.095000,3725.0061111111104,30.0
2023-10-22 19:55:04.608,5824,84,3,0,False,0,car,0 days 00:01:04.589000,0 days 01:54:02.375000,3731.5394444444437,30.0
2023-10-22 19:55:04.888,6143,82,3,20,False,0,car,0 days 00:01:04.869000,0 days 01:54:02.655000,3737.9172222222214,30.0
2023-10-22 19:55:05.088,6359,84,3,32,False,0,car,0 days 00:01:05.069000,0 days 01:54:02.855000,3742.583888888888,30.0
2023-10-22 19:55:05.289,6744,88,3,43,False,0,car,0 days 00:01:05.270000,0 days 01:54:03.056000,3747.497222222221,30.0
2023-10-22 19:55:05.569,7230,96,3,49,False,0,car,0 days 00:01:05.550000,0 days 01:54:03.336000,3754.9638888888876,30.0
2023-10-22 19:55:06.089,8843,117,3,77,False,0,car,0 days 00:01:06.070000,0 days 01:54:03.856000,3771.8638888888877,30.0
2023-10-22 19:55:06.249,9705,128,3,79,False,0,car,0 days 00:01:06.230000,0 days 01:54:04.016000,3777.552777777777,30.0
2023-10-22 19:55:06.409,10247,133,3,88,False,0,car,0 days 00:01:06.390000,0 days 01:54:04.176000,3783.463888888888,30.0
2023-10-22 19:55:06.689,11137,144,3,100,False,0,car,0 days 00:01:06.670000,0 days 01:54:04.456000,3794.6638888888883,30.0
2023-10-22 19:55:07.129,10735,171,4,100,False,0,car,0 days 00:01:07.110000,0 days 01:54:04.896000,3815.5638888888884,30.0
2023-10-22 19:55:07.289,11084,175,4,100,False,0,car,0 days 00:01:07.270000,0 days 01:54:05.056000,3823.3416666666662,30.0
2023-10-22 19:55:07.449,11224,182,4,100,False,0,car,0 days 00:01:07.430000,0 days 01:54:05.216000,3831.4305555555557,30.0
2023-10-22 19:55:07.808,10286,190,5,100,False,0,car,0 days 00:01:07.789000,0 days 01:54:05.575000,3850.3777777777777,30.0
2023-10-22 19:55:08.128,9758,192,5,0,True,0,car,0 days 00:01:08.109000,0 days 01:54:05.895000,3867.444444444444,30.0
2023-10-22 19:55:08.448,10183,171,5,0,True,0,car,0 days 00:01:08.429000,0 days 01:54:06.215000,3882.644444444444,30.0
2023-10-22 19:55:08.608,10736,171,5,0,True,0,car,0 days 00:01:08.589000,0 days 01:54:06.375000,3890.244444444444,30.0
2023-10-22 19:55:08.968,9524,138,3,0,True,0,car,0 days 00:01:08.949000,0 days 01:54:06.735000,3904.0444444444443,30.0
2023-10-22 19:55:09.288,8678,125,3,0,True,0,car,0 days 00:01:09.269000,0 days 01:54:07.055000,3915.1555555555556,30.0
2023-10-22 19:55:09.568,8046,115,3,0,True,0,car,0 days 00:01:09.549000,0 days 01:54:07.335000,3924.1,30.0
2023-10-22 19:55:09.928,7443,106,3,0,True,0,car,0 days 00:01:09.909000,0 days 01:54:07.695000,3934.7,30.0
2023-10-22 19:55:10.088,7285,104,3,0,True,0,car,0 days 00:01:10.069000,0 days 01:54:07.855000,3939.322222222222,30.0
2023-10-22 19:55:10.328,6986,100,3,0,False,0,car,0 days 00:01:10.309000,0 days 01:54:08.095000,3945.9888888888886,30.0
2023-10-22 19:55:10.528,6706,94,3,0,False,0,car,0 days 00:01:10.509000,0 days 01:54:08.295000,3951.2111111111108,30.0
2023-10-22 19:55:10.808,6660,92,3,0,False,0,car,0 days 00:01:10.789000,0 days 01:54:08.575000,3958.3666666666663,30.0
2023-10-22 19:55:11.048,6789,90,3,9,False,0,car,0 days 00:01:11.029000,0 days 01:54:08.815000,3964.3666666666663,30.0
2023-10-22 19:55:11.248,6941,92,3,27,False,0,car,0 days 00:01:11.229000,0 days 01:54:09.015000,3969.4777777777776,30.0
2023-10-22 19:55:11.648,7466,97,3,36,False,0,car,0 days 00:01:11.629000,0 days 01:54:09.415000,3980.2555555555555,30.0
2023-10-22 19:55:11.849,7761,102,3,41,False,0,car,0 days 00:01:11.830000,0 days 01:54:09.616000,3985.950555555555,30.0
2023-10-22 19:55:12.089,8017,106,3,44,False,0,car,0 days 00:01:12.070000,0 days 01:54:09.856000,3993.017222222222,30.0
2023-10-22 19:55:12.409,8571,112,3,50,False,0,car,0 days 00:01:12.390000,0 days 01:54:10.176000,4002.9727777777775,30.0
2023-10-22 19:55:12.769,9696,124,3,59,False,0,car,0 days 00:01:12.750000,0 days 01:54:10.536000,4015.3727777777776,30.0
2023-10-22 19:55:13.049,10189,135,3,71,False,0,car,0 days 00:01:13.030000,0 days 01:54:10.816000,4025.8727777777776,30.0
2023-10-22 19:55:13.289,10750,143,3,98,False,0,car,0 days 00:01:13.270000,0 days 01:54:11.056000,4035.406111111111,30.0
2023-10-22 19:55:13.609,11384,155,3,100,False,0,car,0 days 00:01:13.590000,0 days 01:54:11.376000,4049.183888888889,30.0
2023-10-22 19:55:13.889,10539,166,4,99,False,0,car,0 days 00:01:13.870000,0 days 01:54:11.656000,4062.0950000000003,30.0
2023-10-22 19:55:14.129,11077,174,4,100,False,0,car,0 days 00:01:14.110000,0 days 01:54:11.896000,4073.695,30.0
2023-10-22 19:55:14.488,10902,183,4,100,False,0,car,0 days 00:01:14.469000,0 days 01:54:12.255000,4091.9441666666667,30.0
2023-10-22 19:55:14.888,9917,194,5,0,True,0,car,0 days 00:01:14.869000,0 days 01:54:12.655000,4113.499722222223,30.0
2023-10-22 19:55:15.128,9675,179,5,0,True,0,car,0 days 00:01:15.109000,0 days 01:54:12.895000,4125.433055555556,30.0
2023-10-22 19:55:15.288,9207,173,5,0,True,0,car,0 days 00:01:15.269000,0 days 01:54:13.055000,4133.121944444446,30.0
2023-10-22 19:55:15.448,9838,163,5,0,True,0,car,0 days 00:01:15.429000,0 days 01:54:13.215000,4140.3663888888905,30.0
2023-10-22 19:55:15.648,9248,153,4,0,True,0,car,0 days 00:01:15.629000,0 days 01:54:13.415000,4148.8663888888905,30.0
2023-10-22 19:55:15.928,9444,139,4,0,True,0,car,0 days 00:01:15.909000,0 days 01:54:13.695000,4159.677500000002,30.0
2023-10-22 19:55:16.168,9195,130,3,0,True,0,car,0 days 00:01:16.149000,0 days 01:54:13.935000,4168.344166666668,30.0
2023-10-22 19:55:16.448,8287,118,3,0,True,0,car,0 days 00:01:16.429000,0 days 01:54:14.215000,4177.521944444446,30.0
2023-10-22 19:55:16.648,8007,111,3,0,True,0,car,0 days 00:01:16.629000,0 days 01:54:14.415000,4183.688611111113,30.0
2023-10-22 19:55:16.968,7388,104,3,0,True,0,car,0 days 00:01:16.949000,0 days 01:54:14.735000,4192.933055555557,30.0
2023-10-22 19:55:17.168,6923,99,3,0,True,0,car,0 days 00:01:17.149000,0 days 01:54:14.935000,4198.433055555557,30.0
2023-10-22 19:55:17.528,6381,89,3,0,True,0,car,0 days 00:01:17.509000,0 days 01:54:15.295000,4207.333055555557,30.0
2023-10-22 19:55:17.768,5978,87,3,0,False,0,car,0 days 00:01:17.749000,0 days 01:54:15.535000,4213.133055555557,30.0
2023-10-22 19:55:18.088,5775,84,3,0,False,0,car,0 days 00:01:18.069000,0 days 01:54:15.855000,4220.599722222224,30.0
2023-10-22 19:55:18.569,5730,77,3,9,False,0,car,0 days 00:01:18.550000,0 days 01:54:16.336000,4230.88777777778,30.0
2023-10-22 19:55:18.769,5889,79,3,17,False,0,car,0 days 00:01:18.750000,0 days 01:54:16.536000,4235.2766666666685,30.0
2023-10-22 19:55:19.049,6283,83,3,26,False,0,car,0 days 00:01:19.030000,0 days 01:54:16.816000,4241.732222222224,30.0
2023-10-22 19:55:19.249,6679,87,3,39,False,0,car,0 days 00:01:19.230000,0 days 01:54:17.016000,4246.565555555557,30.0
2023-10-22 19:55:19.529,7212,95,3,45,False,0,car,0 days 00:01:19.510000,0 days 01:54:17.296000,4253.9544444444455,30.0
2023-10-22 19:55:19.809,7696,101,3,53,False,0,car,0 days 00:01:19.790000,0 days 01:54:17.576000,4261.810000000001,30.0
2023-10-22 19:55:19.969,8339,109,3,57,False,0,car,0 days 00:01:19.950000,0 days 01:54:17.736000,4266.654444444445,30.0
2023-10-22 19:55:20.249,9186,121,3,71,False,0,car,0 days 00:01:20.230000,0 days 01:54:18.016000,4276.065555555557,30.0
2023-10-22 19:55:20.449,9954,129,3,79,False,0,car,0 days 00:01:20.430000,0 days 01:54:18.216000,4283.232222222224,30.0
2023-10-22 19:55:20.649,10566,139,3,84,False,0,car,0 days 00:01:20.630000,0 days 01:54:18.416000,4290.9544444444455,30.0
2023-10-22 19:55:21.049,11603,146,3,100,False,0,car,0 days 00:01:21.030000,0 days 01:54:18.816000,4307.176666666668,30.0
2023-10-22 19:55:21.368,10592,163,4,100,False,0,car,0 days 00:01:21.349000,0 days 01:54:19.135000,4321.620277777779,30.0
2023-10-22 19:55:21.608,11347,176,4,100,False,0,car,0 days 00:01:21.589000,0 days 01:54:19.375000,4333.353611111112,30.0
2023-10-22 19:55:22.008,10541,195,5,99,False,0,car,0 days 00:01:21.989000,0 days 01:54:19.775000,4355.020277777779,30.0
2023-10-22 19:55:22.288,11100,204,5,100,False,0,car,0 days 00:01:22.269000,0 days 01:54:20.055000,4370.886944444445,30.0
2023-10-22 19:55:22.648,11709,212,5,100,False,0,car,0 days 00:01:22.629000,0 days 01:54:20.415000,4392.086944444445,30.0
2023-10-22 19:55:22.848,11190,215,5,100,False,0,car,0 days 00:01:22.829000,0 days 01:54:20.615000,4404.031388888889,30.0
2023-10-22 19:55:23.048,10355,219,5,100,False,0,car,0 days 00:01:23.029000,0 days 01:54:20.815000,4416.198055555556,30.0
2023-10-22 19:55:23.528,10732,227,6,100,False,0,car,0 days 00:01:23.509000,0 days 01:54:21.295000,4446.464722222223,30.0
2023-10-22 19:55:23.728,10904,229,6,100,False,0,car,0 days 00:01:23.709000,0 days 01:54:21.495000,4459.1869444444455,30.0
2023-10-22 19:55:23.888,11013,230,6,100,False,0,car,0 days 00:01:23.869000,0 days 01:54:21.655000,4469.409166666667,30.0
2023-10-22 19:55:24.208,10941,231,6,100,False,0,car,0 days 00:01:24.189000,0 days 01:54:21.975000,4489.9425,30.0
2023-10-22 19:55:24.368,11038,233,6,100,False,0,car,0 days 00:01:24.349000,0 days 01:54:22.135000,4500.298055555556,30.0
2023-10-22 19:55:24.688,11185,235,6,100,False,0,car,0 days 00:01:24.669000,0 days 01:54:22.455000,4521.186944444445,30.0
2023-10-22 19:55:24.888,11221,235,6,100,False,0,car,0 days 00:01:24.869000,0 days 01:54:22.655000,4534.2425,30.0
2023-10-22 19:55:25.129,11276,237,6,100,False,0,car,0 days 00:01:25.110000,0 days 01:54:22.896000,4550.108333333334,30.0
2023-10-22 19:55:25.529,11382,240,6,100,False,0,car,0 days 00:01:25.510000,0 days 01:54:23.296000,4576.775000000001,30.0
2023-10-22 19:55:25.809,11434,241,6,100,False,0,car,0 days 00:01:25.790000,0 days 01:54:23.576000,4595.519444444445,30.0
2023-10-22 19:55:26.089,11495,242,6,100,False,0,car,0 days 00:01:26.070000,0 days 01:54:23.856000,4614.341666666666,30.0
2023-10-22 19:55:26.369,11564,243,6,100,False,0,car,0 days 00:01:26.350000,0 days 01:54:24.136000,4633.241666666666,30.0
2023-10-22 19:55:26.609,10304,245,6,100,False,0,car,0 days 00:01:26.590000,0 days 01:54:24.376000,4649.575,30.0
2023-10-22 19:55:27.009,10311,247,7,100,False,0,car,0 days 00:01:26.990000,0 days 01:54:24.776000,4677.019444444443,30.0
2023-10-22 19:55:27.249,10371,248,7,100,False,0,car,0 days 00:01:27.230000,0 days 01:54:25.016000,4693.552777777777,30.0
2023-10-22 19:55:27.569,10429,251,7,99,False,0,car,0 days 00:01:27.550000,0 days 01:54:25.336000,4715.863888888887,30.0
2023-10-22 19:55:27.729,10465,252,7,100,False,0,car,0 days 00:01:27.710000,0 days 01:54:25.496000,4727.063888888887,30.0
2023-10-22 19:55:28.048,10576,254,7,100,False,0,car,0 days 00:01:28.029000,0 days 01:54:25.815000,4749.5711111111095,30.0
2023-10-22 19:55:28.248,10642,255,7,100,False,0,car,0 days 00:01:28.229000,0 days 01:54:26.015000,4763.7377777777765,30.0
2023-10-22 19:55:28.448,10745,256,7,99,False,0,car,0 days 00:01:28.429000,0 days 01:54:26.215000,4777.959999999999,30.0
2023-10-22 19:55:28.608,10690,257,7,100,False,0,car,0 days 00:01:28.589000,0 days 01:54:26.375000,4789.382222222221,30.0
2023-10-22 19:55:28.808,10710,258,7,100,False,0,car,0 days 00:01:28.789000,0 days 01:54:26.575000,4803.715555555555,30.0
2023-10-22 19:55:29.128,10841,262,7,100,False,0,car,0 days 00:01:29.109000,0 days 01:54:26.895000,4827.004444444443,30.0
2023-10-22 19:55:29.528,10959,264,7,99,False,0,car,0 days 00:01:29.509000,0 days 01:54:27.295000,4856.337777777777,30.0
2023-10-22 19:55:29.968,10514,252,7,0,True,0,car,0 days 00:01:29.949000,0 days 01:54:27.735000,4887.137777777777,30.0
2023-10-22 19:55:30.288,9899,227,7,0,True,0,car,0 days 00:01:30.269000,0 days 01:54:28.055000,4907.315555555555,30.0
2023-10-22 19:55:30.448,9942,222,6,0,True,0,car,0 days 00:01:30.429000,0 days 01:54:28.215000,4917.182222222222,30.0
2023-10-22 19:55:30.768,10392,198,6,0,True,0,car,0 days 00:01:30.749000,0 days 01:54:28.535000,4934.782222222221,30.0
2023-10-22 19:55:30.928,10148,192,5,0,True,0,car,0 days 00:01:30.909000,0 days 01:54:28.695000,4943.315555555555,30.0
2023-10-22 19:55:31.088,10024,189,5,0,False,0,car,0 days 00:01:31.069000,0 days 01:54:28.855000,4951.715555555555,30.0
2023-10-22 19:55:31.328,9841,184,5,12,False,0,car,0 days 00:01:31.309000,0 days 01:54:29.095000,4963.982222222221,30.0
2023-10-22 19:55:31.609,9805,182,5,36,False,0,car,0 days 00:01:31.590000,0 days 01:54:29.376000,4978.188333333333,30.0
2023-10-22 19:55:31.929,9807,182,5,50,False,0,car,0 days 00:01:31.910000,0 days 01:54:29.696000,4994.36611111111,30.0
2023-10-22 19:55:32.129,10175,183,5,67,False,0,car,0 days 00:01:32.110000,0 days 01:54:29.896000,5004.532777777777,30.0
2023-10-22 19:55:32.409,10504,188,5,100,False,0,car,0 days 00:01:32.390000,0 days 01:54:30.176000,5019.154999999999,30.0
2023-10-22 19:55:32.689,11125,200,5,100,False,0,car,0 days 00:01:32.670000,0 days 01:54:30.456000,5034.7105555555545,30.0
2023-10-22 19:55:33.049,11695,211,5,100,False,0,car,0 days 00:01:33.030000,0 days 01:54:30.816000,5055.810555555555,30.0
2023-10-22 19:55:33.529,10422,220,6,100,False,0,car,0 days 00:01:33.510000,0 days 01:54:31.296000,5085.143888888889,30.0
2023-10-22 19:55:33.889,10653,226,6,100,False,0,car,0 days 00:01:33.870000,0 days 01:54:31.656000,5107.743888888889,30.0
2023-10-22 19:55:34.089,10793,229,6,100,False,0,car,0 days 00:01:34.070000,0 days 01:54:31.856000,5120.466111111111,30.0
2023-10-22 19:55:34.249,10936,232,6,100,False,0,car,0 days 00:01:34.230000,0 days 01:54:32.016000,5130.777222222223,30.0
2023-10-22 19:55:34.489,11101,235,6,100,False,0,car,0 days 00:01:34.470000,0 days 01:54:32.256000,5146.443888888889,30.0
2023-10-22 19:55:34.888,11188,235,6,0,True,0,car,0 days 00:01:34.869000,0 days 01:54:32.655000,5172.489722222223,30.0
2023-10-22 19:55:35.288,10090,190,6,0,True,0,car,0 days 00:01:35.269000,0 days 01:54:33.055000,5193.600833333334,30.0
2023-10-22 19:55:35.448,10510,170,6,0,True,0,car,0 days 00:01:35.429000,0 days 01:54:33.215000,5201.1563888888895,30.0
2023-10-22 19:55:35.768,10478,144,4,0,True,0,car,0 days 00:01:35.749000,0 days 01:54:33.535000,5213.95638888889,30.0
2023-10-22 19:55:36.008,9292,133,3,0,True,0,car,0 days 00:01:35.989000,0 days 01:54:33.775000,5222.8230555555565,30.0
2023-10-22 19:55:36.288,8288,118,3,0,True,0,car,0 days 00:01:36.269000,0 days 01:54:34.055000,5232.000833333334,30.0
2023-10-22 19:55:36.528,7493,106,3,0,True,0,car,0 days 00:01:36.509000,0 days 01:54:34.295000,5239.067500000001,30.0
2023-10-22 19:55:36.808,7100,101,3,0,True,0,car,0 days 00:01:36.789000,0 days 01:54:34.575000,5246.923055555557,30.0
2023-10-22 19:55:37.048,6685,96,3,0,True,0,car,0 days 00:01:37.029000,0 days 01:54:34.815000,5253.3230555555565,30.0
2023-10-22 19:55:37.328,6309,90,3,0,False,0,car,0 days 00:01:37.309000,0 days 01:54:35.095000,5260.3230555555565,30.0
2023-10-22 19:55:37.488,6409,89,3,5,False,0,car,0 days 00:01:37.469000,0 days 01:54:35.255000,5264.278611111112,30.0
2023-10-22 19:55:37.688,6488,86,3,15,False,0,car,0 days 00:01:37.669000,0 days 01:54:35.455000,5269.05638888889,30.0
2023-10-22 19:55:37.968,6608,88,3,26,False,0,car,0 days 00:01:37.949000,0 days 01:54:35.735000,5275.900833333335,30.0
2023-10-22 19:55:38.209,6756,91,3,35,False,0,car,0 days 00:01:38.190000,0 days 01:54:35.976000,5281.992777777779,30.0
2023-10-22 19:55:38.409,6970,94,3,41,False,0,car,0 days 00:01:38.390000,0 days 01:54:36.176000,5287.215000000002,30.0
2023-10-22 19:55:38.769,7891,104,3,48,False,0,car,0 days 00:01:38.750000,0 days 01:54:36.536000,5297.615000000002,30.0
2023-10-22 19:55:38.929,8314,110,3,55,False,0,car,0 days 00:01:38.910000,0 days 01:54:36.696000,5302.50388888889,30.0
2023-10-22 19:55:39.249,9338,118,3,64,False,0,car,0 days 00:01:39.230000,0 days 01:54:37.016000,5312.992777777779,30.0
2023-10-22 19:55:39.409,9841,125,3,74,False,0,car,0 days 00:01:39.390000,0 days 01:54:37.176000,5318.548333333335,30.0
2023-10-22 19:55:39.729,10338,143,3,80,False,0,car,0 days 00:01:39.710000,0 days 01:54:37.496000,5331.259444444446,30.0
2023-10-22 19:55:40.009,11494,153,3,100,False,0,car,0 days 00:01:39.990000,0 days 01:54:37.776000,5343.159444444445,30.0
2023-10-22 19:55:40.289,10806,168,4,100,False,0,car,0 days 00:01:40.270000,0 days 01:54:38.056000,5356.226111111112,30.0
2023-10-22 19:55:40.449,11112,175,4,100,False,0,car,0 days 00:01:40.430000,0 days 01:54:38.216000,5364.00388888889,30.0
2023-10-22 19:55:40.649,11597,179,4,100,False,0,car,0 days 00:01:40.630000,0 days 01:54:38.416000,5373.948333333334,30.0
2023-10-22 19:55:40.889,11043,189,4,100,False,0,car,0 days 00:01:40.870000,0 days 01:54:38.656000,5386.548333333334,30.0
2023-10-22 19:55:41.368,11239,205,5,100,False,0,car,0 days 00:01:41.349000,0 days 01:54:39.135000,5413.824722222223,30.0
2023-10-22 19:55:41.608,11487,211,5,100,False,0,car,0 days 00:01:41.589000,0 days 01:54:39.375000,5427.891388888889,30.0
2023-10-22 19:55:41.968,10471,222,5,100,False,0,car,0 days 00:00:00.280000,0 days 01:54:39.735000,17.26666666666667,31.0
2023-10-22 19:55:42.368,11024,229,6,100,False,0,car,0 days 00:00:00.680000,0 days 01:54:40.135000,42.71111111111111,31.0
2023-10-22 19:55:42.568,11172,235,6,99,False,0,car,0 days 00:00:00.880000,0 days 01:54:40.335000,55.76666666666666,31.0
2023-10-22 19:55:42.768,11358,239,6,100,False,0,car,0 days 00:00:01.080000,0 days 01:54:40.535000,69.04444444444444,31.0
2023-10-22 19:55:42.928,11498,243,6,100,False,0,car,0 days 00:00:01.240000,0 days 01:54:40.695000,79.84444444444443,31.0
2023-10-22 19:55:43.088,11595,245,6,100,False,0,car,0 days 00:00:01.400000,0 days 01:54:40.855000,90.73333333333332,31.0
2023-10-22 19:55:43.328,10385,249,6,100,False,0,car,0 days 00:00:01.640000,0 days 01:54:41.095000,107.33333333333331,31.0
2023-10-22 19:55:43.528,10439,253,7,100,False,0,car,0 days 00:00:01.840000,0 days 01:54:41.295000,121.38888888888889,31.0
2023-10-22 19:55:43.848,10591,255,7,100,False,0,car,0 days 00:00:02.160000,0 days 01:54:41.615000,144.05555555555554,31.0
2023-10-22 19:55:44.248,10958,261,7,100,False,0,car,0 days 00:00:02.560000,0 days 01:54:42.015000,173.05555555555554,31.0
2023-10-22 19:55:44.608,11000,264,7,100,False,0,car,0 days 00:00:02.920000,0 days 01:54:42.375000,199.45555555555552,31.0
2023-10-22 19:55:44.769,11123,267,7,100,False,0,car,0 days 00:00:03.081000,0 days 01:54:42.536000,211.39638888888885,31.0
2023-10-22 19:55:45.289,11342,272,7,100,False,0,car,0 days 00:00:03.601000,0 days 01:54:43.056000,250.68527777777774,31.0
2023-10-22 19:55:45.489,11340,274,7,100,False,0,car,0 days 00:00:03.801000,0 days 01:54:43.256000,265.90749999999997,31.0
2023-10-22 19:55:45.689,11454,276,7,94,False,0,car,0 days 00:00:04.001000,0 days 01:54:43.456000,281.24083333333334,31.0
2023-10-22 19:55:45.849,11500,276,7,100,False,0,car,0 days 00:00:04.161000,0 days 01:54:43.616000,293.50749999999994,31.0
2023-10-22 19:55:46.249,10981,279,7,100,False,0,car,0 days 00:00:04.561000,0 days 01:54:44.016000,324.50749999999994,31.0
2023-10-22 19:55:46.489,10328,280,8,100,False,0,car,0 days 00:00:04.801000,0 days 01:54:44.256000,343.1741666666666,31.0
2023-10-22 19:55:46.849,10413,282,8,100,False,0,car,0 days 00:00:05.161000,0 days 01:54:44.616000,371.37416666666655,31.0
2023-10-22 19:55:47.089,10422,282,8,99,False,0,car,0 days 00:00:05.401000,0 days 01:54:44.856000,390.17416666666657,31.0
2023-10-22 19:55:47.249,10402,283,8,100,False,0,car,0 days 00:00:05.561000,0 days 01:54:45.016000,402.75194444444435,31.0
2023-10-22 19:55:47.449,10397,283,8,100,False,0,car,0 days 00:00:05.761000,0 days 01:54:45.216000,418.4741666666666,31.0
2023-10-22 19:55:47.889,10375,282,8,100,False,0,car,0 days 00:00:06.201000,0 days 01:54:45.656000,452.9408333333332,31.0
2023-10-22 19:55:48.128,10370,280,8,99,False,0,car,0 days 00:00:06.440000,0 days 01:54:45.895000,471.5297222222222,31.0
2023-10-22 19:55:48.408,9606,279,8,18,False,0,car,0 days 00:00:06.720000,0 days 01:54:46.175000,493.2297222222221,31.0
2023-10-22 19:55:48.608,9963,274,8,0,True,0,car,0 days 00:00:06.920000,0 days 01:54:46.375000,508.45194444444434,31.0
2023-10-22 19:55:48.848,8906,245,8,0,True,0,car,0 days 00:00:07.160000,0 days 01:54:46.615000,524.7852777777777,31.0
2023-10-22 19:55:49.008,9494,234,8,0,True,0,car,0 days 00:00:07.320000,0 days 01:54:46.775000,535.1852777777776,31.0
2023-10-22 19:55:49.248,9322,198,7,0,True,0,car,0 days 00:00:07.560000,0 days 01:54:47.015000,548.3852777777776,31.0
2023-10-22 19:55:49.488,9088,173,7,0,True,0,car,0 days 00:00:07.800000,0 days 01:54:47.255000,559.9186111111109,31.0
2023-10-22 19:55:49.688,8550,156,5,0,True,0,car,0 days 00:00:08,0 days 01:54:47.455000,568.5852777777775,31.0
2023-10-22 19:55:49.888,8539,140,5,0,True,0,car,0 days 00:00:08.200000,0 days 01:54:47.655000,576.3630555555552,31.0
2023-10-22 19:55:50.048,9266,136,5,0,True,0,car,0 days 00:00:08.360000,0 days 01:54:47.815000,582.4074999999997,31.0
2023-10-22 19:55:50.248,8565,123,3,0,True,0,car,0 days 00:00:08.560000,0 days 01:54:48.015000,589.2408333333331,31.0
2023-10-22 19:55:50.448,8285,111,3,0,True,0,car,0 days 00:00:08.760000,0 days 01:54:48.215000,595.4074999999997,31.0
2023-10-22 19:55:50.768,7472,103,3,0,True,0,car,0 days 00:00:09.080000,0 days 01:54:48.535000,604.5630555555553,31.0
2023-10-22 19:55:50.968,6961,99,3,0,True,0,car,0 days 00:00:09.280000,0 days 01:54:48.735000,610.0630555555553,31.0
2023-10-22 19:55:51.409,6372,92,3,0,True,0,car,0 days 00:00:09.721000,0 days 01:54:49.176000,621.3330555555552,31.0
2023-10-22 19:55:51.569,6168,91,3,0,True,0,car,0 days 00:00:09.881000,0 days 01:54:49.336000,625.3774999999997,31.0
2023-10-22 19:55:51.809,5963,85,3,0,False,0,car,0 days 00:00:10.121000,0 days 01:54:49.576000,631.0441666666663,31.0
2023-10-22 19:55:52.009,5892,83,3,0,False,0,car,0 days 00:00:10.321000,0 days 01:54:49.776000,635.6552777777774,31.0
2023-10-22 19:55:52.209,5580,80,3,0,False,0,car,0 days 00:00:10.521000,0 days 01:54:49.976000,640.0997222222219,31.0
2023-10-22 19:55:52.449,5576,77,3,0,False,0,car,0 days 00:00:10.761000,0 days 01:54:50.216000,645.2330555555552,31.0
2023-10-22 19:55:52.649,5983,76,3,12,False,0,car,0 days 00:00:10.961000,0 days 01:54:50.416000,649.4552777777775,31.0
2023-10-22 19:55:52.929,6074,81,3,25,False,0,car,0 days 00:00:11.241000,0 days 01:54:50.696000,655.7552777777775,31.0
2023-10-22 19:55:53.209,6178,83,3,32,False,0,car,0 days 00:00:11.521000,0 days 01:54:50.976000,662.2108333333331,31.0
2023-10-22 19:55:53.449,6833,89,3,39,False,0,car,0 days 00:00:11.761000,0 days 01:54:51.216000,668.1441666666664,31.0
2023-10-22 19:55:53.729,7562,97,3,41,False,0,car,0 days 00:00:12.041000,0 days 01:54:51.496000,675.6886111111108,31.0
2023-10-22 19:55:54.089,8001,105,3,50,False,0,car,0 days 00:00:12.401000,0 days 01:54:51.856000,686.1886111111108,31.0
2023-10-22 19:55:54.289,8597,105,3,57,False,0,car,0 days 00:00:12.601000,0 days 01:54:52.056000,692.0219444444442,31.0
2023-10-22 19:55:54.729,9607,131,3,65,False,0,car,0 days 00:00:13.041000,0 days 01:54:52.496000,708.0330555555553,31.0
2023-10-22 19:55:54.928,10361,140,3,77,False,0,car,0 days 00:00:13.240000,0 days 01:54:52.695000,715.7719444444442,31.0
2023-10-22 19:55:55.288,10727,156,3,99,False,0,car,0 days 00:00:13.600000,0 days 01:54:53.055000,731.3719444444442,31.0
2023-10-22 19:55:55.528,10755,170,4,100,False,0,car,0 days 00:00:13.840000,0 days 01:54:53.295000,742.7052777777776,31.0
2023-10-22 19:55:55.768,10758,178,4,100,False,0,car,0 days 00:00:14.080000,0 days 01:54:53.535000,754.5719444444443,31.0
2023-10-22 19:55:55.968,10239,178,4,100,False,0,car,0 days 00:00:14.280000,0 days 01:54:53.735000,764.4608333333331,31.0
2023-10-22 19:55:56.128,10614,196,5,99,False,0,car,0 days 00:00:14.440000,0 days 01:54:53.895000,773.1719444444442,31.0
2023-10-22 19:55:56.488,11267,203,5,99,False,0,car,0 days 00:00:14.800000,0 days 01:54:54.255000,793.4719444444443,31.0
2023-10-22 19:55:56.888,10219,215,6,99,False,0,car,0 days 00:00:15.200000,0 days 01:54:54.655000,817.3608333333331,31.0
2023-10-22 19:55:57.088,10453,215,6,99,False,0,car,0 days 00:00:15.400000,0 days 01:54:54.855000,829.3052777777775,31.0
2023-10-22 19:55:57.408,10909,229,6,100,False,0,car,0 days 00:00:15.720000,0 days 01:54:55.175000,849.6608333333331,31.0
2023-10-22 19:55:57.809,11240,235,6,99,False,0,car,0 days 00:00:16.121000,0 days 01:54:55.576000,875.8372222222218,31.0
2023-10-22 19:55:58.089,11541,242,6,100,False,0,car,0 days 00:00:16.401000,0 days 01:54:55.856000,894.6594444444441,31.0
2023-10-22 19:55:58.369,11202,247,6,99,False,0,car,0 days 00:00:16.681000,0 days 01:54:56.136000,913.8705555555554,31.0
2023-10-22 19:55:58.609,10437,249,7,100,False,0,car,0 days 00:00:16.921000,0 days 01:54:56.376000,930.4705555555553,31.0
2023-10-22 19:55:58.849,10586,253,7,100,False,0,car,0 days 00:00:17.161000,0 days 01:54:56.616000,947.3372222222221,31.0
2023-10-22 19:55:59.009,10582,254,7,99,False,0,car,0 days 00:00:17.321000,0 days 01:54:56.776000,958.626111111111,31.0
2023-10-22 19:55:59.209,10723,257,7,100,False,0,car,0 days 00:00:17.521000,0 days 01:54:56.976000,972.9038888888887,31.0
2023-10-22 19:55:59.369,10816,259,7,100,False,0,car,0 days 00:00:17.681000,0 days 01:54:57.136000,984.4149999999998,31.0
2023-10-22 19:55:59.689,10954,263,7,100,False,0,car,0 days 00:00:18.001000,0 days 01:54:57.456000,1007.7927777777777,31.0
2023-10-22 19:55:59.849,11001,265,7,100,False,0,car,0 days 00:00:18.161000,0 days 01:54:57.616000,1019.5705555555555,31.0
2023-10-22 19:56:00.289,11067,270,7,100,False,0,car,0 days 00:00:18.601000,0 days 01:54:58.056000,1052.5705555555553,31.0
2023-10-22 19:56:00.489,11211,271,7,100,False,0,car,0 days 00:00:18.801000,0 days 01:54:58.256000,1067.6261111111107,31.0
2023-10-22 19:56:00.809,11280,271,7,100,False,0,car,0 days 00:00:19.121000,0 days 01:54:58.576000,1091.7149999999997,31.0
2023-10-22 19:56:01.089,11270,272,7,100,False,0,car,0 days 00:00:19.401000,0 days 01:54:58.856000,1112.8705555555553,31.0
2023-10-22 19:56:01.329,11286,272,7,99,False,0,car,0 days 00:00:19.641000,0 days 01:54:59.096000,1131.0038888888885,31.0
2023-10-22 19:56:01.648,11383,273,7,99,False,0,car,0 days 00:00:19.960000,0 days 01:54:59.415000,1155.194722222222,31.0
2023-10-22 19:56:01.888,11187,272,7,99,False,0,car,0 days 00:00:20.200000,0 days 01:54:59.655000,1173.3280555555552,31.0
2023-10-22 19:56:02.208,11315,273,7,99,False,0,car,0 days 00:00:20.520000,0 days 01:54:59.975000,1197.594722222222,31.0
2023-10-22 19:56:02.488,11389,268,7,16,True,0,car,0 days 00:00:20.800000,0 days 01:55:00.255000,1218.4391666666663,31.0
2023-10-22 19:56:02.768,10558,256,7,6,True,0,car,0 days 00:00:21.080000,0 days 01:55:00.535000,1238.3502777777774,31.0
2023-10-22 19:56:03.128,10383,249,7,53,False,0,car,0 days 00:00:21.440000,0 days 01:55:00.895000,1263.2502777777777,31.0
2023-10-22 19:56:03.448,10122,246,7,47,True,0,car,0 days 00:00:21.760000,0 days 01:55:01.215000,1285.1169444444445,31.0
2023-10-22 19:56:03.728,11028,238,6,0,False,0,car,0 days 00:00:22.040000,0 days 01:55:01.495000,1303.6280555555554,31.0
2023-10-22 19:56:03.968,11014,233,6,15,False,0,car,0 days 00:00:22.280000,0 days 01:55:01.735000,1319.161388888889,31.0
2023-10-22 19:56:04.449,10776,224,6,53,False,0,car,0 days 00:00:22.761000,0 days 01:55:02.216000,1349.0902777777778,31.0
2023-10-22 19:56:04.609,10729,226,6,62,False,0,car,0 days 00:00:22.921000,0 days 01:55:02.376000,1359.1347222222223,31.0
2023-10-22 19:56:05.009,10715,226,6,71,False,0,car,0 days 00:00:23.321000,0 days 01:55:02.776000,1384.2458333333336,31.0
2023-10-22 19:56:05.169,10715,230,6,71,False,0,car,0 days 00:00:23.481000,0 days 01:55:02.936000,1394.4680555555558,31.0
2023-10-22 19:56:05.369,10604,227,6,16,True,0,car,0 days 00:00:23.681000,0 days 01:55:03.136000,1407.0791666666669,31.0
2023-10-22 19:56:05.649,10311,218,6,11,False,0,car,0 days 00:00:23.961000,0 days 01:55:03.416000,1424.0347222222224,31.0
2023-10-22 19:56:06.089,9825,209,6,0,False,0,car,0 days 00:00:24.401000,0 days 01:55:03.856000,1449.5791666666669,31.0
2023-10-22 19:56:06.329,9825,207,6,0,False,0,car,0 days 00:00:24.641000,0 days 01:55:04.096000,1463.3791666666668,31.0
2023-10-22 19:56:06.529,9721,205,6,61,False,0,car,0 days 00:00:24.841000,0 days 01:55:04.296000,1474.768055555556,31.0
2023-10-22 19:56:06.729,9786,207,6,62,False,0,car,0 days 00:00:25.041000,0 days 01:55:04.496000,1486.268055555556,31.0
2023-10-22 19:56:07.049,9644,203,6,51,False,0,car,0 days 00:00:25.361000,0 days 01:55:04.816000,1504.3125000000005,31.0
2023-10-22 19:56:07.329,9743,205,6,64,False,0,car,0 days 00:00:25.641000,0 days 01:55:05.096000,1520.2569444444448,31.0
2023-10-22 19:56:07.609,9886,207,6,59,False,0,car,0 days 00:00:25.921000,0 days 01:55:05.376000,1536.356944444445,31.0
2023-10-22 19:56:07.809,9470,204,6,50,False,0,car,0 days 00:00:26.121000,0 days 01:55:05.576000,1547.6902777777782,31.0
2023-10-22 19:56:08.049,9871,206,6,48,False,0,car,0 days 00:00:26.361000,0 days 01:55:05.816000,1561.4236111111115,31.0
2023-10-22 19:56:08.328,9918,205,6,69,False,0,car,0 days 00:00:26.640000,0 days 01:55:06.095000,1577.3111111111116,31.0
2023-10-22 19:56:08.568,10042,210,6,76,False,0,car,0 days 00:00:26.880000,0 days 01:55:06.335000,1591.3111111111116,31.0
2023-10-22 19:56:08.968,10279,216,6,100,False,0,car,0 days 00:00:27.280000,0 days 01:55:06.735000,1615.3111111111118,31.0
2023-10-22 19:56:09.128,10360,217,6,67,True,0,car,0 days 00:00:27.440000,0 days 01:55:06.895000,1624.9555555555562,31.0
2023-10-22 19:56:09.488,10827,209,6,3,True,0,car,0 days 00:00:27.800000,0 days 01:55:07.255000,1645.855555555556,31.0
2023-10-22 19:56:09.648,10384,197,5,3,True,0,car,0 days 00:00:27.960000,0 days 01:55:07.415000,1654.6111111111115,31.0
2023-10-22 19:56:09.848,10147,193,5,3,False,0,car,0 days 00:00:28.160000,0 days 01:55:07.615000,1665.3333333333337,31.0
2023-10-22 19:56:10.128,9856,182,5,0,True,0,car,0 days 00:00:28.440000,0 days 01:55:07.895000,1679.4888888888893,31.0
2023-10-22 19:56:10.328,9388,176,5,0,True,0,car,0 days 00:00:28.640000,0 days 01:55:08.095000,1689.266666666667,31.0
2023-10-22 19:56:10.608,9072,170,5,0,False,0,car,0 days 00:00:28.920000,0 days 01:55:08.375000,1702.4888888888893,31.0
2023-10-22 19:56:10.768,9136,167,5,5,False,0,car,0 days 00:00:29.080000,0 days 01:55:08.535000,1709.9111111111113,31.0
2023-10-22 19:56:10.969,8965,164,5,37,False,0,car,0 days 00:00:29.281000,0 days 01:55:08.736000,1719.067777777778,31.0
2023-10-22 19:56:11.489,9547,171,5,68,False,0,car,0 days 00:00:29.801000,0 days 01:55:09.256000,1743.767777777778,31.0
2023-10-22 19:56:11.689,9784,175,5,75,False,0,car,0 days 00:00:30.001000,0 days 01:55:09.456000,1753.4900000000005,31.0
2023-10-22 19:56:12.089,9581,185,5,1,True,0,car,0 days 00:00:30.401000,0 days 01:55:09.856000,1774.045555555556,31.0
2023-10-22 19:56:12.369,9869,174,5,0,True,0,car,0 days 00:00:30.681000,0 days 01:55:10.136000,1787.5788888888892,31.0
2023-10-22 19:56:12.609,10149,165,4,1,True,0,car,0 days 00:00:30.921000,0 days 01:55:10.376000,1798.5788888888892,31.0
2023-10-22 19:56:12.769,9547,157,4,6,True,0,car,0 days 00:00:31.081000,0 days 01:55:10.536000,1805.556666666667,31.0
2023-10-22 19:56:12.929,9309,151,4,4,True,0,car,0 days 00:00:31.241000,0 days 01:55:10.696000,1812.2677777777783,31.0
2023-10-22 19:56:13.289,8638,143,4,0,True,0,car,0 days 00:00:31.601000,0 days 01:55:11.056000,1826.5677777777782,31.0
2023-10-22 19:56:13.449,8366,138,4,0,True,0,car,0 days 00:00:31.761000,0 days 01:55:11.216000,1832.7011111111117,31.0
2023-10-22 19:56:13.649,8191,134,4,0,False,0,car,0 days 00:00:31.961000,0 days 01:55:11.416000,1840.145555555556,31.0
2023-10-22 19:56:14.009,7812,130,4,3,False,0,car,0 days 00:00:32.321000,0 days 01:55:11.776000,1853.145555555556,31.0
2023-10-22 19:56:14.169,8059,128,4,10,False,0,car,0 days 00:00:32.481000,0 days 01:55:11.936000,1858.8344444444451,31.0
2023-10-22 19:56:14.369,8244,128,4,44,False,0,car,0 days 00:00:32.681000,0 days 01:55:12.136000,1865.945555555556,31.0
2023-10-22 19:56:14.609,8368,130,4,49,False,0,car,0 days 00:00:32.921000,0 days 01:55:12.376000,1874.6122222222227,31.0
2023-10-22 19:56:14.889,8634,134,4,53,False,0,car,0 days 00:00:33.201000,0 days 01:55:12.656000,1885.034444444445,31.0
2023-10-22 19:56:15.128,9099,141,4,62,False,0,car,0 days 00:00:33.440000,0 days 01:55:12.895000,1894.3952777777781,31.0
2023-10-22 19:56:15.328,9119,147,4,64,False,0,car,0 days 00:00:33.640000,0 days 01:55:13.095000,1902.5619444444449,31.0
2023-10-22 19:56:15.648,10094,154,4,83,False,0,car,0 days 00:00:33.960000,0 days 01:55:13.415000,1916.2508333333337,31.0
2023-10-22 19:56:15.928,10116,163,4,63,False,0,car,0 days 00:00:34.240000,0 days 01:55:13.695000,1928.9286111111116,31.0
2023-10-22 19:56:16.248,10252,163,4,40,False,0,car,0 days 00:00:34.560000,0 days 01:55:14.015000,1943.4175000000005,31.0
2023-10-22 19:56:16.528,10443,164,4,51,False,0,car,0 days 00:00:34.840000,0 days 01:55:14.295000,1956.1730555555562,31.0
2023-10-22 19:56:16.848,10866,170,4,62,False,0,car,0 days 00:00:35.160000,0 days 01:55:14.615000,1971.284166666667,31.0
2023-10-22 19:56:17.088,11344,175,4,85,False,0,car,0 days 00:00:35.400000,0 days 01:55:14.855000,1982.9508333333338,31.0
2023-10-22 19:56:17.408,11569,181,4,100,False,0,car,0 days 00:00:35.720000,0 days 01:55:15.175000,1999.0397222222227,31.0
2023-10-22 19:56:17.569,10449,187,4,99,False,0,car,0 days 00:00:35.881000,0 days 01:55:15.336000,2007.4027777777783,31.0
2023-10-22 19:56:17.969,11147,198,5,100,False,0,car,0 days 00:00:36.281000,0 days 01:55:15.736000,2029.4027777777783,31.0
2023-10-22 19:56:18.129,11529,208,5,100,False,0,car,0 days 00:00:36.441000,0 days 01:55:15.896000,2038.647222222223,31.0
2023-10-22 19:56:18.289,11636,211,5,100,False,0,car,0 days 00:00:36.601000,0 days 01:55:16.056000,2048.0250000000005,31.0
2023-10-22 19:56:18.609,11328,219,5,100,False,0,car,0 days 00:00:36.921000,0 days 01:55:16.376000,2067.4916666666672,31.0
2023-10-22 19:56:18.849,10756,227,6,99,False,0,car,0 days 00:00:37.161000,0 days 01:55:16.616000,2082.625000000001,31.0
2023-10-22 19:56:19.049,10992,232,6,100,False,0,car,0 days 00:00:37.361000,0 days 01:55:16.816000,2095.5138888888896,31.0
2023-10-22 19:56:19.449,11643,241,6,100,False,0,car,0 days 00:00:37.761000,0 days 01:55:17.216000,2122.291666666668,31.0
2023-10-22 19:56:19.649,11579,242,6,99,False,0,car,0 days 00:00:37.961000,0 days 01:55:17.416000,2135.736111111112,31.0
2023-10-22 19:56:19.849,11439,247,6,99,False,0,car,0 days 00:00:38.161000,0 days 01:55:17.616000,2149.458333333335,31.0
2023-10-22 19:56:20.129,10548,252,7,100,False,0,car,0 days 00:00:38.441000,0 days 01:55:17.896000,2169.0583333333348,31.0
2023-10-22 19:56:20.329,10539,256,7,99,False,0,car,0 days 00:00:38.641000,0 days 01:55:18.096000,2183.2805555555565,31.0
2023-10-22 19:56:20.649,10807,260,7,99,False,0,car,0 days 00:00:38.961000,0 days 01:55:18.416000,2206.391666666668,31.0
2023-10-22 19:56:21.049,11047,267,7,99,False,0,car,0 days 00:00:39.361000,0 days 01:55:18.816000,2236.0583333333343,31.0
2023-10-22 19:56:21.289,11174,270,7,99,False,0,car,0 days 00:00:39.601000,0 days 01:55:19.056000,2254.0583333333343,31.0
2023-10-22 19:56:21.489,11268,270,7,100,False,0,car,0 days 00:00:39.801000,0 days 01:55:19.256000,2269.0583333333343,31.0
2023-10-22 19:56:21.649,11385,275,7,99,False,0,car,0 days 00:00:39.961000,0 days 01:55:19.416000,2281.2805555555565,31.0
2023-10-22 19:56:21.888,11471,276,7,99,False,0,car,0 days 00:00:40.200000,0 days 01:55:19.655000,2299.60388888889,31.0
2023-10-22 19:56:22.088,11100,278,7,99,False,0,car,0 days 00:00:40.400000,0 days 01:55:19.855000,2315.048333333334,31.0
2023-10-22 19:56:22.328,10356,281,8,99,False,0,car,0 days 00:00:40.640000,0 days 01:55:20.095000,2333.7816666666677,31.0
2023-10-22 19:56:22.728,10459,284,8,99,False,0,car,0 days 00:00:41.040000,0 days 01:55:20.495000,2365.3372222222233,31.0
2023-10-22 19:56:22.888,10852,281,8,0,False,0,car,0 days 00:00:41.200000,0 days 01:55:20.655000,2377.8261111111124,31.0
2023-10-22 19:56:23.048,10161,276,8,0,False,0,car,0 days 00:00:41.360000,0 days 01:55:20.815000,2390.092777777779,31.0
2023-10-22 19:56:23.248,9739,265,8,0,True,0,car,0 days 00:00:41.560000,0 days 01:55:21.015000,2404.8150000000014,31.0
2023-10-22 19:56:23.568,9272,232,8,0,True,0,car,0 days 00:00:41.880000,0 days 01:55:21.335000,2425.4372222222237,31.0
2023-10-22 19:56:24.008,9285,192,6,0,True,0,car,0 days 00:00:42.320000,0 days 01:55:21.775000,2448.9038888888904,31.0
2023-10-22 19:56:24.329,8988,160,5,0,True,0,car,0 days 00:00:42.641000,0 days 01:55:22.096000,2463.170555555557,31.0
2023-10-22 19:56:24.609,8980,145,5,0,True,0,car,0 days 00:00:42.921000,0 days 01:55:22.376000,2474.4483333333346,31.0
2023-10-22 19:56:24.969,9068,121,3,0,True,0,car,0 days 00:00:43.281000,0 days 01:55:22.736000,2486.5483333333345,31.0
2023-10-22 19:56:25.449,6876,97,3,0,True,0,car,0 days 00:00:43.761000,0 days 01:55:23.216000,2499.481666666668,31.0
2023-10-22 19:56:25.609,6534,93,3,0,True,0,car,0 days 00:00:43.921000,0 days 01:55:23.376000,2503.615000000001,31.0
2023-10-22 19:56:26.089,5486,80,3,0,True,0,car,0 days 00:00:44.401000,0 days 01:55:23.856000,2514.281666666668,31.0
2023-10-22 19:56:26.249,5373,75,3,0,True,0,car,0 days 00:00:44.561000,0 days 01:55:24.016000,2517.6150000000016,31.0
2023-10-22 19:56:26.449,5021,72,3,0,False,0,car,0 days 00:00:44.761000,0 days 01:55:24.216000,2521.6150000000016,31.0
2023-10-22 19:56:26.609,5034,72,3,0,False,0,car,0 days 00:00:44.921000,0 days 01:55:24.376000,2524.8150000000014,31.0
2023-10-22 19:56:26.769,4914,71,3,0,False,0,car,0 days 00:00:45.081000,0 days 01:55:24.536000,2527.970555555557,31.0
2023-10-22 19:56:27.089,4668,68,3,0,False,0,car,0 days 00:00:45.401000,0 days 01:55:24.856000,2534.0150000000012,31.0
2023-10-22 19:56:27.249,4778,65,3,3,False,0,car,0 days 00:00:45.561000,0 days 01:55:25.016000,2536.90388888889,31.0
2023-10-22 19:56:27.729,5365,70,3,20,False,0,car,0 days 00:00:46.041000,0 days 01:55:25.496000,2546.2372222222234,31.0
2023-10-22 19:56:27.929,5520,74,3,29,False,0,car,0 days 00:00:46.241000,0 days 01:55:25.696000,2550.3483333333347,31.0
2023-10-22 19:56:28.209,6104,76,3,36,False,0,car,0 days 00:00:46.521000,0 days 01:55:25.976000,2556.2594444444458,31.0
2023-10-22 19:56:28.409,6278,83,3,38,False,0,car,0 days 00:00:46.721000,0 days 01:55:26.176000,2560.8705555555566,31.0
2023-10-22 19:56:28.648,6817,90,3,42,False,0,car,0 days 00:00:46.960000,0 days 01:55:26.415000,2566.8455555555565,31.0
2023-10-22 19:56:28.888,7850,97,3,51,False,0,car,0 days 00:00:47.200000,0 days 01:55:26.655000,2573.312222222223,31.0
2023-10-22 19:56:29.128,8247,105,3,50,False,0,car,0 days 00:00:47.440000,0 days 01:55:26.895000,2580.312222222223,31.0
2023-10-22 19:56:29.328,8195,113,3,57,False,0,car,0 days 00:00:47.640000,0 days 01:55:27.095000,2586.590000000001,31.0
2023-10-22 19:56:29.768,9897,124,3,76,False,0,car,0 days 00:00:48.080000,0 days 01:55:27.535000,2601.7455555555566,31.0
2023-10-22 19:56:30.008,10619,135,3,88,False,0,car,0 days 00:00:48.320000,0 days 01:55:27.775000,2610.7455555555566,31.0
2023-10-22 19:56:30.168,11258,145,3,100,False,0,car,0 days 00:00:48.480000,0 days 01:55:27.935000,2617.190000000001,31.0
2023-10-22 19:56:30.408,11109,155,3,99,False,0,car,0 days 00:00:48.720000,0 days 01:55:28.175000,2627.5233333333344,31.0
2023-10-22 19:56:30.608,10795,169,4,100,False,0,car,0 days 00:00:48.920000,0 days 01:55:28.375000,2636.9122222222236,31.0
2023-10-22 19:56:30.929,11556,186,4,100,False,0,car,0 days 00:00:49.241000,0 days 01:55:28.696000,2653.4972222222236,31.0
2023-10-22 19:56:31.209,10577,193,4,100,False,0,car,0 days 00:00:49.521000,0 days 01:55:28.976000,2668.5083333333346,31.0
2023-10-22 19:56:31.609,11274,207,5,100,False,0,car,0 days 00:00:49.921000,0 days 01:55:29.376000,2691.5083333333346,31.0
2023-10-22 19:56:32.009,10932,218,5,100,False,0,car,0 days 00:00:50.321000,0 days 01:55:29.776000,2715.7305555555567,31.0
2023-10-22 19:56:32.289,10651,226,6,100,False,0,car,0 days 00:00:50.601000,0 days 01:55:30.056000,2733.3083333333348,31.0
2023-10-22 19:56:32.449,10927,231,6,100,False,0,car,0 days 00:00:50.761000,0 days 01:55:30.216000,2743.5750000000016,31.0
2023-10-22 19:56:32.609,11051,233,6,100,False,0,car,0 days 00:00:50.921000,0 days 01:55:30.376000,2753.930555555557,31.0
2023-10-22 19:56:32.849,11316,239,6,100,False,0,car,0 days 00:00:51.161000,0 days 01:55:30.616000,2769.8638888888904,31.0
2023-10-22 19:56:33.049,11518,243,6,99,False,0,car,0 days 00:00:51.361000,0 days 01:55:30.816000,2783.36388888889,31.0
2023-10-22 19:56:33.249,11650,247,6,100,False,0,car,0 days 00:00:51.561000,0 days 01:55:31.016000,2797.0861111111126,31.0
2023-10-22 19:56:33.529,10454,251,7,100,False,0,car,0 days 00:00:51.841000,0 days 01:55:31.296000,2816.608333333335,31.0
2023-10-22 19:56:33.889,10639,256,7,100,False,0,car,0 days 00:00:52.201000,0 days 01:55:31.656000,2842.208333333335,31.0
2023-10-22 19:56:34.049,10757,259,7,100,False,0,car,0 days 00:00:52.361000,0 days 01:55:31.816000,2853.719444444446,31.0
2023-10-22 19:56:34.329,10796,262,7,100,False,0,car,0 days 00:00:52.641000,0 days 01:55:32.096000,2874.0972222222235,31.0
2023-10-22 19:56:34.649,11136,266,7,100,False,0,car,0 days 00:00:52.961000,0 days 01:55:32.416000,2897.741666666668,31.0
2023-10-22 19:56:34.849,11137,268,7,100,False,0,car,0 days 00:00:53.161000,0 days 01:55:32.616000,2912.6305555555573,31.0
2023-10-22 19:56:35.129,11218,271,7,100,False,0,car,0 days 00:00:53.441000,0 days 01:55:32.896000,2933.7083333333353,31.0
2023-10-22 19:56:35.408,11271,272,7,100,False,0,car,0 days 00:00:53.720000,0 days 01:55:33.175000,2954.7883333333352,31.0
2023-10-22 19:56:35.608,11271,273,7,100,False,0,car,0 days 00:00:53.920000,0 days 01:55:33.375000,2969.955000000002,31.0
2023-10-22 19:56:35.808,11449,276,7,100,False,0,car,0 days 00:00:54.120000,0 days 01:55:33.575000,2985.2883333333352,31.0
2023-10-22 19:56:36.168,10965,279,7,100,False,0,car,0 days 00:00:54.480000,0 days 01:55:33.935000,3013.1883333333353,31.0
2023-10-22 19:56:36.448,10418,281,8,100,False,0,car,0 days 00:00:54.760000,0 days 01:55:34.215000,3035.043888888891,31.0
2023-10-22 19:56:36.728,10463,283,8,100,False,0,car,0 days 00:00:55.040000,0 days 01:55:34.495000,3057.0550000000026,31.0
2023-10-22 19:56:37.088,10520,285,8,99,False,0,car,0 days 00:00:55.400000,0 days 01:55:34.855000,3085.5550000000026,31.0
2023-10-22 19:56:37.569,10629,288,8,100,False,0,car,0 days 00:00:55.881000,0 days 01:55:35.336000,3124.0350000000026,31.0
2023-10-22 19:56:37.889,10668,289,8,100,False,0,car,0 days 00:00:56.201000,0 days 01:55:35.656000,3149.7238888888915,31.0
2023-10-22 19:56:38.129,10727,291,8,100,False,0,car,0 days 00:00:56.441000,0 days 01:55:35.896000,3169.1238888888915,31.0
2023-10-22 19:56:38.449,10782,292,8,100,False,0,car,0 days 00:00:56.761000,0 days 01:55:36.216000,3195.0794444444473,31.0
2023-10-22 19:56:38.649,10806,294,8,100,False,0,car,0 days 00:00:56.961000,0 days 01:55:36.416000,3211.4127777777803,31.0
2023-10-22 19:56:38.929,10837,295,8,100,False,0,car,0 days 00:00:57.241000,0 days 01:55:36.696000,3234.3572222222247,31.0
2023-10-22 19:56:39.089,10883,296,8,100,False,0,car,0 days 00:00:57.401000,0 days 01:55:36.856000,3247.5127777777807,31.0
2023-10-22 19:56:39.369,10890,296,8,100,False,0,car,0 days 00:00:57.681000,0 days 01:55:37.136000,3270.5350000000026,31.0
2023-10-22 19:56:39.729,10865,296,8,100,False,0,car,0 days 00:00:58.041000,0 days 01:55:37.496000,3300.1350000000025,31.0
2023-10-22 19:56:40.049,10953,297,8,100,False,0,car,0 days 00:00:58.361000,0 days 01:55:37.816000,3326.5350000000026,31.0
2023-10-22 19:56:40.249,10934,297,8,100,False,0,car,0 days 00:00:58.561000,0 days 01:55:38.016000,3343.035000000003,31.0
2023-10-22 19:56:40.609,10975,298,8,100,False,0,car,0 days 00:00:58.921000,0 days 01:55:38.376000,3372.8350000000028,31.0
2023-10-22 19:56:40.849,10951,297,8,100,False,0,car,0 days 00:00:59.161000,0 days 01:55:38.616000,3392.635000000003,31.0
2023-10-22 19:56:41.249,10986,298,8,100,False,0,car,0 days 00:00:59.561000,0 days 01:55:39.016000,3425.746111111114,31.0
2023-10-22 19:56:41.649,11024,299,8,100,False,0,car,0 days 00:00:59.961000,0 days 01:55:39.416000,3458.968333333336,31.0
2023-10-22 19:56:41.809,11015,299,8,100,False,0,car,0 days 00:01:00.121000,0 days 01:55:39.576000,3472.257222222225,31.0
2023-10-22 19:56:42.008,11022,300,8,100,False,0,car,0 days 00:01:00.320000,0 days 01:55:39.775000,3488.8405555555582,31.0
2023-10-22 19:56:42.328,11054,300,8,100,False,0,car,0 days 00:01:00.640000,0 days 01:55:40.095000,3515.5072222222248,31.0
2023-10-22 19:56:42.528,11032,300,8,100,False,0,car,0 days 00:01:00.840000,0 days 01:55:40.295000,3532.1738888888917,31.0
2023-10-22 19:56:42.728,11032,300,8,100,False,0,car,0 days 00:01:01.040000,0 days 01:55:40.495000,3548.8405555555582,31.0
2023-10-22 19:56:43.048,10879,294,8,37,False,0,car,0 days 00:01:01.360000,0 days 01:55:40.815000,3574.9738888888915,31.0
2023-10-22 19:56:43.328,10421,285,8,0,True,0,car,0 days 00:01:01.640000,0 days 01:55:41.095000,3597.1405555555584,31.0
2023-10-22 19:56:43.648,9170,241,8,0,True,0,car,0 days 00:01:01.960000,0 days 01:55:41.415000,3618.562777777781,31.0
2023-10-22 19:56:43.969,9209,219,7,0,True,0,car,0 days 00:01:02.281000,0 days 01:55:41.736000,3638.0902777777806,31.0
2023-10-22 19:56:44.169,9014,187,7,0,True,0,car,0 days 00:01:02.481000,0 days 01:55:41.936000,3648.4791666666697,31.0
2023-10-22 19:56:44.569,9181,151,5,0,True,0,car,0 days 00:01:02.881000,0 days 01:55:42.336000,3665.2569444444475,31.0
2023-10-22 19:56:44.769,9581,145,5,0,True,0,car,0 days 00:01:03.081000,0 days 01:55:42.536000,3673.312500000003,31.0
2023-10-22 19:56:45.169,8996,116,3,0,True,0,car,0 days 00:01:03.481000,0 days 01:55:42.936000,3686.201388888892,31.0
2023-10-22 19:56:45.449,7609,106,3,0,True,0,car,0 days 00:01:03.761000,0 days 01:55:43.216000,3694.4458333333364,31.0
2023-10-22 19:56:45.809,7021,100,3,0,True,0,car,0 days 00:01:04.121000,0 days 01:55:43.576000,3704.4458333333364,31.0
2023-10-22 19:56:45.969,6838,96,3,0,True,0,car,0 days 00:01:04.281000,0 days 01:55:43.736000,3708.7125000000033,31.0
2023-10-22 19:56:46.209,6563,92,3,0,False,0,car,0 days 00:01:04.521000,0 days 01:55:43.976000,3714.8458333333365,31.0
2023-10-22 19:56:46.369,6217,89,3,0,False,0,car,0 days 00:01:04.681000,0 days 01:55:44.136000,3718.801388888892,31.0
2023-10-22 19:56:46.569,6118,87,3,0,False,0,car,0 days 00:01:04.881000,0 days 01:55:44.336000,3723.6347222222253,31.0
2023-10-22 19:56:46.809,6486,83,3,9,False,0,car,0 days 00:01:05.121000,0 days 01:55:44.576000,3729.1680555555586,31.0
2023-10-22 19:56:47.089,6473,85,3,29,False,0,car,0 days 00:01:05.401000,0 days 01:55:44.856000,3735.77916666667,31.0
2023-10-22 19:56:47.289,6697,89,3,39,False,0,car,0 days 00:01:05.601000,0 days 01:55:45.056000,3740.723611111114,31.0
2023-10-22 19:56:47.489,7088,93,3,47,False,0,car,0 days 00:01:05.801000,0 days 01:55:45.256000,3745.8902777777807,31.0
2023-10-22 19:56:47.849,8052,106,3,56,False,0,car,0 days 00:01:06.161000,0 days 01:55:45.616000,3756.4902777777806,31.0
2023-10-22 19:56:48.049,8433,114,3,64,False,0,car,0 days 00:01:06.361000,0 days 01:55:45.816000,3762.823611111114,31.0
2023-10-22 19:56:48.409,9772,124,3,79,False,0,car,0 days 00:01:06.721000,0 days 01:55:46.176000,3775.223611111114,31.0
2023-10-22 19:56:48.649,10110,142,3,80,False,0,car,0 days 00:01:06.961000,0 days 01:55:46.416000,3784.6902777777805,31.0
2023-10-22 19:56:48.968,10127,152,3,100,False,0,car,0 days 00:01:07.280000,0 days 01:55:46.735000,3798.1591666666695,31.0
2023-10-22 19:56:49.168,10472,165,3,99,False,0,car,0 days 00:01:07.480000,0 days 01:55:46.935000,3807.3258333333365,31.0
2023-10-22 19:56:49.368,10955,173,4,100,False,0,car,0 days 00:01:07.680000,0 days 01:55:47.135000,3816.936944444448,31.0
2023-10-22 19:56:49.608,11406,177,4,100,False,0,car,0 days 00:01:07.920000,0 days 01:55:47.375000,3828.7369444444475,31.0
2023-10-22 19:56:49.848,10566,189,4,100,False,0,car,0 days 00:01:08.160000,0 days 01:55:47.615000,3841.3369444444475,31.0
2023-10-22 19:56:50.168,10686,195,5,99,True,0,car,0 days 00:01:08.480000,0 days 01:55:47.935000,3858.6702777777814,31.0
2023-10-22 19:56:50.408,10260,184,5,0,True,0,car,0 days 00:01:08.720000,0 days 01:55:48.175000,3870.936944444448,31.0
2023-10-22 19:56:50.809,10909,155,4,0,True,0,car,0 days 00:01:09.121000,0 days 01:55:48.576000,3888.2022222222254,31.0
2023-10-22 19:56:51.049,10312,138,3,0,True,0,car,0 days 00:01:09.361000,0 days 01:55:48.816000,3897.4022222222256,31.0
2023-10-22 19:56:51.929,7896,114,3,0,True,0,car,0 days 00:01:10.241000,0 days 01:55:49.696000,3925.268888888892,31.0
2023-10-22 19:56:52.249,7476,104,3,0,True,0,car,0 days 00:01:10.561000,0 days 01:55:50.016000,3934.5133333333365,31.0
2023-10-22 19:56:52.529,7126,102,3,0,False,0,car,0 days 00:01:10.841000,0 days 01:55:50.296000,3942.4466666666694,31.0
2023-10-22 19:56:52.689,6937,98,3,0,False,0,car,0 days 00:01:11.001000,0 days 01:55:50.456000,3946.8022222222253,31.0
2023-10-22 19:56:53.169,6967,92,3,13,False,0,car,0 days 00:01:11.481000,0 days 01:55:50.936000,3959.0688888888917,31.0
2023-10-22 19:56:53.529,7132,95,3,30,False,0,car,0 days 00:01:11.841000,0 days 01:55:51.296000,3968.5688888888917,31.0
2023-10-22 19:56:53.689,7291,96,3,32,False,0,car,0 days 00:01:12.001000,0 days 01:55:51.456000,3972.8355555555586,31.0
2023-10-22 19:56:53.889,7602,100,3,39,False,0,car,0 days 00:01:12.201000,0 days 01:55:51.656000,3978.391111111114,31.0
2023-10-22 19:56:54.209,8048,106,3,47,False,0,car,0 days 00:01:12.521000,0 days 01:55:51.976000,3987.8133333333362,31.0
2023-10-22 19:56:54.529,8671,117,3,53,False,0,car,0 days 00:01:12.841000,0 days 01:55:52.296000,3998.213333333336,31.0
2023-10-22 19:56:54.769,9306,122,3,59,False,0,car,0 days 00:01:13.081000,0 days 01:55:52.536000,4006.3466666666695,31.0
2023-10-22 19:56:55.129,10341,137,3,72,False,0,car,0 days 00:01:13.441000,0 days 01:55:52.896000,4020.0466666666694,31.0
2023-10-22 19:56:55.408,10876,144,3,83,False,0,car,0 days 00:01:13.720000,0 days 01:55:53.175000,4031.206666666669,31.0
2023-10-22 19:56:55.608,11453,152,3,100,False,0,car,0 days 00:01:13.920000,0 days 01:55:53.375000,4039.6511111111136,31.0
2023-10-22 19:56:55.768,11329,160,3,99,False,0,car,0 days 00:01:14.080000,0 days 01:55:53.535000,4046.7622222222244,31.0
2023-10-22 19:56:55.968,10489,166,3,99,False,0,car,0 days 00:01:14.280000,0 days 01:55:53.735000,4055.9844444444466,31.0
2023-10-22 19:56:56.248,11110,175,4,100,False,0,car,0 days 00:01:14.560000,0 days 01:55:54.015000,4069.595555555558,31.0
2023-10-22 19:56:56.568,11211,183,4,100,False,0,car,0 days 00:01:14.880000,0 days 01:55:54.335000,4085.8622222222243,31.0
2023-10-22 19:56:56.808,10305,189,4,100,False,0,car,0 days 00:01:15.120000,0 days 01:55:54.575000,4098.462222222225,31.0
2023-10-22 19:56:56.968,10138,191,5,100,False,0,car,0 days 00:01:15.280000,0 days 01:55:54.735000,4106.951111111114,31.0
2023-10-22 19:56:57.129,9717,194,5,0,True,0,car,0 days 00:01:15.441000,0 days 01:55:54.896000,4115.627222222225,31.0
2023-10-22 19:56:57.369,9345,179,5,0,True,0,car,0 days 00:01:15.681000,0 days 01:55:55.136000,4127.5605555555585,31.0
2023-10-22 19:56:57.609,9905,163,5,0,True,0,car,0 days 00:01:15.921000,0 days 01:55:55.376000,4138.427222222225,31.0
2023-10-22 19:56:57.849,10049,149,4,0,True,0,car,0 days 00:01:16.161000,0 days 01:55:55.616000,4148.360555555559,31.0
2023-10-22 19:56:58.049,10312,141,4,0,True,0,car,0 days 00:01:16.361000,0 days 01:55:55.816000,4156.193888888892,31.0
2023-10-22 19:56:58.449,9061,126,3,0,True,0,car,0 days 00:01:16.761000,0 days 01:55:56.216000,4170.193888888892,31.0
2023-10-22 19:56:58.689,8239,123,3,0,True,0,car,0 days 00:01:17.001000,0 days 01:55:56.456000,4178.393888888892,31.0
2023-10-22 19:56:58.889,7769,114,3,0,True,0,car,0 days 00:01:17.201000,0 days 01:55:56.656000,4184.7272222222255,31.0
2023-10-22 19:56:59.169,7094,102,3,0,True,0,car,0 days 00:01:17.481000,0 days 01:55:56.936000,4192.660555555559,31.0
2023-10-22 19:56:59.489,6588,93,3,0,True,0,car,0 days 00:01:17.801000,0 days 01:55:57.256000,4200.927222222225,31.0
2023-10-22 19:56:59.769,6079,87,3,0,True,0,car,0 days 00:01:18.081000,0 days 01:55:57.536000,4207.693888888892,31.0
2023-10-22 19:57:00.049,5829,83,3,0,True,0,car,0 days 00:01:18.361000,0 days 01:55:57.816000,4214.149444444447,31.0
2023-10-22 19:57:00.329,5612,79,3,0,False,0,car,0 days 00:01:18.641000,0 days 01:55:58.096000,4220.293888888891,31.0
2023-10-22 19:57:00.569,5718,78,3,0,False,0,car,0 days 00:01:18.881000,0 days 01:55:58.336000,4225.493888888891,31.0
2023-10-22 19:57:00.729,5674,76,3,13,False,0,car,0 days 00:01:19.041000,0 days 01:55:58.496000,4228.871666666669,31.0
2023-10-22 19:57:00.929,5899,79,3,25,False,0,car,0 days 00:01:19.241000,0 days 01:55:58.696000,4233.260555555557,31.0
2023-10-22 19:57:01.209,6364,82,3,37,False,0,car,0 days 00:01:19.521000,0 days 01:55:58.976000,4239.638333333335,31.0
2023-10-22 19:57:01.409,6700,87,3,40,False,0,car,0 days 00:01:19.721000,0 days 01:55:59.176000,4244.471666666668,31.0
2023-10-22 19:57:01.609,7033,92,3,47,False,0,car,0 days 00:01:19.921000,0 days 01:55:59.376000,4249.5827777777795,31.0
2023-10-22 19:57:01.769,7574,95,3,50,False,0,car,0 days 00:01:20.081000,0 days 01:55:59.536000,4253.805000000001,31.0
2023-10-22 19:57:02.009,8196,105,3,56,False,0,car,0 days 00:01:20.321000,0 days 01:55:59.776000,4260.805000000001,31.0
2023-10-22 19:57:02.168,8596,112,3,59,False,0,car,0 days 00:01:20.480000,0 days 01:55:59.935000,4265.751666666668,31.0
2023-10-22 19:57:02.368,8876,121,3,61,False,0,car,0 days 00:01:20.680000,0 days 01:56:00.135000,4272.4738888888905,31.0
2023-10-22 19:57:02.608,10144,128,3,77,False,0,car,0 days 00:01:20.920000,0 days 01:56:00.375000,4281.007222222223,31.0
2023-10-22 19:57:02.888,10982,143,3,97,False,0,car,0 days 00:01:21.200000,0 days 01:56:00.655000,4292.129444444446,31.0
2023-10-22 19:57:03.128,11628,153,3,100,False,0,car,0 days 00:01:21.440000,0 days 01:56:00.895000,4302.3294444444455,31.0
2023-10-22 19:57:03.288,11348,153,3,100,False,0,car,0 days 00:01:21.600000,0 days 01:56:01.055000,4309.129444444446,31.0
2023-10-22 19:57:03.448,10569,166,3,100,False,0,car,0 days 00:01:21.760000,0 days 01:56:01.215000,4316.507222222224,31.0
2023-10-22 19:57:03.689,10849,174,4,100,False,0,car,0 days 00:01:22.001000,0 days 01:56:01.456000,4328.155555555558,31.0
2023-10-22 19:57:03.889,11765,182,4,100,False,0,car,0 days 00:01:22.201000,0 days 01:56:01.656000,4338.266666666668,31.0
2023-10-22 19:57:04.129,10545,196,4,100,False,0,car,0 days 00:01:22.441000,0 days 01:56:01.896000,4351.333333333336,31.0
2023-10-22 19:57:04.289,10864,196,5,100,False,0,car,0 days 00:01:22.601000,0 days 01:56:02.056000,4360.0444444444465,31.0
2023-10-22 19:57:04.569,11376,205,5,100,False,0,car,0 days 00:01:22.881000,0 days 01:56:02.336000,4375.988888888891,31.0
2023-10-22 19:57:04.849,11688,212,5,100,False,0,car,0 days 00:01:23.161000,0 days 01:56:02.616000,4392.47777777778,31.0
2023-10-22 19:57:05.209,10586,218,6,100,False,0,car,0 days 00:01:23.521000,0 days 01:56:02.976000,4414.27777777778,31.0
2023-10-22 19:57:05.489,10741,223,6,100,False,0,car,0 days 00:01:23.801000,0 days 01:56:03.256000,4431.622222222225,31.0
2023-10-22 19:57:05.689,10836,228,6,100,False,0,car,0 days 00:01:24.001000,0 days 01:56:03.456000,4444.288888888892,31.0
2023-10-22 19:57:05.929,11015,231,6,100,False,0,car,0 days 00:01:24.241000,0 days 01:56:03.696000,4459.688888888892,31.0
2023-10-22 19:57:06.089,11003,232,6,100,False,0,car,0 days 00:01:24.401000,0 days 01:56:03.856000,4470.000000000003,31.0
2023-10-22 19:57:06.449,11124,234,6,100,False,0,car,0 days 00:01:24.761000,0 days 01:56:04.216000,4493.400000000002,31.0
2023-10-22 19:57:06.849,11195,235,6,100,False,0,car,0 days 00:01:25.161000,0 days 01:56:04.616000,4519.511111111114,31.0
2023-10-22 19:57:07.009,11195,236,6,100,False,0,car,0 days 00:01:25.321000,0 days 01:56:04.776000,4530.000000000003,31.0
2023-10-22 19:57:07.289,11208,237,6,100,False,0,car,0 days 00:01:25.601000,0 days 01:56:05.056000,4548.433333333336,31.0
2023-10-22 19:57:07.649,11357,237,6,100,False,0,car,0 days 00:01:25.961000,0 days 01:56:05.416000,4572.133333333336,31.0
2023-10-22 19:57:07.929,11354,240,6,100,False,0,car,0 days 00:01:26.241000,0 days 01:56:05.696000,4590.800000000003,31.0
2023-10-22 19:57:08.289,11354,240,6,100,False,0,car,0 days 00:01:26.601000,0 days 01:56:06.056000,4614.800000000003,31.0
2023-10-22 19:57:08.529,11469,242,6,100,False,0,car,0 days 00:01:26.841000,0 days 01:56:06.296000,4630.933333333336,31.0
2023-10-22 19:57:08.888,10434,244,6,100,False,0,car,0 days 00:01:27.200000,0 days 01:56:06.655000,4655.265555555559,31.0
2023-10-22 19:57:09.128,10229,245,7,100,False,0,car,0 days 00:01:27.440000,0 days 01:56:06.895000,4671.598888888892,31.0
2023-10-22 19:57:09.448,10322,248,7,100,False,0,car,0 days 00:01:27.760000,0 days 01:56:07.215000,4693.643333333337,31.0
2023-10-22 19:57:09.608,10498,247,7,100,False,0,car,0 days 00:01:27.920000,0 days 01:56:07.375000,4704.621111111114,31.0
2023-10-22 19:57:09.888,10421,250,7,100,False,0,car,0 days 00:01:28.200000,0 days 01:56:07.655000,4724.065555555559,31.0
2023-10-22 19:57:10.088,10527,251,7,100,False,0,car,0 days 00:01:28.400000,0 days 01:56:07.855000,4738.010000000003,31.0
2023-10-22 19:57:10.289,10501,254,7,100,False,0,car,0 days 00:01:28.601000,0 days 01:56:08.056000,4752.191666666669,31.0
2023-10-22 19:57:10.769,10660,257,7,100,False,0,car,0 days 00:01:29.081000,0 days 01:56:08.536000,4786.458333333337,31.0
2023-10-22 19:57:11.089,10713,258,7,100,False,0,car,0 days 00:01:29.401000,0 days 01:56:08.856000,4809.391666666669,31.0
2023-10-22 19:57:11.289,10827,260,7,100,False,0,car,0 days 00:01:29.601000,0 days 01:56:09.056000,4823.8361111111135,31.0
2023-10-22 19:57:11.449,10870,261,7,100,False,0,car,0 days 00:01:29.761000,0 days 01:56:09.216000,4835.436111111113,31.0
2023-10-22 19:57:11.729,10948,263,7,99,False,0,car,0 days 00:01:30.041000,0 days 01:56:09.496000,4855.891666666668,31.0
2023-10-22 19:57:12.009,11197,266,7,0,True,0,car,0 days 00:01:30.321000,0 days 01:56:09.776000,4876.580555555557,31.0
2023-10-22 19:57:12.249,10133,249,7,2,True,0,car,0 days 00:01:30.561000,0 days 01:56:10.016000,4893.1805555555575,31.0
2023-10-22 19:57:12.449,10406,242,7,0,True,0,car,0 days 00:01:30.761000,0 days 01:56:10.216000,4906.625000000001,31.0
2023-10-22 19:57:12.649,10167,219,6,0,True,0,car,0 days 00:01:30.961000,0 days 01:56:10.416000,4918.791666666668,31.0
2023-10-22 19:57:13.049,10289,194,5,1,True,0,car,0 days 00:01:31.361000,0 days 01:56:10.816000,4940.3472222222235,31.0
2023-10-22 19:57:13.449,9977,187,5,5,False,0,car,0 days 00:01:31.761000,0 days 01:56:11.216000,4961.125000000001,31.0
2023-10-22 19:57:13.609,9886,184,5,21,False,0,car,0 days 00:01:31.921000,0 days 01:56:11.376000,4969.302777777779,31.0
2023-10-22 19:57:14.009,9770,179,5,50,False,0,car,0 days 00:01:32.321000,0 days 01:56:11.776000,4989.1916666666675,31.0
2023-10-22 19:57:14.489,10389,187,5,94,False,0,car,0 days 00:01:32.801000,0 days 01:56:12.256000,5014.125000000001,31.0
2023-10-22 19:57:14.849,11112,202,5,100,False,0,car,0 days 00:01:33.161000,0 days 01:56:12.616000,5034.325000000001,31.0
2023-10-22 19:57:15.049,11333,204,5,100,False,0,car,0 days 00:01:33.361000,0 days 01:56:12.816000,5045.658333333335,31.0
2023-10-22 19:57:15.209,11333,208,5,100,False,0,car,0 days 00:01:33.521000,0 days 01:56:12.976000,5054.902777777779,31.0
2023-10-22 19:57:15.529,11119,217,5,100,False,0,car,0 days 00:01:33.841000,0 days 01:56:13.296000,5074.1916666666675,31.0
2023-10-22 19:57:15.808,10511,222,6,100,False,0,car,0 days 00:01:34.120000,0 days 01:56:13.575000,5091.396666666668,31.0
2023-10-22 19:57:16.128,10706,228,6,100,False,0,car,0 days 00:01:34.440000,0 days 01:56:13.895000,5111.663333333335,31.0
2023-10-22 19:57:16.568,11091,234,6,100,False,0,car,0 days 00:01:34.880000,0 days 01:56:14.335000,5140.263333333334,31.0
2023-10-22 19:57:16.728,11073,235,6,100,False,0,car,0 days 00:01:35.040000,0 days 01:56:14.495000,5150.7077777777795,31.0
2023-10-22 19:57:17.129,10107,218,6,0,True,0,car,0 days 00:01:35.441000,0 days 01:56:14.896000,5174.990555555557,31.0
2023-10-22 19:57:17.409,10120,208,6,0,True,0,car,0 days 00:01:35.721000,0 days 01:56:15.176000,5191.168333333335,31.0
2023-10-22 19:57:17.569,10754,187,6,0,True,0,car,0 days 00:01:35.881000,0 days 01:56:15.336000,5199.479444444446,31.0
2023-10-22 19:57:17.809,10684,167,5,0,True,0,car,0 days 00:01:36.121000,0 days 01:56:15.576000,5210.612777777779,31.0
2023-10-22 19:57:18.169,9474,137,4,0,True,0,car,0 days 00:01:36.481000,0 days 01:56:15.936000,5224.312777777779,31.0
2023-10-22 19:57:18.409,8550,122,3,0,True,0,car,0 days 00:01:36.721000,0 days 01:56:16.176000,5232.446111111112,31.0
2023-10-22 19:57:18.569,7988,114,3,0,True,0,car,0 days 00:01:36.881000,0 days 01:56:16.336000,5237.512777777779,31.0
2023-10-22 19:57:18.849,7425,108,3,0,True,0,car,0 days 00:01:37.161000,0 days 01:56:16.616000,5245.9127777777785,31.0
2023-10-22 19:57:19.209,6975,100,3,0,True,0,car,0 days 00:01:37.521000,0 days 01:56:16.976000,5255.9127777777785,31.0
2023-10-22 19:57:19.409,6653,94,3,0,True,0,car,0 days 00:01:37.721000,0 days 01:56:17.176000,5261.135000000001,31.0
2023-10-22 19:57:19.769,6322,86,3,7,False,0,car,0 days 00:01:38.081000,0 days 01:56:17.536000,5269.7350000000015,31.0
2023-10-22 19:57:19.929,6322,87,3,12,False,0,car,0 days 00:01:38.241000,0 days 01:56:17.696000,5273.601666666668,31.0
2023-10-22 19:57:20.249,6880,89,3,35,False,0,car,0 days 00:01:38.561000,0 days 01:56:18.016000,5281.51277777778,31.0
2023-10-22 19:57:20.449,7180,95,3,39,False,0,car,0 days 00:01:38.761000,0 days 01:56:18.216000,5286.790555555557,31.0
2023-10-22 19:57:20.689,7620,100,3,48,False,0,car,0 days 00:01:39.001000,0 days 01:56:18.456000,5293.457222222224,31.0
2023-10-22 19:57:21.009,8358,106,3,57,False,0,car,0 days 00:01:39.321000,0 days 01:56:18.776000,5302.879444444447,31.0
2023-10-22 19:57:21.209,8963,113,3,62,False,0,car,0 days 00:01:39.521000,0 days 01:56:18.976000,5309.157222222225,31.0
2023-10-22 19:57:21.569,10016,129,3,74,False,0,car,0 days 00:01:39.881000,0 days 01:56:19.336000,5322.0572222222245,31.0
2023-10-22 19:57:21.889,11526,147,3,100,False,0,car,0 days 00:01:40.201000,0 days 01:56:19.656000,5335.123888888891,31.0
2023-10-22 19:57:22.169,11409,156,3,100,False,0,car,0 days 00:01:40.481000,0 days 01:56:19.936000,5347.257222222224,31.0
2023-10-22 19:57:22.329,10289,166,3,100,False,0,car,0 days 00:01:40.641000,0 days 01:56:20.096000,5354.635000000003,31.0
2023-10-22 19:57:22.768,11439,177,4,100,False,0,car,0 days 00:01:41.080000,0 days 01:56:20.535000,5376.2191666666695,31.0
2023-10-22 19:57:23.088,10637,188,5,100,False,0,car,0 days 00:01:41.400000,0 days 01:56:20.855000,5392.930277777781,31.0
2023-10-22 19:57:23.409,11023,201,5,100,False,0,car,0 days 00:01:41.721000,0 days 01:56:21.176000,5410.852777777781,31.0
2023-10-22 19:57:23.649,11305,210,5,100,False,0,car,0 days 00:01:41.961000,0 days 01:56:21.416000,5424.852777777781,31.0
2023-10-22 19:57:23.889,10465,219,5,100,False,0,car,0 days 00:00:00.140000,0 days 01:56:21.656000,8.516666666666667,32.0
2023-10-22 19:57:24.129,10684,223,6,100,False,0,car,0 days 00:00:00.380000,0 days 01:56:21.896000,23.383333333333333,32.0
2023-10-22 19:57:24.449,11054,229,6,100,False,0,car,0 days 00:00:00.700000,0 days 01:56:22.216000,43.73888888888888,32.0
2023-10-22 19:57:24.609,11117,233,6,100,False,0,car,0 days 00:00:00.860000,0 days 01:56:22.376000,54.094444444444434,32.0
2023-10-22 19:57:24.849,11370,238,6,100,False,0,car,0 days 00:00:01.100000,0 days 01:56:22.616000,69.96111111111111,32.0
2023-10-22 19:57:25.089,11513,242,6,100,False,0,car,0 days 00:00:01.340000,0 days 01:56:22.856000,86.09444444444443,32.0
2023-10-22 19:57:25.489,10530,248,6,100,False,0,car,0 days 00:00:01.740000,0 days 01:56:23.256000,113.64999999999998,32.0
2023-10-22 19:57:25.889,10546,254,7,100,False,0,car,0 days 00:00:02.140000,0 days 01:56:23.656000,141.8722222222222,32.0
2023-10-22 19:57:26.089,10546,256,7,100,False,0,car,0 days 00:00:02.340000,0 days 01:56:23.856000,156.0944444444444,32.0
2023-10-22 19:57:26.449,10813,262,7,100,False,0,car,0 days 00:00:02.700000,0 days 01:56:24.216000,182.29444444444442,32.0
2023-10-22 19:57:26.769,11102,265,7,100,False,0,car,0 days 00:00:03.020000,0 days 01:56:24.536000,205.84999999999997,32.0
2023-10-22 19:57:27.089,11205,269,7,100,False,0,car,0 days 00:00:03.340000,0 days 01:56:24.856000,229.76111111111106,32.0
2023-10-22 19:57:27.249,11249,271,7,100,False,0,car,0 days 00:00:03.500000,0 days 01:56:25.016000,241.80555555555551,32.0
2023-10-22 19:57:27.409,11249,271,7,99,False,0,car,0 days 00:00:03.660000,0 days 01:56:25.176000,253.84999999999997,32.0
2023-10-22 19:57:27.689,11443,274,7,98,False,0,car,0 days 00:00:03.940000,0 days 01:56:25.456000,275.16111111111104,32.0
2023-10-22 19:57:28.089,11065,277,7,100,False,0,car,0 days 00:00:04.340000,0 days 01:56:25.856000,305.9388888888888,32.0
2023-10-22 19:57:28.369,10329,280,7,100,False,0,car,0 days 00:00:04.620000,0 days 01:56:26.136000,327.7166666666666,32.0
2023-10-22 19:57:28.649,10317,281,8,100,False,0,car,0 days 00:00:04.900000,0 days 01:56:26.416000,349.57222222222214,32.0
2023-10-22 19:57:28.969,10467,283,8,100,False,0,car,0 days 00:00:05.220000,0 days 01:56:26.736000,374.72777777777765,32.0
2023-10-22 19:57:29.208,10524,284,8,100,False,0,car,0 days 00:00:05.459000,0 days 01:56:26.975000,393.5822222222221,32.0
2023-10-22 19:57:29.408,10453,284,8,100,False,0,car,0 days 00:00:05.659000,0 days 01:56:27.175000,409.35999999999984,32.0
2023-10-22 19:57:29.688,10538,284,8,100,False,0,car,0 days 00:00:05.939000,0 days 01:56:27.455000,431.44888888888875,32.0
2023-10-22 19:57:30.049,10571,287,8,100,False,0,car,0 days 00:00:06.300000,0 days 01:56:27.816000,460.2286111111109,32.0
2023-10-22 19:57:30.449,10529,287,8,0,False,0,car,0 days 00:00:06.700000,0 days 01:56:28.216000,492.11749999999984,32.0
2023-10-22 19:57:30.849,9530,262,8,0,True,0,car,0 days 00:00:07.100000,0 days 01:56:28.616000,521.2286111111109,32.0
2023-10-22 19:57:31.049,9563,238,8,0,True,0,car,0 days 00:00:07.300000,0 days 01:56:28.816000,534.4508333333332,32.0
2023-10-22 19:57:31.209,9423,225,7,0,True,0,car,0 days 00:00:07.460000,0 days 01:56:28.976000,544.4508333333332,32.0
2023-10-22 19:57:31.689,9472,178,6,0,True,0,car,0 days 00:00:07.940000,0 days 01:56:29.456000,568.1841666666666,32.0
2023-10-22 19:57:32.129,9647,133,5,0,True,0,car,0 days 00:00:08.380000,0 days 01:56:29.896000,584.4397222222221,32.0
2023-10-22 19:57:32.449,9606,118,3,0,True,0,car,0 days 00:00:08.700000,0 days 01:56:30.216000,594.928611111111,32.0
2023-10-22 19:57:32.809,7646,109,3,0,True,0,car,0 days 00:00:09.060000,0 days 01:56:30.576000,605.8286111111111,32.0
2023-10-22 19:57:33.009,6846,101,3,0,True,0,car,0 days 00:00:09.260000,0 days 01:56:30.776000,611.4397222222221,32.0
2023-10-22 19:57:33.289,6221,92,3,0,True,0,car,0 days 00:00:09.540000,0 days 01:56:31.056000,618.5952777777777,32.0
2023-10-22 19:57:33.449,6139,87,3,0,True,0,car,0 days 00:00:09.700000,0 days 01:56:31.216000,622.4619444444444,32.0
2023-10-22 19:57:33.649,5690,84,3,0,False,0,car,0 days 00:00:09.900000,0 days 01:56:31.416000,627.1286111111111,32.0
2023-10-22 19:57:34.009,5478,81,3,0,False,0,car,0 days 00:00:10.260000,0 days 01:56:31.776000,635.2286111111111,32.0
2023-10-22 19:57:34.289,5468,76,3,5,False,0,car,0 days 00:00:10.540000,0 days 01:56:32.056000,641.1397222222222,32.0
2023-10-22 19:57:34.529,5419,75,3,14,False,0,car,0 days 00:00:10.780000,0 days 01:56:32.296000,646.1397222222222,32.0
2023-10-22 19:57:34.689,5839,75,3,23,False,0,car,0 days 00:00:10.940000,0 days 01:56:32.456000,649.4730555555556,32.0
2023-10-22 19:57:34.849,6077,79,3,29,False,0,car,0 days 00:00:11.100000,0 days 01:56:32.616000,652.9841666666666,32.0
2023-10-22 19:57:35.049,6192,82,3,37,False,0,car,0 days 00:00:11.300000,0 days 01:56:32.816000,657.5397222222222,32.0
2023-10-22 19:57:35.249,6669,87,3,39,False,0,car,0 days 00:00:11.500000,0 days 01:56:33.016000,662.3730555555555,32.0
2023-10-22 19:57:35.529,7234,94,3,45,False,0,car,0 days 00:00:11.780000,0 days 01:56:33.296000,669.6841666666667,32.0
2023-10-22 19:57:35.928,8257,106,3,53,False,0,car,0 days 00:00:12.179000,0 days 01:56:33.695000,681.4325,32.0
2023-10-22 19:57:36.288,9109,115,3,57,False,0,car,0 days 00:00:12.539000,0 days 01:56:34.055000,692.9325,32.0
2023-10-22 19:57:36.609,9769,126,3,61,False,0,car,0 days 00:00:12.860000,0 days 01:56:34.376000,704.1675,32.0
2023-10-22 19:57:36.769,10345,134,3,71,False,0,car,0 days 00:00:13.020000,0 days 01:56:34.536000,710.1230555555555,32.0
2023-10-22 19:57:37.249,10861,157,3,99,False,0,car,0 days 00:00:13.500000,0 days 01:56:35.016000,731.0563888888889,32.0
2023-10-22 19:57:37.489,11018,167,4,99,False,0,car,0 days 00:00:13.740000,0 days 01:56:35.256000,742.1897222222223,32.0
2023-10-22 19:57:37.689,11381,176,4,99,False,0,car,0 days 00:00:13.940000,0 days 01:56:35.456000,751.9675,32.0
2023-10-22 19:57:38.049,10649,193,5,99,False,0,car,0 days 00:00:14.300000,0 days 01:56:35.816000,771.2675,32.0
2023-10-22 19:57:38.409,11353,204,5,99,False,0,car,0 days 00:00:14.660000,0 days 01:56:36.176000,791.6675,32.0
2023-10-22 19:57:38.569,10513,210,5,99,False,0,car,0 days 00:00:14.820000,0 days 01:56:36.336000,801.0008333333334,32.0
2023-10-22 19:57:38.729,10373,216,6,99,False,0,car,0 days 00:00:14.980000,0 days 01:56:36.496000,810.6008333333334,32.0
2023-10-22 19:57:38.929,10503,216,6,99,False,0,car,0 days 00:00:15.180000,0 days 01:56:36.696000,822.6008333333334,32.0
2023-10-22 19:57:39.129,10682,227,6,99,False,0,car,0 days 00:00:15.380000,0 days 01:56:36.896000,835.2119444444446,32.0
2023-10-22 19:57:39.409,10959,231,6,99,False,0,car,0 days 00:00:15.660000,0 days 01:56:37.176000,853.1786111111112,32.0
2023-10-22 19:57:39.729,11346,238,6,100,False,0,car,0 days 00:00:15.980000,0 days 01:56:37.496000,874.3341666666668,32.0
2023-10-22 19:57:39.889,11535,240,6,100,False,0,car,0 days 00:00:16.140000,0 days 01:56:37.656000,885.0008333333334,32.0
2023-10-22 19:57:40.129,11646,243,6,100,False,0,car,0 days 00:00:16.380000,0 days 01:56:37.896000,901.2008333333333,32.0
2023-10-22 19:57:40.529,10472,251,6,100,False,0,car,0 days 00:00:16.780000,0 days 01:56:38.296000,929.0897222222223,32.0
2023-10-22 19:57:40.729,10509,253,7,100,False,0,car,0 days 00:00:16.980000,0 days 01:56:38.496000,943.1452777777779,32.0
2023-10-22 19:57:40.929,10595,255,7,100,False,0,car,0 days 00:00:17.180000,0 days 01:56:38.696000,957.3119444444445,32.0
2023-10-22 19:57:41.329,10775,260,7,100,False,0,car,0 days 00:00:17.580000,0 days 01:56:39.096000,986.2008333333333,32.0
2023-10-22 19:57:41.489,10872,262,7,100,False,0,car,0 days 00:00:17.740000,0 days 01:56:39.256000,997.8452777777778,32.0
2023-10-22 19:57:41.769,11020,264,7,100,False,0,car,0 days 00:00:18.020000,0 days 01:56:39.536000,1018.3786111111112,32.0
2023-10-22 19:57:41.969,11082,265,7,99,False,0,car,0 days 00:00:18.220000,0 days 01:56:39.736000,1033.1008333333334,32.0
2023-10-22 19:57:42.329,11240,271,7,100,False,0,car,0 days 00:00:18.580000,0 days 01:56:40.096000,1060.2008333333333,32.0
2023-10-22 19:57:42.608,11351,273,7,100,False,0,car,0 days 00:00:18.859000,0 days 01:56:40.375000,1081.3583333333336,32.0
2023-10-22 19:57:42.968,11447,275,7,100,False,0,car,0 days 00:00:19.219000,0 days 01:56:40.735000,1108.8583333333336,32.0
2023-10-22 19:57:43.169,11585,276,7,99,False,0,car,0 days 00:00:19.420000,0 days 01:56:40.936000,1124.2683333333337,32.0
2023-10-22 19:57:43.329,11585,276,7,99,False,0,car,0 days 00:00:19.580000,0 days 01:56:41.096000,1136.535,32.0
2023-10-22 19:57:43.569,11249,273,7,53,False,0,car,0 days 00:00:19.820000,0 days 01:56:41.336000,1154.7350000000001,32.0
2023-10-22 19:57:43.889,11209,271,7,99,False,0,car,0 days 00:00:20.140000,0 days 01:56:41.656000,1178.823888888889,32.0
2023-10-22 19:57:44.289,10866,273,7,8,True,0,car,0 days 00:00:20.540000,0 days 01:56:42.056000,1209.1572222222223,32.0
2023-10-22 19:57:44.489,10790,265,7,29,False,0,car,0 days 00:00:20.740000,0 days 01:56:42.256000,1223.8794444444445,32.0
2023-10-22 19:57:44.689,10502,259,7,38,False,0,car,0 days 00:00:20.940000,0 days 01:56:42.456000,1238.2683333333337,32.0
2023-10-22 19:57:45.009,10417,253,7,44,False,0,car,0 days 00:00:21.260000,0 days 01:56:42.776000,1260.7572222222225,32.0
2023-10-22 19:57:45.329,10262,249,7,57,False,0,car,0 days 00:00:21.580000,0 days 01:56:43.096000,1282.8905555555557,32.0
2023-10-22 19:57:45.489,10607,247,7,0,True,0,car,0 days 00:00:21.740000,0 days 01:56:43.256000,1293.8683333333336,32.0
2023-10-22 19:57:45.689,10992,245,7,1,True,0,car,0 days 00:00:21.940000,0 days 01:56:43.456000,1307.4794444444449,32.0
2023-10-22 19:57:45.889,10737,235,6,10,False,0,car,0 days 00:00:22.140000,0 days 01:56:43.656000,1320.5350000000003,32.0
2023-10-22 19:57:46.169,10458,227,6,32,False,0,car,0 days 00:00:22.420000,0 days 01:56:43.936000,1338.1905555555559,32.0
2023-10-22 19:57:46.489,10594,222,6,55,False,0,car,0 days 00:00:22.740000,0 days 01:56:44.256000,1357.923888888889,32.0
2023-10-22 19:57:46.649,10505,222,6,57,False,0,car,0 days 00:00:22.900000,0 days 01:56:44.416000,1367.7905555555558,32.0
2023-10-22 19:57:47.009,10642,223,6,71,False,0,car,0 days 00:00:23.260000,0 days 01:56:44.776000,1390.090555555556,32.0
2023-10-22 19:57:47.329,10246,219,6,0,True,0,car,0 days 00:00:23.580000,0 days 01:56:45.096000,1409.5572222222224,32.0
2023-10-22 19:57:47.529,10621,214,6,4,True,0,car,0 days 00:00:23.780000,0 days 01:56:45.296000,1421.4461111111116,32.0
2023-10-22 19:57:47.769,10973,211,6,0,False,0,car,0 days 00:00:24.020000,0 days 01:56:45.536000,1435.5127777777782,32.0
2023-10-22 19:57:47.969,11027,206,5,32,False,0,car,0 days 00:00:24.220000,0 days 01:56:45.736000,1446.9572222222225,32.0
2023-10-22 19:57:48.249,10978,201,5,57,False,0,car,0 days 00:00:24.500000,0 days 01:56:46.016000,1462.590555555556,32.0
2023-10-22 19:57:48.569,11125,203,5,76,False,0,car,0 days 00:00:24.820000,0 days 01:56:46.336000,1480.6350000000004,32.0
2023-10-22 19:57:48.809,11300,207,5,75,False,0,car,0 days 00:00:25.060000,0 days 01:56:46.576000,1494.4350000000004,32.0
2023-10-22 19:57:49.209,9970,210,6,55,False,0,car,0 days 00:00:25.460000,0 days 01:56:46.976000,1517.7683333333339,32.0
2023-10-22 19:57:49.488,9922,211,6,17,False,0,car,0 days 00:00:25.739000,0 days 01:56:47.255000,1534.1208333333338,32.0
2023-10-22 19:57:49.649,9561,205,6,37,False,0,car,0 days 00:00:25.900000,0 days 01:56:47.416000,1543.2888888888892,32.0
2023-10-22 19:57:50.009,9751,204,6,51,False,0,car,0 days 00:00:26.260000,0 days 01:56:47.776000,1563.6888888888893,32.0
2023-10-22 19:57:50.449,9958,207,6,90,False,0,car,0 days 00:00:26.700000,0 days 01:56:48.216000,1588.9888888888893,32.0
2023-10-22 19:57:50.809,10109,211,6,100,False,0,car,0 days 00:00:27.060000,0 days 01:56:48.576000,1610.0888888888892,32.0
2023-10-22 19:57:51.089,10296,214,6,6,True,0,car,0 days 00:00:27.340000,0 days 01:56:48.856000,1626.7333333333338,32.0
2023-10-22 19:57:51.369,10465,207,6,0,True,0,car,0 days 00:00:27.620000,0 days 01:56:49.136000,1642.833333333334,32.0
2023-10-22 19:57:51.649,10246,195,5,0,True,0,car,0 days 00:00:27.900000,0 days 01:56:49.416000,1658.0000000000005,32.0
2023-10-22 19:57:52.049,9529,183,5,0,True,0,car,0 days 00:00:28.300000,0 days 01:56:49.816000,1678.333333333334,32.0
2023-10-22 19:57:52.289,9458,180,5,23,False,0,car,0 days 00:00:28.540000,0 days 01:56:50.056000,1690.333333333334,32.0
2023-10-22 19:57:52.769,9674,176,5,57,False,0,car,0 days 00:00:29.020000,0 days 01:56:50.536000,1713.8000000000006,32.0
2023-10-22 19:57:53.129,9972,181,5,73,False,0,car,0 days 00:00:29.380000,0 days 01:56:50.896000,1731.9000000000005,32.0
2023-10-22 19:57:53.289,10159,183,5,77,False,0,car,0 days 00:00:29.540000,0 days 01:56:51.056000,1740.033333333334,32.0
2023-10-22 19:57:53.649,10503,192,5,78,False,0,car,0 days 00:00:29.900000,0 days 01:56:51.416000,1759.233333333334,32.0
2023-10-22 19:57:54.009,10444,192,5,0,True,0,car,0 days 00:00:30.260000,0 days 01:56:51.776000,1778.4333333333343,32.0
2023-10-22 19:57:54.409,10059,169,4,0,True,0,car,0 days 00:00:30.660000,0 days 01:56:52.176000,1797.211111111112,32.0
2023-10-22 19:57:54.689,9677,159,4,0,True,0,car,0 days 00:00:30.940000,0 days 01:56:52.456000,1809.5777777777787,32.0
2023-10-22 19:57:54.969,8978,151,4,1,True,0,car,0 days 00:00:31.220000,0 days 01:56:52.736000,1821.322222222223,32.0
2023-10-22 19:57:55.449,8325,139,4,0,True,0,car,0 days 00:00:31.700000,0 days 01:56:53.216000,1839.8555555555563,32.0
2023-10-22 19:57:55.849,7843,129,4,0,True,0,car,0 days 00:00:32.100000,0 days 01:56:53.616000,1854.1888888888898,32.0
2023-10-22 19:57:56.048,7703,127,4,6,False,0,car,0 days 00:00:32.299000,0 days 01:56:53.815000,1861.2091666666674,32.0
2023-10-22 19:57:56.249,8092,123,4,39,False,0,car,0 days 00:00:32.500000,0 days 01:56:54.016000,1868.0766666666675,32.0
2023-10-22 19:57:56.449,8113,125,4,43,False,0,car,0 days 00:00:32.700000,0 days 01:56:54.216000,1875.021111111112,32.0
2023-10-22 19:57:56.889,8640,131,4,62,False,0,car,0 days 00:00:33.140000,0 days 01:56:54.656000,1891.032222222223,32.0
2023-10-22 19:57:57.089,9399,135,4,80,False,0,car,0 days 00:00:33.340000,0 days 01:56:54.856000,1898.532222222223,32.0
2023-10-22 19:57:57.449,9754,152,4,71,False,0,car,0 days 00:00:33.700000,0 days 01:56:55.216000,1913.732222222223,32.0
2023-10-22 19:57:57.729,10035,158,4,48,False,0,car,0 days 00:00:33.980000,0 days 01:56:55.496000,1926.0211111111116,32.0
2023-10-22 19:57:58.089,9891,158,4,47,False,0,car,0 days 00:00:34.340000,0 days 01:56:55.856000,1941.8211111111118,32.0
2023-10-22 19:57:58.249,10157,158,4,53,False,0,car,0 days 00:00:34.500000,0 days 01:56:56.016000,1948.843333333334,32.0
2023-10-22 19:57:58.729,10991,170,4,87,False,0,car,0 days 00:00:34.980000,0 days 01:56:56.496000,1971.5100000000004,32.0
2023-10-22 19:57:59.009,11534,177,4,99,False,0,car,0 days 00:00:35.260000,0 days 01:56:56.776000,1985.276666666667,32.0
2023-10-22 19:57:59.329,10833,188,4,99,False,0,car,0 days 00:00:35.580000,0 days 01:56:57.096000,2001.9877777777783,32.0
2023-10-22 19:57:59.689,10336,191,5,99,False,0,car,0 days 00:00:35.940000,0 days 01:56:57.456000,2021.0877777777782,32.0
2023-10-22 19:57:59.929,11340,191,5,100,False,0,car,0 days 00:00:36.180000,0 days 01:56:57.696000,2033.8211111111116,32.0
2023-10-22 19:58:00.089,11884,212,5,100,False,0,car,0 days 00:00:36.340000,0 days 01:56:57.856000,2043.243333333334,32.0
2023-10-22 19:58:00.569,10790,222,6,100,False,0,car,0 days 00:00:36.820000,0 days 01:56:58.336000,2072.8433333333337,32.0
2023-10-22 19:58:00.729,10790,229,6,100,False,0,car,0 days 00:00:36.980000,0 days 01:56:58.496000,2083.021111111111,32.0
2023-10-22 19:58:00.929,11267,234,6,100,False,0,car,0 days 00:00:37.180000,0 days 01:56:58.696000,2096.021111111111,32.0
2023-10-22 19:58:01.409,11024,243,6,99,False,0,car,0 days 00:00:37.660000,0 days 01:56:59.176000,2128.421111111111,32.0
2023-10-22 19:58:01.769,10426,248,7,99,False,0,car,0 days 00:00:38.020000,0 days 01:56:59.536000,2153.2211111111114,32.0
2023-10-22 19:58:01.929,10554,252,7,100,False,0,car,0 days 00:00:38.180000,0 days 01:56:59.696000,2164.4211111111113,32.0
2023-10-22 19:58:02.209,10707,255,7,100,False,0,car,0 days 00:00:38.460000,0 days 01:56:59.976000,2184.2544444444447,32.0
2023-10-22 19:58:02.529,10886,262,7,100,False,0,car,0 days 00:00:38.780000,0 days 01:57:00.296000,2207.5433333333335,32.0
2023-10-22 19:58:02.729,11039,265,7,100,False,0,car,0 days 00:00:38.980000,0 days 01:57:00.496000,2222.2655555555552,32.0
2023-10-22 19:58:02.969,11206,268,7,99,False,0,car,0 days 00:00:39.220000,0 days 01:57:00.736000,2240.132222222222,32.0
2023-10-22 19:58:03.209,11299,272,7,99,False,0,car,0 days 00:00:39.460000,0 days 01:57:00.976000,2258.2655555555557,32.0
2023-10-22 19:58:03.569,11510,277,7,100,False,0,car,0 days 00:00:39.820000,0 days 01:57:01.336000,2285.9655555555555,32.0
2023-10-22 19:58:03.889,10352,280,7,100,False,0,car,0 days 00:00:40.140000,0 days 01:57:01.656000,2310.854444444444,32.0
2023-10-22 19:58:04.209,10462,283,8,100,False,0,car,0 days 00:00:40.460000,0 days 01:57:01.976000,2336.0099999999998,32.0
2023-10-22 19:58:04.489,10542,285,8,100,False,0,car,0 days 00:00:40.740000,0 days 01:57:02.256000,2358.1766666666667,32.0
2023-10-22 19:58:04.689,10093,287,8,0,False,0,car,0 days 00:00:40.940000,0 days 01:57:02.456000,2374.1211111111106,32.0
2023-10-22 19:58:05.089,9630,275,8,0,True,0,car,0 days 00:00:41.340000,0 days 01:57:02.856000,2404.6766666666667,32.0
2023-10-22 19:58:05.249,9310,254,8,0,True,0,car,0 days 00:00:41.500000,0 days 01:57:03.016000,2415.9655555555555,32.0
2023-10-22 19:58:05.569,9666,218,7,0,True,0,car,0 days 00:00:41.820000,0 days 01:57:03.336000,2435.3433333333332,32.0
2023-10-22 19:58:05.769,10065,195,7,0,True,0,car,0 days 00:00:42.020000,0 days 01:57:03.536000,2446.1766666666667,32.0
2023-10-22 19:58:06.129,9714,165,5,0,True,0,car,0 days 00:00:42.380000,0 days 01:57:03.896000,2462.6766666666667,32.0
2023-10-22 19:58:06.329,10353,150,5,0,True,0,car,0 days 00:00:42.580000,0 days 01:57:04.096000,2471.0099999999998,32.0
2023-10-22 19:58:06.689,8685,129,3,0,True,0,car,0 days 00:00:42.940000,0 days 01:57:04.456000,2483.91,32.0
2023-10-22 19:58:06.849,8174,117,3,0,True,0,car,0 days 00:00:43.100000,0 days 01:57:04.616000,2489.11,32.0
2023-10-22 19:58:07.129,7094,107,3,0,True,0,car,0 days 00:00:43.380000,0 days 01:57:04.896000,2497.432222222222,32.0
2023-10-22 19:58:07.289,6592,99,3,0,True,0,car,0 days 00:00:43.540000,0 days 01:57:05.056000,2501.8322222222223,32.0
2023-10-22 19:58:07.569,5961,89,3,0,True,0,car,0 days 00:00:43.820000,0 days 01:57:05.336000,2508.7544444444447,32.0
2023-10-22 19:58:07.729,5724,84,3,0,True,0,car,0 days 00:00:43.980000,0 days 01:57:05.496000,2512.487777777778,32.0
2023-10-22 19:58:08.129,5059,73,3,0,True,0,car,0 days 00:00:44.380000,0 days 01:57:05.896000,2520.598888888889,32.0
2023-10-22 19:58:08.449,4841,69,3,0,False,0,car,0 days 00:00:44.700000,0 days 01:57:06.216000,2526.7322222222224,32.0
2023-10-22 19:58:08.729,4667,67,3,0,False,0,car,0 days 00:00:44.980000,0 days 01:57:06.496000,2531.9433333333336,32.0
2023-10-22 19:58:08.929,4603,67,3,0,False,0,car,0 days 00:00:45.180000,0 days 01:57:06.696000,2535.665555555556,32.0
2023-10-22 19:58:09.169,4660,63,3,11,False,0,car,0 days 00:00:45.420000,0 days 01:57:06.936000,2539.8655555555556,32.0
2023-10-22 19:58:09.410,5074,66,3,23,False,0,car,0 days 00:00:45.661000,0 days 01:57:07.177000,2544.283888888889,32.0
2023-10-22 19:58:09.689,5359,70,3,29,False,0,car,0 days 00:00:45.940000,0 days 01:57:07.456000,2549.708888888889,32.0
2023-10-22 19:58:09.849,5359,72,3,29,False,0,car,0 days 00:00:46.100000,0 days 01:57:07.616000,2552.908888888889,32.0
2023-10-22 19:58:10.089,6306,78,3,37,False,0,car,0 days 00:00:46.340000,0 days 01:57:07.856000,2558.108888888889,32.0
2023-10-22 19:58:10.369,6769,85,3,39,False,0,car,0 days 00:00:46.620000,0 days 01:57:08.136000,2564.72,32.0
2023-10-22 19:58:10.569,7170,90,3,46,False,0,car,0 days 00:00:46.820000,0 days 01:57:08.336000,2569.72,32.0
2023-10-22 19:58:10.729,7779,96,3,50,False,0,car,0 days 00:00:46.980000,0 days 01:57:08.496000,2573.986666666666,32.0
2023-10-22 19:58:11.009,7958,102,3,53,False,0,car,0 days 00:00:47.260000,0 days 01:57:08.776000,2581.9199999999996,32.0
2023-10-22 19:58:11.289,9128,115,3,68,False,0,car,0 days 00:00:47.540000,0 days 01:57:09.056000,2590.864444444444,32.0
2023-10-22 19:58:11.609,9807,126,3,85,False,0,car,0 days 00:00:47.860000,0 days 01:57:09.376000,2602.064444444444,32.0
2023-10-22 19:58:11.969,11297,147,3,100,False,0,car,0 days 00:00:48.220000,0 days 01:57:09.736000,2616.7644444444436,32.0
2023-10-22 19:58:12.129,11034,157,3,100,False,0,car,0 days 00:00:48.380000,0 days 01:57:09.896000,2623.7422222222217,32.0
2023-10-22 19:58:12.489,11155,171,4,100,False,0,car,0 days 00:00:48.740000,0 days 01:57:10.256000,2640.8422222222216,32.0
2023-10-22 19:58:12.889,11370,186,4,100,False,0,car,0 days 00:00:49.140000,0 days 01:57:10.656000,2661.508888888888,32.0
2023-10-22 19:58:13.089,10841,194,5,100,False,0,car,0 days 00:00:49.340000,0 days 01:57:10.856000,2672.286666666666,32.0
2023-10-22 19:58:13.369,11303,204,5,100,False,0,car,0 days 00:00:49.620000,0 days 01:57:11.136000,2688.1533333333323,32.0
2023-10-22 19:58:13.729,10885,215,5,100,False,0,car,0 days 00:00:49.980000,0 days 01:57:11.496000,2709.6533333333323,32.0
2023-10-22 19:58:13.929,10470,221,5,100,False,0,car,0 days 00:00:50.180000,0 days 01:57:11.696000,2721.93111111111,32.0
2023-10-22 19:58:14.209,10749,221,6,100,False,0,car,0 days 00:00:50.460000,0 days 01:57:11.976000,2739.119999999999,32.0
2023-10-22 19:58:14.449,11193,234,6,100,False,0,car,0 days 00:00:50.700000,0 days 01:57:12.216000,2754.719999999999,32.0
2023-10-22 19:58:14.649,11356,238,6,100,False,0,car,0 days 00:00:50.900000,0 days 01:57:12.416000,2767.9422222222206,32.0
2023-10-22 19:58:14.889,11554,238,6,100,False,0,car,0 days 00:00:51.140000,0 days 01:57:12.656000,2783.8088888888874,32.0
2023-10-22 19:58:15.169,10627,248,6,100,False,0,car,0 days 00:00:51.420000,0 days 01:57:12.936000,2803.097777777776,32.0
2023-10-22 19:58:15.529,10482,254,7,100,False,0,car,0 days 00:00:51.780000,0 days 01:57:13.296000,2828.4977777777763,32.0
2023-10-22 19:58:15.769,10727,255,7,100,False,0,car,0 days 00:00:52.020000,0 days 01:57:13.536000,2845.4977777777763,32.0
2023-10-22 19:58:16.130,10877,261,7,100,False,0,car,0 days 00:00:52.381000,0 days 01:57:13.897000,2871.670277777776,32.0
2023-10-22 19:58:16.329,10908,263,7,100,False,0,car,0 days 00:00:52.580000,0 days 01:57:14.096000,2886.208333333331,32.0
2023-10-22 19:58:16.609,11010,266,7,100,False,0,car,0 days 00:00:52.860000,0 days 01:57:14.376000,2906.89722222222,32.0
2023-10-22 19:58:16.769,11178,269,7,100,False,0,car,0 days 00:00:53.020000,0 days 01:57:14.536000,2918.852777777776,32.0
2023-10-22 19:58:16.969,11553,269,7,100,False,0,car,0 days 00:00:53.220000,0 days 01:57:14.736000,2933.79722222222,32.0
2023-10-22 19:58:17.369,11463,273,7,100,False,0,car,0 days 00:00:53.620000,0 days 01:57:15.136000,2964.130555555553,32.0
2023-10-22 19:58:17.729,11444,276,7,100,False,0,car,0 days 00:00:53.980000,0 days 01:57:15.496000,2991.730555555553,32.0
2023-10-22 19:58:17.889,11527,277,7,100,False,0,car,0 days 00:00:54.140000,0 days 01:57:15.656000,3004.0416666666647,32.0
2023-10-22 19:58:18.169,10597,278,7,100,False,0,car,0 days 00:00:54.420000,0 days 01:57:15.936000,3025.663888888887,32.0
2023-10-22 19:58:18.369,10306,280,7,100,False,0,car,0 days 00:00:54.620000,0 days 01:57:16.136000,3041.219444444442,32.0
2023-10-22 19:58:18.609,10317,281,8,100,False,0,car,0 days 00:00:54.860000,0 days 01:57:16.376000,3059.9527777777757,32.0
2023-10-22 19:58:19.009,10454,283,8,100,False,0,car,0 days 00:00:55.260000,0 days 01:57:16.776000,3091.39722222222,32.0
2023-10-22 19:58:19.249,10488,285,8,100,False,0,car,0 days 00:00:55.500000,0 days 01:57:17.016000,3110.39722222222,32.0
2023-10-22 19:58:19.449,10582,286,8,100,False,0,car,0 days 00:00:55.700000,0 days 01:57:17.216000,3126.286111111109,32.0
2023-10-22 19:58:19.609,10586,287,8,100,False,0,car,0 days 00:00:55.860000,0 days 01:57:17.376000,3139.0416666666647,32.0
2023-10-22 19:58:19.769,10616,288,8,100,False,0,car,0 days 00:00:56.020000,0 days 01:57:17.536000,3151.841666666665,32.0
2023-10-22 19:58:20.049,10682,289,8,100,False,0,car,0 days 00:00:56.300000,0 days 01:57:17.816000,3174.319444444442,32.0
2023-10-22 19:58:20.449,10728,291,8,100,False,0,car,0 days 00:00:56.700000,0 days 01:57:18.216000,3206.652777777776,32.0
2023-10-22 19:58:20.689,10803,292,8,100,False,0,car,0 days 00:00:56.940000,0 days 01:57:18.456000,3226.1194444444423,32.0
2023-10-22 19:58:20.849,10803,294,8,100,False,0,car,0 days 00:00:57.100000,0 days 01:57:18.616000,3239.1861111111093,32.0
2023-10-22 19:58:21.009,10861,294,8,100,False,0,car,0 days 00:00:57.260000,0 days 01:57:18.776000,3252.252777777776,32.0
2023-10-22 19:58:21.169,10845,294,8,100,False,0,car,0 days 00:00:57.420000,0 days 01:57:18.936000,3265.319444444443,32.0
2023-10-22 19:58:21.529,10836,295,8,100,False,0,car,0 days 00:00:57.780000,0 days 01:57:19.296000,3294.819444444443,32.0
2023-10-22 19:58:21.729,10896,295,8,100,False,0,car,0 days 00:00:57.980000,0 days 01:57:19.496000,3311.2083333333317,32.0
2023-10-22 19:58:21.889,10906,296,8,100,False,0,car,0 days 00:00:58.140000,0 days 01:57:19.656000,3324.3638888888877,32.0
2023-10-22 19:58:22.289,10959,297,8,100,False,0,car,0 days 00:00:58.540000,0 days 01:57:20.056000,3357.3638888888877,32.0
2023-10-22 19:58:22.530,10930,297,8,100,False,0,car,0 days 00:00:58.781000,0 days 01:57:20.297000,3377.246388888888,32.0
2023-10-22 19:58:22.810,10978,298,8,100,False,0,car,0 days 00:00:59.061000,0 days 01:57:20.577000,3400.4241666666658,32.0
2023-10-22 19:58:23.129,11004,298,8,100,False,0,car,0 days 00:00:59.380000,0 days 01:57:20.896000,3426.830277777777,32.0
2023-10-22 19:58:23.609,10983,298,8,100,False,0,car,0 days 00:00:59.860000,0 days 01:57:21.376000,3466.5636111111103,32.0
2023-10-22 19:58:23.809,10995,299,8,100,False,0,car,0 days 00:01:00.060000,0 days 01:57:21.576000,3483.1747222222216,32.0
2023-10-22 19:58:24.049,11000,299,8,100,False,0,car,0 days 00:01:00.300000,0 days 01:57:21.816000,3503.1080555555545,32.0
2023-10-22 19:58:24.329,11015,299,8,100,False,0,car,0 days 00:01:00.580000,0 days 01:57:22.096000,3526.36361111111,32.0
2023-10-22 19:58:24.489,11006,299,8,100,False,0,car,0 days 00:01:00.740000,0 days 01:57:22.256000,3539.6524999999992,32.0
2023-10-22 19:58:24.769,11066,300,8,100,False,0,car,0 days 00:01:01.020000,0 days 01:57:22.536000,3562.9858333333327,32.0
2023-10-22 19:58:25.129,10907,295,8,0,False,0,car,0 days 00:01:01.380000,0 days 01:57:22.896000,3592.4858333333327,32.0
2023-10-22 19:58:25.289,10592,293,8,0,True,0,car,0 days 00:01:01.540000,0 days 01:57:23.056000,3605.5080555555546,32.0
2023-10-22 19:58:25.489,10312,288,8,0,True,0,car,0 days 00:01:01.740000,0 days 01:57:23.256000,3621.508055555555,32.0
2023-10-22 19:58:25.849,9346,240,8,0,True,0,car,0 days 00:01:02.100000,0 days 01:57:23.616000,3645.508055555555,32.0
2023-10-22 19:58:26.049,9234,200,8,0,True,0,car,0 days 00:01:02.300000,0 days 01:57:23.816000,3656.619166666666,32.0
2023-10-22 19:58:26.209,9413,190,8,0,True,0,car,0 days 00:01:02.460000,0 days 01:57:23.976000,3665.0636111111107,32.0
2023-10-22 19:58:26.369,9395,168,7,0,True,0,car,0 days 00:01:02.620000,0 days 01:57:24.136000,3672.5302777777774,32.0
2023-10-22 19:58:26.569,9052,148,5,0,True,0,car,0 days 00:01:02.820000,0 days 01:57:24.336000,3680.7524999999996,32.0
2023-10-22 19:58:26.889,9214,129,3,0,True,0,car,0 days 00:01:03.140000,0 days 01:57:24.656000,3692.2191666666663,32.0
2023-10-22 19:58:27.089,8101,122,3,0,True,0,car,0 days 00:01:03.340000,0 days 01:57:24.856000,3698.996944444444,32.0
2023-10-22 19:58:27.409,7183,106,3,0,True,0,car,0 days 00:01:03.660000,0 days 01:57:25.176000,3708.419166666666,32.0
2023-10-22 19:58:27.689,6677,98,3,0,True,0,car,0 days 00:01:03.940000,0 days 01:57:25.456000,3716.0413888888884,32.0
2023-10-22 19:58:27.969,6328,91,3,0,True,0,car,0 days 00:01:04.220000,0 days 01:57:25.736000,3723.1191666666664,32.0
2023-10-22 19:58:28.209,6091,87,3,0,False,0,car,0 days 00:01:04.460000,0 days 01:57:25.976000,3728.919166666666,32.0
2023-10-22 19:58:28.489,6152,86,3,7,False,0,car,0 days 00:01:04.740000,0 days 01:57:26.256000,3735.608055555555,32.0
2023-10-22 19:58:28.809,6428,83,3,29,False,0,car,0 days 00:01:05.060000,0 days 01:57:26.576000,3742.9858333333327,32.0
2023-10-22 19:58:29.089,6982,87,3,44,False,0,car,0 days 00:01:05.340000,0 days 01:57:26.856000,3749.7524999999996,32.0
2023-10-22 19:58:29.330,7525,95,3,52,False,0,car,0 days 00:01:05.581000,0 days 01:57:27.097000,3756.1122222222216,32.0
2023-10-22 19:58:29.650,8241,105,3,59,False,0,car,0 days 00:01:05.901000,0 days 01:57:27.417000,3765.4455555555546,32.0
2023-10-22 19:58:29.929,9041,117,3,69,False,0,car,0 days 00:01:06.180000,0 days 01:57:27.696000,3774.513055555555,32.0
2023-10-22 19:58:30.289,10040,130,3,87,False,0,car,0 days 00:01:06.540000,0 days 01:57:28.056000,3787.513055555555,32.0
2023-10-22 19:58:30.649,11579,151,3,100,False,0,car,0 days 00:01:06.900000,0 days 01:57:28.416000,3802.613055555555,32.0
2023-10-22 19:58:31.049,10687,169,4,100,False,0,car,0 days 00:01:07.300000,0 days 01:57:28.816000,3821.3908333333325,32.0
2023-10-22 19:58:31.209,11107,169,4,100,False,0,car,0 days 00:01:07.460000,0 days 01:57:28.976000,3828.9019444444434,32.0
2023-10-22 19:58:31.369,11598,169,4,100,False,0,car,0 days 00:01:07.620000,0 days 01:57:29.136000,3836.413055555555,32.0
2023-10-22 19:58:31.729,10574,194,4,100,False,0,car,0 days 00:01:07.980000,0 days 01:57:29.496000,3855.813055555555,32.0
2023-10-22 19:58:32.129,9920,189,5,0,True,0,car,0 days 00:01:08.380000,0 days 01:57:29.896000,3876.8130555555545,32.0
2023-10-22 19:58:32.369,10518,173,5,0,True,0,car,0 days 00:01:08.620000,0 days 01:57:30.136000,3888.346388888888,32.0
2023-10-22 19:58:32.649,10982,153,5,0,True,0,car,0 days 00:01:08.900000,0 days 01:57:30.416000,3900.2463888888883,32.0
2023-10-22 19:58:32.929,9722,137,3,0,True,0,car,0 days 00:01:09.180000,0 days 01:57:30.696000,3910.901944444444,32.0
2023-10-22 19:58:33.409,8109,124,3,0,True,0,car,0 days 00:01:09.660000,0 days 01:57:31.176000,3927.4352777777767,32.0
2023-10-22 19:58:33.569,7655,113,3,0,True,0,car,0 days 00:01:09.820000,0 days 01:57:31.336000,3932.4574999999986,32.0
2023-10-22 19:58:33.729,7678,108,3,0,True,0,car,0 days 00:01:09.980000,0 days 01:57:31.496000,3937.257499999999,32.0
2023-10-22 19:58:34.129,7176,101,3,0,True,0,car,0 days 00:01:10.380000,0 days 01:57:31.896000,3948.479722222221,32.0
2023-10-22 19:58:34.369,6882,97,3,0,False,0,car,0 days 00:01:10.620000,0 days 01:57:32.136000,3954.9463888888877,32.0
2023-10-22 19:58:34.649,6614,92,3,0,False,0,car,0 days 00:01:10.900000,0 days 01:57:32.416000,3962.1019444444432,32.0
2023-10-22 19:58:35.089,7124,92,3,31,False,0,car,0 days 00:01:11.340000,0 days 01:57:32.856000,3973.3463888888878,32.0
2023-10-22 19:58:35.369,7452,95,3,32,False,0,car,0 days 00:01:11.620000,0 days 01:57:33.136000,3980.735277777777,32.0
2023-10-22 19:58:35.690,7965,101,3,44,False,0,car,0 days 00:01:11.941000,0 days 01:57:33.457000,3989.74111111111,32.0
2023-10-22 19:58:35.850,8139,105,3,42,False,0,car,0 days 00:01:12.101000,0 days 01:57:33.617000,3994.4077777777766,32.0
2023-10-22 19:58:36.130,8527,107,3,46,False,0,car,0 days 00:01:12.381000,0 days 01:57:33.897000,4002.7299999999987,32.0
2023-10-22 19:58:36.529,9053,121,3,57,False,0,car,0 days 00:01:12.780000,0 days 01:57:34.296000,4016.140833333332,32.0
2023-10-22 19:58:36.729,9639,128,3,62,False,0,car,0 days 00:01:12.980000,0 days 01:57:34.496000,4023.2519444444433,32.0
2023-10-22 19:58:37.129,10863,142,3,80,False,0,car,0 days 00:01:13.380000,0 days 01:57:34.896000,4039.0297222222207,32.0
2023-10-22 19:58:37.569,10772,158,3,100,False,0,car,0 days 00:01:13.820000,0 days 01:57:35.336000,4058.340833333332,32.0
2023-10-22 19:58:37.729,10607,165,3,99,False,0,car,0 days 00:01:13.980000,0 days 01:57:35.496000,4065.6741666666658,32.0
2023-10-22 19:58:38.169,11363,177,4,100,False,0,car,0 days 00:01:14.420000,0 days 01:57:35.936000,4087.307499999999,32.0
2023-10-22 19:58:38.329,11421,182,4,99,False,0,car,0 days 00:01:14.580000,0 days 01:57:36.096000,4095.3963888888875,32.0
2023-10-22 19:58:38.809,10074,193,5,0,True,0,car,0 days 00:01:15.060000,0 days 01:57:36.576000,4121.129722222221,32.0
2023-10-22 19:58:39.129,9843,173,5,0,True,0,car,0 days 00:01:15.380000,0 days 01:57:36.896000,4136.507499999999,32.0
2023-10-22 19:58:39.289,9912,166,5,0,True,0,car,0 days 00:01:15.540000,0 days 01:57:37.056000,4143.885277777777,32.0
2023-10-22 19:58:39.529,9183,152,4,0,True,0,car,0 days 00:01:15.780000,0 days 01:57:37.296000,4154.018611111111,32.0
2023-10-22 19:58:39.849,9842,139,4,0,True,0,car,0 days 00:01:16.100000,0 days 01:57:37.616000,4166.374166666666,32.0
2023-10-22 19:58:40.009,9325,135,3,0,True,0,car,0 days 00:01:16.260000,0 days 01:57:37.776000,4172.374166666666,32.0
2023-10-22 19:58:40.329,8501,121,3,0,True,0,car,0 days 00:01:16.580000,0 days 01:57:38.096000,4183.129722222221,32.0
2023-10-22 19:58:40.489,8061,118,3,0,True,0,car,0 days 00:01:16.740000,0 days 01:57:38.256000,4188.374166666666,32.0
2023-10-22 19:58:40.729,7801,109,3,0,True,0,car,0 days 00:01:16.980000,0 days 01:57:38.496000,4195.640833333333,32.0
2023-10-22 19:58:41.009,7432,104,3,0,True,0,car,0 days 00:01:17.260000,0 days 01:57:38.776000,4203.729722222221,32.0
2023-10-22 19:58:41.169,6893,100,3,0,True,0,car,0 days 00:01:17.420000,0 days 01:57:38.936000,4208.174166666666,32.0
2023-10-22 19:58:41.329,6700,97,3,0,True,0,car,0 days 00:01:17.580000,0 days 01:57:39.096000,4212.485277777777,32.0
2023-10-22 19:58:41.649,6164,88,3,0,True,0,car,0 days 00:01:17.900000,0 days 01:57:39.416000,4220.307499999999,32.0
2023-10-22 19:58:41.809,6029,86,3,0,True,0,car,0 days 00:01:18.060000,0 days 01:57:39.576000,4224.129722222221,32.0
2023-10-22 19:58:42.009,5822,83,3,0,False,0,car,0 days 00:01:18.260000,0 days 01:57:39.776000,4228.740833333332,32.0
2023-10-22 19:58:42.290,5484,80,3,1,False,0,car,0 days 00:01:18.541000,0 days 01:57:40.057000,4234.985277777777,32.0
2023-10-22 19:58:42.530,5783,75,3,8,False,0,car,0 days 00:01:18.781000,0 days 01:57:40.297000,4239.985277777777,32.0
2023-10-22 19:58:42.850,6071,79,3,29,False,0,car,0 days 00:01:19.101000,0 days 01:57:40.617000,4247.007499999999,32.0
2023-10-22 19:58:43.090,6385,82,3,39,False,0,car,0 days 00:01:19.341000,0 days 01:57:40.857000,4252.474166666665,32.0
2023-10-22 19:58:43.329,6706,88,3,42,False,0,car,0 days 00:01:19.580000,0 days 01:57:41.096000,4258.316388888888,32.0
2023-10-22 19:58:43.649,7441,97,3,50,False,0,car,0 days 00:01:19.900000,0 days 01:57:41.416000,4266.93861111111,32.0
2023-10-22 19:58:43.809,7898,100,3,56,False,0,car,0 days 00:01:20.060000,0 days 01:57:41.576000,4271.383055555554,32.0
2023-10-22 19:58:43.969,8382,107,3,57,False,0,car,0 days 00:01:20.220000,0 days 01:57:41.736000,4276.13861111111,32.0
2023-10-22 19:58:44.289,9339,118,3,76,False,0,car,0 days 00:01:20.540000,0 days 01:57:42.056000,4286.627499999999,32.0
2023-10-22 19:58:44.449,9753,122,3,83,False,0,car,0 days 00:01:20.700000,0 days 01:57:42.216000,4292.049722222221,32.0
2023-10-22 19:58:44.729,11055,139,3,100,False,0,car,0 days 00:01:20.980000,0 days 01:57:42.496000,4302.860833333332,32.0
2023-10-22 19:58:44.889,11563,149,3,100,False,0,car,0 days 00:01:21.140000,0 days 01:57:42.656000,4309.4830555555545,32.0
2023-10-22 19:58:45.129,10443,162,3,100,False,0,car,0 days 00:01:21.380000,0 days 01:57:42.896000,4320.283055555555,32.0
2023-10-22 19:58:45.449,11051,171,3,100,False,0,car,0 days 00:01:21.700000,0 days 01:57:43.216000,4335.483055555555,32.0
2023-10-22 19:58:45.609,11498,179,4,99,False,0,car,0 days 00:01:21.860000,0 days 01:57:43.376000,4343.438611111111,32.0
2023-10-22 19:58:45.929,10511,193,4,100,False,0,car,0 days 00:01:22.180000,0 days 01:57:43.696000,4360.594166666667,32.0
2023-10-22 19:58:46.169,11040,200,5,100,False,0,car,0 days 00:01:22.420000,0 days 01:57:43.936000,4373.9275,32.0
2023-10-22 19:58:46.329,11201,205,5,100,False,0,car,0 days 00:01:22.580000,0 days 01:57:44.096000,4383.038611111111,32.0
2023-10-22 19:58:46.729,11719,215,5,100,False,0,car,0 days 00:01:22.980000,0 days 01:57:44.496000,4406.927500000001,32.0
2023-10-22 19:58:46.929,11719,215,5,100,False,0,car,0 days 00:01:23.180000,0 days 01:57:44.696000,4418.871944444445,32.0
2023-10-22 19:58:47.209,10375,222,6,100,False,0,car,0 days 00:01:23.460000,0 days 01:57:44.976000,4436.138611111111,32.0
2023-10-22 19:58:47.409,10708,225,6,100,False,0,car,0 days 00:01:23.660000,0 days 01:57:45.176000,4448.638611111111,32.0
2023-10-22 19:58:47.569,10783,226,6,100,False,0,car,0 days 00:01:23.820000,0 days 01:57:45.336000,4458.683055555554,32.0
2023-10-22 19:58:47.849,10906,229,6,100,False,0,car,0 days 00:01:24.100000,0 days 01:57:45.616000,4476.4941666666655,32.0
2023-10-22 19:58:48.049,10990,229,6,100,False,0,car,0 days 00:01:24.300000,0 days 01:57:45.816000,4489.216388888888,32.0
2023-10-22 19:58:48.289,11054,232,6,100,False,0,car,0 days 00:01:24.540000,0 days 01:57:46.056000,4504.683055555555,32.0
2023-10-22 19:58:48.609,11082,234,6,100,False,0,car,0 days 00:01:24.860000,0 days 01:57:46.376000,4525.4830555555545,32.0
2023-10-22 19:58:48.850,11198,236,6,100,False,0,car,0 days 00:01:25.101000,0 days 01:57:46.617000,4541.281944444443,32.0
2023-10-22 19:58:49.050,11222,236,6,100,False,0,car,0 days 00:01:25.301000,0 days 01:57:46.817000,4554.393055555554,32.0
2023-10-22 19:58:49.210,11308,237,6,100,False,0,car,0 days 00:01:25.461000,0 days 01:57:46.977000,4564.926388888887,32.0
2023-10-22 19:58:49.450,11351,238,6,99,False,0,car,0 days 00:01:25.701000,0 days 01:57:47.217000,4580.793055555553,32.0
2023-10-22 19:58:49.610,11407,239,6,100,False,0,car,0 days 00:01:25.861000,0 days 01:57:47.377000,4591.415277777776,32.0
2023-10-22 19:58:50.089,11455,241,6,100,False,0,car,0 days 00:01:26.340000,0 days 01:57:47.856000,4623.481666666665,32.0
2023-10-22 19:58:50.289,11501,243,6,100,False,0,car,0 days 00:01:26.540000,0 days 01:57:48.056000,4636.981666666665,32.0
2023-10-22 19:58:50.689,10549,243,7,100,False,0,car,0 days 00:01:26.940000,0 days 01:57:48.456000,4663.981666666664,32.0
2023-10-22 19:58:51.089,10353,246,7,100,False,0,car,0 days 00:01:27.340000,0 days 01:57:48.856000,4691.314999999998,32.0
2023-10-22 19:58:51.329,10377,249,7,100,False,0,car,0 days 00:01:27.580000,0 days 01:57:49.096000,4707.914999999997,32.0
2023-10-22 19:58:51.489,10435,249,7,99,False,0,car,0 days 00:01:27.740000,0 days 01:57:49.256000,4718.981666666664,32.0
2023-10-22 19:58:51.769,10565,252,7,100,False,0,car,0 days 00:01:28.020000,0 days 01:57:49.536000,4738.581666666664,32.0
2023-10-22 19:58:52.129,10618,256,7,100,False,0,car,0 days 00:01:28.380000,0 days 01:57:49.896000,4764.181666666665,32.0
2023-10-22 19:58:52.569,10655,256,7,100,False,0,car,0 days 00:01:28.820000,0 days 01:57:50.336000,4795.470555555553,32.0
2023-10-22 19:58:53.009,10768,259,7,99,False,0,car,0 days 00:01:29.260000,0 days 01:57:50.776000,4827.126111111109,32.0
2023-10-22 19:58:53.169,10834,261,7,100,False,0,car,0 days 00:01:29.420000,0 days 01:57:50.936000,4838.726111111108,32.0
2023-10-22 19:58:53.569,10778,263,7,99,False,0,car,0 days 00:01:29.820000,0 days 01:57:51.336000,4867.94833333333,32.0
2023-10-22 19:58:53.809,10807,260,7,0,True,0,car,0 days 00:01:30.060000,0 days 01:57:51.576000,4885.281666666664,32.0
2023-10-22 19:58:54.049,9695,239,7,0,True,0,car,0 days 00:01:30.300000,0 days 01:57:51.816000,4901.214999999997,32.0
2023-10-22 19:58:54.289,10682,223,6,0,True,0,car,0 days 00:01:30.540000,0 days 01:57:52.056000,4916.081666666664,32.0
2023-10-22 19:58:54.489,9501,212,6,0,True,0,car,0 days 00:01:30.740000,0 days 01:57:52.256000,4927.859444444442,32.0
2023-10-22 19:58:54.809,10264,197,6,0,True,0,car,0 days 00:01:31.060000,0 days 01:57:52.576000,4945.370555555553,32.0
2023-10-22 19:58:55.009,10098,193,5,0,False,0,car,0 days 00:01:31.260000,0 days 01:57:52.776000,4956.092777777776,32.0
2023-10-22 19:58:55.289,9822,188,5,8,False,0,car,0 days 00:01:31.540000,0 days 01:57:53.056000,4970.714999999998,32.0
2023-10-22 19:58:55.570,9699,180,5,27,False,0,car,0 days 00:01:31.821000,0 days 01:57:53.337000,4984.764999999998,32.0
2023-10-22 19:58:55.850,10044,177,5,52,False,0,car,0 days 00:01:32.101000,0 days 01:57:53.617000,4998.531666666664,32.0
2023-10-22 19:58:56.210,10326,183,5,94,False,0,car,0 days 00:01:32.461000,0 days 01:57:53.977000,5016.831666666664,32.0
2023-10-22 19:58:56.410,10535,189,5,100,False,0,car,0 days 00:01:32.661000,0 days 01:57:54.177000,5027.331666666664,32.0
2023-10-22 19:58:56.849,11165,204,5,100,False,0,car,0 days 00:01:33.100000,0 days 01:57:54.616000,5052.20833333333,32.0
2023-10-22 19:58:57.009,11502,207,5,100,False,0,car,0 days 00:01:33.260000,0 days 01:57:54.776000,5061.408333333331,32.0
2023-10-22 19:58:57.249,10802,214,5,100,False,0,car,0 days 00:01:33.500000,0 days 01:57:55.016000,5075.674999999997,32.0
2023-10-22 19:58:57.489,10555,220,6,100,False,0,car,0 days 00:01:33.740000,0 days 01:57:55.256000,5090.3416666666635,32.0
2023-10-22 19:58:57.929,10888,230,6,100,False,0,car,0 days 00:01:34.180000,0 days 01:57:55.696000,5118.452777777776,32.0
2023-10-22 19:58:58.249,11070,233,6,100,False,0,car,0 days 00:01:34.500000,0 days 01:57:56.016000,5139.1638888888865,32.0
2023-10-22 19:58:58.569,11336,238,6,99,False,0,car,0 days 00:01:34.820000,0 days 01:57:56.336000,5160.319444444442,32.0
2023-10-22 19:58:58.889,10458,233,6,0,True,0,car,0 days 00:01:35.140000,0 days 01:57:56.656000,5181.030555555553,32.0
2023-10-22 19:58:59.049,11022,211,6,0,True,0,car,0 days 00:01:35.300000,0 days 01:57:56.816000,5190.408333333331,32.0
2023-10-22 19:58:59.209,10205,202,6,0,True,0,car,0 days 00:01:35.460000,0 days 01:57:56.976000,5199.386111111108,32.0
2023-10-22 19:58:59.529,11642,165,5,0,True,0,car,0 days 00:01:35.780000,0 days 01:57:57.296000,5214.052777777775,32.0
2023-10-22 19:58:59.769,10807,150,4,0,True,0,car,0 days 00:01:36.020000,0 days 01:57:57.536000,5224.052777777775,32.0
2023-10-22 19:59:00.089,8840,130,3,0,True,0,car,0 days 00:01:36.340000,0 days 01:57:57.856000,5235.608333333331,32.0
2023-10-22 19:59:00.249,8446,121,3,0,True,0,car,0 days 00:01:36.500000,0 days 01:57:58.016000,5240.986111111109,32.0
2023-10-22 19:59:00.569,7658,110,3,0,True,0,car,0 days 00:01:36.820000,0 days 01:57:58.336000,5250.763888888886,32.0
2023-10-22 19:59:00.969,6858,100,3,0,True,0,car,0 days 00:01:37.220000,0 days 01:57:58.736000,5261.874999999997,32.0
2023-10-22 19:59:01.169,6622,96,3,0,True,0,car,0 days 00:01:37.420000,0 days 01:57:58.936000,5267.20833333333,32.0
2023-10-22 19:59:01.529,6377,90,3,2,False,0,car,0 days 00:01:37.780000,0 days 01:57:59.296000,5276.20833333333,32.0
2023-10-22 19:59:01.689,6604,88,3,15,False,0,car,0 days 00:01:37.940000,0 days 01:57:59.456000,5280.119444444441,32.0
2023-10-22 19:59:02.010,6840,89,3,30,False,0,car,0 days 00:01:38.261000,0 days 01:57:59.777000,5288.055277777774,32.0
2023-10-22 19:59:02.250,7241,93,3,38,False,0,car,0 days 00:01:38.501000,0 days 01:58:00.017000,5294.255277777774,32.0
2023-10-22 19:59:02.490,7537,97,3,43,False,0,car,0 days 00:01:38.741000,0 days 01:58:00.257000,5300.72194444444,32.0
2023-10-22 19:59:02.690,7846,101,3,50,False,0,car,0 days 00:01:38.941000,0 days 01:58:00.457000,5306.333055555551,32.0
2023-10-22 19:59:03.010,8715,109,3,57,False,0,car,0 days 00:01:39.261000,0 days 01:58:00.777000,5316.02194444444,32.0
2023-10-22 19:59:03.250,9028,119,3,64,False,0,car,0 days 00:01:39.501000,0 days 01:58:01.017000,5323.9552777777735,32.0
2023-10-22 19:59:03.489,10044,127,3,83,False,0,car,0 days 00:01:39.740000,0 days 01:58:01.256000,5332.386666666662,32.0
2023-10-22 19:59:03.849,11077,147,3,100,False,0,car,0 days 00:01:40.100000,0 days 01:58:01.616000,5347.086666666662,32.0
2023-10-22 19:59:04.049,11776,157,3,100,False,0,car,0 days 00:01:40.300000,0 days 01:58:01.816000,5355.808888888884,32.0
2023-10-22 19:59:04.209,10662,161,3,100,False,0,car,0 days 00:01:40.460000,0 days 01:58:01.976000,5362.964444444439,32.0
2023-10-22 19:59:04.529,11583,178,4,100,False,0,car,0 days 00:01:40.780000,0 days 01:58:02.296000,5378.786666666662,32.0
2023-10-22 19:59:04.769,10725,178,4,100,False,0,car,0 days 00:01:41.020000,0 days 01:58:02.536000,5390.653333333329,32.0
2023-10-22 19:59:05.089,10954,196,5,100,False,0,car,0 days 00:01:41.340000,0 days 01:58:02.856000,5408.075555555552,32.0
2023-10-22 19:59:05.489,11463,208,5,100,False,0,car,0 days 00:01:41.740000,0 days 01:58:03.256000,5431.186666666662,32.0
2023-10-22 19:59:05.889,10457,219,6,100,False,0,car,0 days 00:00:00.247000,0 days 01:58:03.656000,15.025833333333331,33.0
2023-10-22 19:59:06.289,10994,228,6,99,False,0,car,0 days 00:00:00.647000,0 days 01:58:04.056000,40.35916666666667,33.0
2023-10-22 19:59:06.489,11120,232,6,100,False,0,car,0 days 00:00:00.847000,0 days 01:58:04.256000,53.24805555555555,33.0
2023-10-22 19:59:06.729,11314,238,6,100,False,0,car,0 days 00:00:01.087000,0 days 01:58:04.496000,69.11472222222221,33.0
2023-10-22 19:59:06.929,11488,242,6,100,False,0,car,0 days 00:00:01.287000,0 days 01:58:04.696000,82.55916666666666,33.0
2023-10-22 19:59:07.089,11488,244,6,100,False,0,car,0 days 00:00:01.447000,0 days 01:58:04.856000,93.4036111111111,33.0
2023-10-22 19:59:07.489,10482,250,7,100,False,0,car,0 days 00:00:01.847000,0 days 01:58:05.256000,121.18138888888888,33.0
2023-10-22 19:59:07.729,10584,255,7,100,False,0,car,0 days 00:00:02.087000,0 days 01:58:05.496000,138.18138888888888,33.0
2023-10-22 19:59:08.169,10907,260,7,100,False,0,car,0 days 00:00:02.527000,0 days 01:58:05.936000,169.95916666666665,33.0
2023-10-22 19:59:08.369,10992,263,7,100,False,0,car,0 days 00:00:02.727000,0 days 01:58:06.136000,184.57027777777773,33.0
2023-10-22 19:59:08.610,11117,266,7,100,False,0,car,0 days 00:00:02.968000,0 days 01:58:06.377000,202.37749999999997,33.0
2023-10-22 19:59:08.850,11208,269,7,100,False,0,car,0 days 00:00:03.208000,0 days 01:58:06.617000,220.3108333333333,33.0
2023-10-22 19:59:09.050,11267,271,7,100,False,0,car,0 days 00:00:03.408000,0 days 01:58:06.817000,235.36638888888885,33.0
2023-10-22 19:59:09.370,11314,273,7,100,False,0,car,0 days 00:00:03.728000,0 days 01:58:07.137000,259.63305555555553,33.0
2023-10-22 19:59:09.610,11497,273,7,99,False,0,car,0 days 00:00:03.968000,0 days 01:58:07.377000,277.8330555555555,33.0
2023-10-22 19:59:09.890,11600,277,7,100,False,0,car,0 days 00:00:04.248000,0 days 01:58:07.657000,299.3775,33.0
2023-10-22 19:59:10.209,10306,280,8,100,False,0,car,0 days 00:00:04.567000,0 days 01:58:07.976000,324.18861111111113,33.0
2023-10-22 19:59:10.609,10467,282,8,100,False,0,car,0 days 00:00:04.967000,0 days 01:58:08.376000,355.52194444444444,33.0
2023-10-22 19:59:10.809,10479,282,8,100,False,0,car,0 days 00:00:05.167000,0 days 01:58:08.576000,371.18861111111113,33.0
2023-10-22 19:59:10.969,10522,286,8,100,False,0,car,0 days 00:00:05.327000,0 days 01:58:08.736000,383.89972222222224,33.0
2023-10-22 19:59:11.129,10522,287,8,100,False,0,car,0 days 00:00:05.487000,0 days 01:58:08.896000,396.6552777777778,33.0
2023-10-22 19:59:11.289,10612,287,8,100,False,0,car,0 days 00:00:05.647000,0 days 01:58:09.056000,409.4108333333334,33.0
2023-10-22 19:59:11.569,10670,287,8,100,False,0,car,0 days 00:00:05.927000,0 days 01:58:09.336000,431.7330555555556,33.0
2023-10-22 19:59:11.809,10605,288,8,100,False,0,car,0 days 00:00:06.167000,0 days 01:58:09.576000,450.9330555555556,33.0
2023-10-22 19:59:12.089,10471,286,8,100,False,0,car,0 days 00:00:06.447000,0 days 01:58:09.856000,473.17750000000007,33.0
2023-10-22 19:59:12.289,10221,286,8,0,False,0,car,0 days 00:00:06.647000,0 days 01:58:10.056000,489.066388888889,33.0
2023-10-22 19:59:12.609,10137,279,8,0,True,0,car,0 days 00:00:06.967000,0 days 01:58:10.376000,513.8663888888889,33.0
2023-10-22 19:59:12.769,9429,265,8,0,True,0,car,0 days 00:00:07.127000,0 days 01:58:10.536000,525.6441666666667,33.0
2023-10-22 19:59:13.009,9301,240,8,0,True,0,car,0 days 00:00:07.367000,0 days 01:58:10.776000,541.6441666666667,33.0
2023-10-22 19:59:13.249,9148,218,8,0,True,0,car,0 days 00:00:07.607000,0 days 01:58:11.016000,556.1775,33.0
2023-10-22 19:59:13.449,9610,196,8,0,True,0,car,0 days 00:00:07.807000,0 days 01:58:11.216000,567.0663888888889,33.0
2023-10-22 19:59:13.729,9271,160,6,0,True,0,car,0 days 00:00:08.087000,0 days 01:58:11.496000,579.5108333333334,33.0
2023-10-22 19:59:14.089,9428,139,4,0,True,0,car,0 days 00:00:08.447000,0 days 01:58:11.856000,593.4108333333334,33.0
2023-10-22 19:59:14.249,8810,125,3,0,True,0,car,0 days 00:00:08.607000,0 days 01:58:12.016000,598.9663888888889,33.0
2023-10-22 19:59:14.409,8073,120,3,0,True,0,car,0 days 00:00:08.767000,0 days 01:58:12.176000,604.2997222222223,33.0
2023-10-22 19:59:14.689,7160,106,3,0,True,0,car,0 days 00:00:09.047000,0 days 01:58:12.456000,612.5441666666668,33.0
2023-10-22 19:59:14.929,6603,96,3,0,True,0,car,0 days 00:00:09.287000,0 days 01:58:12.696000,618.9441666666668,33.0
2023-10-22 19:59:15.210,6125,90,3,0,True,0,car,0 days 00:00:09.568000,0 days 01:58:12.977000,625.9691666666668,33.0
2023-10-22 19:59:15.490,5758,84,3,0,True,0,car,0 days 00:00:09.848000,0 days 01:58:13.257000,632.5025,33.0
2023-10-22 19:59:15.890,5409,78,3,0,False,0,car,0 days 00:00:10.248000,0 days 01:58:13.657000,641.1691666666667,33.0
2023-10-22 19:59:16.090,5425,76,3,0,False,0,car,0 days 00:00:10.448000,0 days 01:58:13.857000,645.391388888889,33.0
2023-10-22 19:59:16.290,5428,73,3,12,False,0,car,0 days 00:00:10.648000,0 days 01:58:14.057000,649.4469444444445,33.0
2023-10-22 19:59:16.610,5739,74,3,22,False,0,car,0 days 00:00:10.968000,0 days 01:58:14.377000,656.0247222222223,33.0
2023-10-22 19:59:16.770,6013,78,3,30,False,0,car,0 days 00:00:11.128000,0 days 01:58:14.537000,659.491388888889,33.0
2023-10-22 19:59:16.969,6506,83,3,38,False,0,car,0 days 00:00:11.327000,0 days 01:58:14.736000,664.0794444444446,33.0
2023-10-22 19:59:17.169,6920,87,3,42,False,0,car,0 days 00:00:11.527000,0 days 01:58:14.936000,668.9127777777779,33.0
2023-10-22 19:59:17.609,8342,96,3,52,False,0,car,0 days 00:00:11.967000,0 days 01:58:15.376000,680.6461111111113,33.0
2023-10-22 19:59:17.769,8482,105,3,52,False,0,car,0 days 00:00:12.127000,0 days 01:58:15.536000,685.3127777777779,33.0
2023-10-22 19:59:17.969,8693,111,3,52,False,0,car,0 days 00:00:12.327000,0 days 01:58:15.736000,691.4794444444445,33.0
2023-10-22 19:59:18.289,9647,121,3,64,False,0,car,0 days 00:00:12.647000,0 days 01:58:16.056000,702.2350000000001,33.0
2023-10-22 19:59:18.689,10923,138,3,85,False,0,car,0 days 00:00:13.047000,0 days 01:58:16.456000,717.5683333333335,33.0
2023-10-22 19:59:18.929,11578,153,3,100,False,0,car,0 days 00:00:13.287000,0 days 01:58:16.696000,727.7683333333335,33.0
2023-10-22 19:59:19.129,11066,162,3,100,False,0,car,0 days 00:00:13.487000,0 days 01:58:16.896000,736.7683333333335,33.0
2023-10-22 19:59:19.409,11254,172,4,99,False,0,car,0 days 00:00:13.767000,0 days 01:58:17.176000,750.1461111111113,33.0
2023-10-22 19:59:19.649,10719,180,4,99,False,0,car,0 days 00:00:14.007000,0 days 01:58:17.416000,762.1461111111113,33.0
2023-10-22 19:59:19.969,10862,197,5,99,False,0,car,0 days 00:00:14.327000,0 days 01:58:17.736000,779.6572222222225,33.0
2023-10-22 19:59:20.209,11331,205,5,99,False,0,car,0 days 00:00:14.567000,0 days 01:58:17.976000,793.3238888888891,33.0
2023-10-22 19:59:20.409,11023,207,5,99,False,0,car,0 days 00:00:14.767000,0 days 01:58:18.176000,804.8238888888891,33.0
2023-10-22 19:59:20.729,10409,218,6,99,False,0,car,0 days 00:00:15.087000,0 days 01:58:18.496000,824.2016666666668,33.0
2023-10-22 19:59:20.969,10624,218,6,99,False,0,car,0 days 00:00:15.327000,0 days 01:58:18.736000,838.7350000000001,33.0
2023-10-22 19:59:21.209,11029,230,6,99,False,0,car,0 days 00:00:15.567000,0 days 01:58:18.976000,854.0683333333335,33.0
2023-10-22 19:59:21.529,11327,236,6,100,False,0,car,0 days 00:00:15.887000,0 days 01:58:19.296000,875.0461111111113,33.0
2023-10-22 19:59:21.850,11566,243,6,99,False,0,car,0 days 00:00:16.208000,0 days 01:58:19.617000,896.7136111111112,33.0
2023-10-22 19:59:22.010,11617,244,6,99,False,0,car,0 days 00:00:16.368000,0 days 01:58:19.777000,907.5580555555556,33.0
2023-10-22 19:59:22.170,10777,247,6,100,False,0,car,0 days 00:00:16.528000,0 days 01:58:19.937000,918.5358333333334,33.0
2023-10-22 19:59:22.370,10469,250,6,99,False,0,car,0 days 00:00:16.728000,0 days 01:58:20.137000,932.4247222222225,33.0
2023-10-22 19:59:22.610,10563,253,7,100,False,0,car,0 days 00:00:16.968000,0 days 01:58:20.377000,949.2913888888891,33.0
2023-10-22 19:59:22.970,10716,256,7,100,False,0,car,0 days 00:00:17.328000,0 days 01:58:20.737000,974.891388888889,33.0
2023-10-22 19:59:23.210,10815,259,7,100,False,0,car,0 days 00:00:17.568000,0 days 01:58:20.977000,992.1580555555557,33.0
2023-10-22 19:59:23.410,10916,261,7,100,False,0,car,0 days 00:00:17.768000,0 days 01:58:21.177000,1006.6580555555557,33.0
2023-10-22 19:59:23.809,11089,266,7,100,False,0,car,0 days 00:00:18.167000,0 days 01:58:21.576000,1036.1397222222224,33.0
2023-10-22 19:59:24.049,11187,270,7,100,False,0,car,0 days 00:00:18.407000,0 days 01:58:21.816000,1054.1397222222222,33.0
2023-10-22 19:59:24.289,11322,271,7,100,False,0,car,0 days 00:00:18.647000,0 days 01:58:22.056000,1072.2063888888888,33.0
2023-10-22 19:59:24.529,11383,274,7,100,False,0,car,0 days 00:00:18.887000,0 days 01:58:22.296000,1090.4730555555557,33.0
2023-10-22 19:59:24.769,11325,273,7,100,False,0,car,0 days 00:00:19.127000,0 days 01:58:22.536000,1108.6730555555555,33.0
2023-10-22 19:59:25.009,11318,273,7,100,False,0,car,0 days 00:00:19.367000,0 days 01:58:22.776000,1126.8730555555555,33.0
2023-10-22 19:59:25.169,11343,273,7,100,False,0,car,0 days 00:00:19.527000,0 days 01:58:22.936000,1139.006388888889,33.0
2023-10-22 19:59:25.529,11386,273,7,100,False,0,car,0 days 00:00:19.887000,0 days 01:58:23.296000,1166.306388888889,33.0
2023-10-22 19:59:25.769,11312,272,7,99,False,0,car,0 days 00:00:20.127000,0 days 01:58:23.536000,1184.4397222222221,33.0
2023-10-22 19:59:26.169,10818,268,7,0,True,0,car,0 days 00:00:20.527000,0 days 01:58:23.936000,1214.2175,33.0
2023-10-22 19:59:26.449,10609,257,7,37,True,0,car,0 days 00:00:20.807000,0 days 01:58:24.216000,1234.2063888888888,33.0
2023-10-22 19:59:26.729,10451,251,7,64,False,0,car,0 days 00:00:21.087000,0 days 01:58:24.496000,1253.7286111111111,33.0
2023-10-22 19:59:27.049,10481,251,7,80,False,0,car,0 days 00:00:21.407000,0 days 01:58:24.816000,1276.0397222222223,33.0
2023-10-22 19:59:27.449,10611,246,7,0,True,0,car,0 days 00:00:21.807000,0 days 01:58:25.216000,1303.3730555555555,33.0
2023-10-22 19:59:27.609,10921,241,7,8,False,0,car,0 days 00:00:21.967000,0 days 01:58:25.376000,1314.0841666666668,33.0
2023-10-22 19:59:27.849,10828,231,6,28,False,0,car,0 days 00:00:22.207000,0 days 01:58:25.616000,1329.4841666666669,33.0
2023-10-22 19:59:28.129,10634,223,6,51,False,0,car,0 days 00:00:22.487000,0 days 01:58:25.896000,1346.828611111111,33.0
2023-10-22 19:59:28.490,10749,224,6,75,False,0,car,0 days 00:00:22.848000,0 days 01:58:26.257000,1369.2908333333332,33.0
2023-10-22 19:59:28.690,10843,227,6,82,False,0,car,0 days 00:00:23.048000,0 days 01:58:26.457000,1381.9019444444443,33.0
2023-10-22 19:59:28.850,10458,230,6,59,False,0,car,0 days 00:00:23.208000,0 days 01:58:26.617000,1392.1241666666665,33.0
2023-10-22 19:59:29.130,10610,227,6,34,False,0,car,0 days 00:00:23.488000,0 days 01:58:26.897000,1409.779722222222,33.0
2023-10-22 19:59:29.330,10670,224,6,43,False,0,car,0 days 00:00:23.688000,0 days 01:58:27.097000,1422.2241666666664,33.0
2023-10-22 19:59:29.610,10234,223,6,28,False,0,car,0 days 00:00:23.968000,0 days 01:58:27.377000,1439.5686111111108,33.0
2023-10-22 19:59:29.850,10308,217,6,53,False,0,car,0 days 00:00:24.208000,0 days 01:58:27.617000,1454.0352777777773,33.0
2023-10-22 19:59:30.289,10194,217,6,41,False,0,car,0 days 00:00:24.647000,0 days 01:58:28.056000,1480.4972222222218,33.0
2023-10-22 19:59:30.489,10207,215,6,0,False,0,car,0 days 00:00:24.847000,0 days 01:58:28.256000,1492.4416666666664,33.0
2023-10-22 19:59:30.649,9733,216,6,0,False,0,car,0 days 00:00:25.007000,0 days 01:58:28.416000,1502.0416666666663,33.0
2023-10-22 19:59:30.809,9971,212,6,32,False,0,car,0 days 00:00:25.167000,0 days 01:58:28.576000,1511.4638888888885,33.0
2023-10-22 19:59:31.129,9765,206,6,58,False,0,car,0 days 00:00:25.487000,0 days 01:58:28.896000,1529.7749999999994,33.0
2023-10-22 19:59:31.449,9758,205,6,50,False,0,car,0 days 00:00:25.807000,0 days 01:58:29.216000,1547.9972222222216,33.0
2023-10-22 19:59:31.649,9809,205,6,57,False,0,car,0 days 00:00:26.007000,0 days 01:58:29.416000,1559.3861111111107,33.0
2023-10-22 19:59:31.929,10065,207,6,75,False,0,car,0 days 00:00:26.287000,0 days 01:58:29.696000,1575.4861111111106,33.0
2023-10-22 19:59:32.289,10098,212,6,100,False,0,car,0 days 00:00:26.647000,0 days 01:58:30.056000,1596.6861111111107,33.0
2023-10-22 19:59:32.449,10183,214,6,100,False,0,car,0 days 00:00:26.807000,0 days 01:58:30.216000,1606.1972222222219,33.0
2023-10-22 19:59:32.809,9433,219,6,8,True,0,car,0 days 00:00:27.167000,0 days 01:58:30.576000,1628.097222222222,33.0
2023-10-22 19:59:32.969,9981,211,6,7,True,0,car,0 days 00:00:27.327000,0 days 01:58:30.736000,1637.4749999999997,33.0
2023-10-22 19:59:33.129,10641,204,6,3,True,0,car,0 days 00:00:27.487000,0 days 01:58:30.896000,1646.541666666666,33.0
2023-10-22 19:59:33.409,10134,194,5,2,True,0,car,0 days 00:00:27.767000,0 days 01:58:31.176000,1661.630555555555,33.0
2023-10-22 19:59:33.689,9750,185,5,4,False,0,car,0 days 00:00:28.047000,0 days 01:58:31.456000,1676.019444444444,33.0
2023-10-22 19:59:33.929,9511,181,5,0,False,0,car,0 days 00:00:28.287000,0 days 01:58:31.696000,1688.0861111111105,33.0
2023-10-22 19:59:34.129,9450,174,5,13,False,0,car,0 days 00:00:28.487000,0 days 01:58:31.896000,1697.7527777777773,33.0
2023-10-22 19:59:34.409,9671,174,5,49,False,0,car,0 days 00:00:28.767000,0 days 01:58:32.176000,1711.2861111111106,33.0
2023-10-22 19:59:34.769,9586,177,5,68,False,0,car,0 days 00:00:29.127000,0 days 01:58:32.536000,1728.9861111111106,33.0
2023-10-22 19:59:35.050,10103,183,5,78,False,0,car,0 days 00:00:29.408000,0 days 01:58:32.817000,1743.2702777777774,33.0
2023-10-22 19:59:35.490,10223,193,5,26,False,0,car,0 days 00:00:29.848000,0 days 01:58:33.257000,1766.8591666666662,33.0
2023-10-22 19:59:35.890,10719,183,5,0,True,0,car,0 days 00:00:30.248000,0 days 01:58:33.657000,1787.1924999999997,33.0
2023-10-22 19:59:36.250,10158,163,4,1,True,0,car,0 days 00:00:30.608000,0 days 01:58:34.017000,1803.4924999999996,33.0
2023-10-22 19:59:36.530,9353,155,4,0,True,0,car,0 days 00:00:30.888000,0 days 01:58:34.297000,1815.5480555555553,33.0
2023-10-22 19:59:36.850,8975,144,4,0,True,0,car,0 days 00:00:31.208000,0 days 01:58:34.617000,1828.3480555555552,33.0
2023-10-22 19:59:37.129,8440,137,4,0,True,0,car,0 days 00:00:31.487000,0 days 01:58:34.896000,1838.9655555555553,33.0
2023-10-22 19:59:37.329,8172,133,4,0,True,0,car,0 days 00:00:31.687000,0 days 01:58:35.096000,1846.3544444444442,33.0
2023-10-22 19:59:37.489,7858,131,4,0,False,0,car,0 days 00:00:31.847000,0 days 01:58:35.256000,1852.1766666666665,33.0
2023-10-22 19:59:37.649,7727,127,4,0,False,0,car,0 days 00:00:32.007000,0 days 01:58:35.416000,1857.821111111111,33.0
2023-10-22 19:59:37.929,8042,123,4,36,False,0,car,0 days 00:00:32.287000,0 days 01:58:35.696000,1867.3877777777775,33.0
2023-10-22 19:59:38.209,8055,124,4,41,False,0,car,0 days 00:00:32.567000,0 days 01:58:35.976000,1877.032222222222,33.0
2023-10-22 19:59:38.489,8336,128,4,58,False,0,car,0 days 00:00:32.847000,0 days 01:58:36.256000,1886.9877777777774,33.0
2023-10-22 19:59:38.729,8553,135,4,67,False,0,car,0 days 00:00:33.087000,0 days 01:58:36.496000,1895.9877777777774,33.0
2023-10-22 19:59:39.169,9723,150,4,74,False,0,car,0 days 00:00:33.527000,0 days 01:58:36.936000,1914.3211111111107,33.0
2023-10-22 19:59:39.369,9948,154,4,53,False,0,car,0 days 00:00:33.727000,0 days 01:58:37.136000,1922.876666666666,33.0
2023-10-22 19:59:39.689,9742,155,4,49,False,0,car,0 days 00:00:34.047000,0 days 01:58:37.456000,1936.654444444444,33.0
2023-10-22 19:59:39.929,10291,159,4,52,False,0,car,0 days 00:00:34.287000,0 days 01:58:37.696000,1947.254444444444,33.0
2023-10-22 19:59:40.129,10657,161,4,63,False,0,car,0 days 00:00:34.487000,0 days 01:58:37.896000,1956.1988888888886,33.0
2023-10-22 19:59:40.529,11151,172,4,100,False,0,car,0 days 00:00:34.887000,0 days 01:58:38.296000,1975.3099999999997,33.0
2023-10-22 19:59:40.729,11430,179,4,99,False,0,car,0 days 00:00:35.087000,0 days 01:58:38.496000,1985.2544444444443,33.0
2023-10-22 19:59:40.969,11954,187,4,100,False,0,car,0 days 00:00:35.327000,0 days 01:58:38.736000,1997.7211111111108,33.0
2023-10-22 19:59:41.369,10822,197,4,99,False,0,car,0 days 00:00:35.727000,0 days 01:58:39.136000,2019.6099999999997,33.0
2023-10-22 19:59:41.650,11597,208,5,100,False,0,car,0 days 00:00:36.008000,0 days 01:58:39.417000,2035.8455555555556,33.0
2023-10-22 19:59:42.050,11000,218,5,100,False,0,car,0 days 00:00:36.408000,0 days 01:58:39.817000,2060.067777777778,33.0
2023-10-22 19:59:42.250,10626,221,5,100,False,0,car,0 days 00:00:36.608000,0 days 01:58:40.017000,2072.345555555555,33.0
2023-10-22 19:59:42.410,10880,227,6,100,False,0,car,0 days 00:00:36.768000,0 days 01:58:40.177000,2082.434444444444,33.0
2023-10-22 19:59:42.610,11120,232,6,100,False,0,car,0 days 00:00:36.968000,0 days 01:58:40.377000,2095.3233333333333,33.0
2023-10-22 19:59:42.770,11300,236,6,99,False,0,car,0 days 00:00:37.128000,0 days 01:58:40.537000,2105.812222222222,33.0
2023-10-22 19:59:43.010,11454,241,6,100,False,0,car,0 days 00:00:37.368000,0 days 01:58:40.777000,2121.8788888888885,33.0
2023-10-22 19:59:43.250,11079,244,6,99,False,0,car,0 days 00:00:37.608000,0 days 01:58:41.017000,2138.145555555555,33.0
2023-10-22 19:59:43.450,10311,249,7,99,False,0,car,0 days 00:00:37.808000,0 days 01:58:41.217000,2151.9788888888884,33.0
2023-10-22 19:59:43.929,10702,257,7,99,False,0,car,0 days 00:00:38.287000,0 days 01:58:41.696000,2186.174166666666,33.0
2023-10-22 19:59:44.129,10832,260,7,99,False,0,car,0 days 00:00:38.487000,0 days 01:58:41.896000,2200.618611111111,33.0
2023-10-22 19:59:44.409,10992,263,7,99,False,0,car,0 days 00:00:38.767000,0 days 01:58:42.176000,2221.0741666666668,33.0
2023-10-22 19:59:44.569,11121,266,7,100,False,0,car,0 days 00:00:38.927000,0 days 01:58:42.336000,2232.896388888889,33.0
2023-10-22 19:59:44.769,11220,269,7,99,False,0,car,0 days 00:00:39.127000,0 days 01:58:42.536000,2247.8408333333336,33.0
2023-10-22 19:59:44.969,11275,273,7,99,False,0,car,0 days 00:00:39.327000,0 days 01:58:42.736000,2263.0075,33.0
2023-10-22 19:59:45.289,11470,276,7,99,False,0,car,0 days 00:00:39.647000,0 days 01:58:43.056000,2287.5408333333335,33.0
2023-10-22 19:59:45.489,11204,278,7,100,False,0,car,0 days 00:00:39.847000,0 days 01:58:43.256000,2302.9852777777783,33.0
2023-10-22 19:59:45.649,10355,279,7,99,False,0,car,0 days 00:00:40.007000,0 days 01:58:43.416000,2315.385277777778,33.0
2023-10-22 19:59:45.849,10372,282,8,99,False,0,car,0 days 00:00:40.207000,0 days 01:58:43.616000,2331.051944444445,33.0
2023-10-22 19:59:46.049,10468,284,8,99,False,0,car,0 days 00:00:40.407000,0 days 01:58:43.816000,2346.8297222222222,33.0
2023-10-22 19:59:46.369,10849,285,8,0,False,0,car,0 days 00:00:40.727000,0 days 01:58:44.136000,2372.1630555555557,33.0
2023-10-22 19:59:46.809,9840,274,8,0,True,0,car,0 days 00:00:41.167000,0 days 01:58:44.576000,2405.651944444445,33.0
2023-10-22 19:59:47.209,9936,230,8,0,True,0,car,0 days 00:00:41.567000,0 days 01:58:44.976000,2431.2075000000004,33.0
2023-10-22 19:59:47.649,9581,180,7,0,True,0,car,0 days 00:00:42.007000,0 days 01:58:45.416000,2453.2075000000004,33.0
2023-10-22 19:59:47.809,8788,180,5,0,True,0,car,0 days 00:00:42.167000,0 days 01:58:45.576000,2461.2075000000004,33.0
2023-10-22 19:59:48.250,9488,135,4,0,True,0,car,0 days 00:00:42.608000,0 days 01:58:46.017000,2477.7450000000003,33.0
2023-10-22 19:59:48.530,8169,118,3,0,True,0,car,0 days 00:00:42.888000,0 days 01:58:46.297000,2486.9227777777783,33.0
2023-10-22 19:59:48.770,7608,108,3,0,True,0,car,0 days 00:00:43.128000,0 days 01:58:46.537000,2494.1227777777785,33.0
2023-10-22 19:59:48.970,6732,99,3,0,True,0,car,0 days 00:00:43.328000,0 days 01:58:46.737000,2499.6227777777785,33.0
2023-10-22 19:59:49.290,6086,91,3,0,True,0,car,0 days 00:00:43.648000,0 days 01:58:47.057000,2507.7116666666675,33.0
2023-10-22 19:59:49.570,5690,83,3,0,True,0,car,0 days 00:00:43.928000,0 days 01:58:47.337000,2514.167222222223,33.0
2023-10-22 19:59:49.930,5351,77,3,0,False,0,car,0 days 00:00:44.288000,0 days 01:58:47.697000,2521.8672222222226,33.0
2023-10-22 19:59:50.170,5018,74,3,0,True,0,car,0 days 00:00:44.528000,0 days 01:58:47.937000,2526.800555555556,33.0
2023-10-22 19:59:50.370,5002,73,3,0,True,0,car,0 days 00:00:44.728000,0 days 01:58:48.137000,2530.8561111111117,33.0
2023-10-22 19:59:50.729,4738,66,3,1,False,0,car,0 days 00:00:45.087000,0 days 01:58:48.496000,2537.437777777778,33.0
2023-10-22 19:59:51.009,5026,65,3,10,False,0,car,0 days 00:00:45.367000,0 days 01:58:48.776000,2542.493333333334,33.0
2023-10-22 19:59:51.249,5379,68,3,18,False,0,car,0 days 00:00:45.607000,0 days 01:58:49.016000,2547.026666666667,33.0
2023-10-22 19:59:51.529,5613,72,3,22,False,0,car,0 days 00:00:45.887000,0 days 01:58:49.296000,2552.626666666667,33.0
2023-10-22 19:59:51.929,5686,79,3,36,False,0,car,0 days 00:00:46.287000,0 days 01:58:49.696000,2561.404444444445,33.0
2023-10-22 19:59:52.129,6860,84,3,40,False,0,car,0 days 00:00:46.487000,0 days 01:58:49.896000,2566.0711111111113,33.0
2023-10-22 19:59:52.289,7190,87,3,45,False,0,car,0 days 00:00:46.647000,0 days 01:58:50.056000,2569.937777777778,33.0
2023-10-22 19:59:52.449,7380,92,3,44,False,0,car,0 days 00:00:46.807000,0 days 01:58:50.216000,2574.026666666667,33.0
2023-10-22 19:59:52.809,8285,102,3,65,False,0,car,0 days 00:00:47.167000,0 days 01:58:50.576000,2584.226666666667,33.0
2023-10-22 19:59:53.009,8743,111,3,71,False,0,car,0 days 00:00:47.367000,0 days 01:58:50.776000,2590.3933333333334,33.0
2023-10-22 19:59:53.409,10280,124,3,87,False,0,car,0 days 00:00:47.767000,0 days 01:58:51.176000,2604.1711111111113,33.0
2023-10-22 19:59:53.569,10721,139,3,96,False,0,car,0 days 00:00:47.927000,0 days 01:58:51.336000,2610.3488888888887,33.0
2023-10-22 19:59:53.729,11203,150,3,100,False,0,car,0 days 00:00:48.087000,0 days 01:58:51.496000,2617.0155555555557,33.0
2023-10-22 19:59:53.889,10503,150,3,99,False,0,car,0 days 00:00:48.247000,0 days 01:58:51.656000,2623.682222222222,33.0
2023-10-22 19:59:54.249,11066,172,4,100,False,0,car,0 days 00:00:48.607000,0 days 01:58:52.016000,2640.882222222222,33.0
2023-10-22 19:59:54.449,11501,181,4,100,False,0,car,0 days 00:00:48.807000,0 days 01:58:52.216000,2650.9377777777777,33.0
2023-10-22 19:59:54.810,10716,193,5,100,False,0,car,0 days 00:00:49.168000,0 days 01:58:52.577000,2670.291388888889,33.0
2023-10-22 19:59:55.050,11115,203,5,100,False,0,car,0 days 00:00:49.408000,0 days 01:58:52.817000,2683.824722222222,33.0
2023-10-22 19:59:55.210,11406,207,5,100,False,0,car,0 days 00:00:49.568000,0 days 01:58:52.977000,2693.024722222222,33.0
2023-10-22 19:59:55.370,11266,213,5,100,False,0,car,0 days 00:00:49.728000,0 days 01:58:53.137000,2702.4913888888887,33.0
2023-10-22 19:59:55.530,10371,218,5,100,False,0,car,0 days 00:00:49.888000,0 days 01:58:53.297000,2712.1802777777775,33.0
2023-10-22 19:59:55.770,10690,223,6,100,False,0,car,0 days 00:00:50.128000,0 days 01:58:53.537000,2727.0469444444443,33.0
2023-10-22 19:59:56.010,10892,229,6,100,False,0,car,0 days 00:00:50.368000,0 days 01:58:53.777000,2742.313611111111,33.0
2023-10-22 19:59:56.170,11117,233,6,100,False,0,car,0 days 00:00:50.528000,0 days 01:58:53.937000,2752.6691666666666,33.0
2023-10-22 19:59:56.330,11285,237,6,100,False,0,car,0 days 00:00:50.688000,0 days 01:58:54.097000,2763.2025000000003,33.0
2023-10-22 19:59:56.690,11572,243,6,100,False,0,car,0 days 00:00:51.048000,0 days 01:58:54.457000,2787.5025000000005,33.0
2023-10-22 19:59:57.130,10431,251,6,100,False,0,car,0 days 00:00:51.488000,0 days 01:58:54.897000,2818.180277777778,33.0
2023-10-22 19:59:57.329,10583,254,7,100,False,0,car,0 days 00:00:51.687000,0 days 01:58:55.096000,2832.2208333333333,33.0
2023-10-22 19:59:57.489,10712,256,7,100,False,0,car,0 days 00:00:51.847000,0 days 01:58:55.256000,2843.5986111111115,33.0
2023-10-22 19:59:57.929,10912,264,7,100,False,0,car,0 days 00:00:52.287000,0 days 01:58:55.696000,2875.865277777778,33.0
2023-10-22 19:59:58.129,11057,266,7,100,False,0,car,0 days 00:00:52.487000,0 days 01:58:55.896000,2890.6430555555557,33.0
2023-10-22 19:59:58.369,11170,268,7,100,False,0,car,0 days 00:00:52.727000,0 days 01:58:56.136000,2908.509722222222,33.0
2023-10-22 19:59:58.529,11199,269,7,100,False,0,car,0 days 00:00:52.887000,0 days 01:58:56.296000,2920.465277777778,33.0
2023-10-22 19:59:58.769,11280,271,7,100,False,0,car,0 days 00:00:53.127000,0 days 01:58:56.536000,2938.5319444444444,33.0
2023-10-22 19:59:59.009,11391,273,7,100,False,0,car,0 days 00:00:53.367000,0 days 01:58:56.776000,2956.7319444444443,33.0
2023-10-22 19:59:59.289,11396,274,7,100,False,0,car,0 days 00:00:53.647000,0 days 01:58:57.056000,2978.0430555555554,33.0
2023-10-22 19:59:59.609,10387,277,7,100,False,0,car,0 days 00:00:53.967000,0 days 01:58:57.376000,3002.6652777777776,33.0
2023-10-22 20:00:00.009,10275,280,8,100,False,0,car,0 days 00:00:54.367000,0 days 01:58:57.776000,3033.7763888888885,33.0
2023-10-22 20:00:00.289,10375,281,8,100,False,0,car,0 days 00:00:54.647000,0 days 01:58:58.056000,3055.6319444444443,33.0
2023-10-22 20:00:00.489,10407,283,8,100,False,0,car,0 days 00:00:54.847000,0 days 01:58:58.256000,3071.354166666667,33.0
2023-10-22 20:00:00.809,10503,284,8,100,False,0,car,0 days 00:00:55.167000,0 days 01:58:58.576000,3096.5986111111115,33.0
2023-10-22 20:00:00.969,10577,286,8,100,False,0,car,0 days 00:00:55.327000,0 days 01:58:58.736000,3109.3097222222223,33.0
2023-10-22 20:00:01.490,10661,289,8,100,False,0,car,0 days 00:00:55.848000,0 days 01:58:59.257000,3151.1344444444444,33.0
2023-10-22 20:00:01.730,10713,291,8,100,False,0,car,0 days 00:00:56.088000,0 days 01:58:59.497000,3170.5344444444445,33.0
2023-10-22 20:00:02.010,10747,291,8,100,False,0,car,0 days 00:00:56.368000,0 days 01:58:59.777000,3193.1677777777777,33.0
2023-10-22 20:00:02.250,10793,293,8,100,False,0,car,0 days 00:00:56.608000,0 days 01:59:00.017000,3212.7011111111105,33.0
2023-10-22 20:00:02.570,10841,294,8,100,False,0,car,0 days 00:00:56.928000,0 days 01:59:00.337000,3238.8344444444438,33.0
2023-10-22 20:00:02.770,10812,295,8,100,False,0,car,0 days 00:00:57.128000,0 days 01:59:00.537000,3255.223333333333,33.0
2023-10-22 20:00:03.050,10840,294,8,100,False,0,car,0 days 00:00:57.408000,0 days 01:59:00.817000,3278.0899999999997,33.0
2023-10-22 20:00:03.330,10876,296,8,100,False,0,car,0 days 00:00:57.688000,0 days 01:59:01.097000,3301.112222222222,33.0
2023-10-22 20:00:03.530,10876,297,8,100,False,0,car,0 days 00:00:57.888000,0 days 01:59:01.297000,3317.6122222222216,33.0
2023-10-22 20:00:03.770,10967,297,8,100,False,0,car,0 days 00:00:58.128000,0 days 01:59:01.537000,3337.4122222222218,33.0
2023-10-22 20:00:04.169,10996,298,8,100,False,0,car,0 days 00:00:58.527000,0 days 01:59:01.936000,3370.440555555555,33.0
2023-10-22 20:00:04.529,10996,298,8,100,False,0,car,0 days 00:00:58.887000,0 days 01:59:02.296000,3400.2405555555547,33.0
2023-10-22 20:00:04.729,11019,299,8,100,False,0,car,0 days 00:00:59.087000,0 days 01:59:02.496000,3416.851666666666,33.0
2023-10-22 20:00:04.889,10987,298,8,100,False,0,car,0 days 00:00:59.247000,0 days 01:59:02.656000,3430.09611111111,33.0
2023-10-22 20:00:05.089,11000,298,8,100,False,0,car,0 days 00:00:59.447000,0 days 01:59:02.856000,3446.6516666666657,33.0
2023-10-22 20:00:05.249,10996,299,8,100,False,0,car,0 days 00:00:59.607000,0 days 01:59:03.016000,3459.9405555555545,33.0
2023-10-22 20:00:05.449,11029,300,8,100,False,0,car,0 days 00:00:59.807000,0 days 01:59:03.216000,3476.6072222222215,33.0
2023-10-22 20:00:05.729,11050,300,8,100,False,0,car,0 days 00:01:00.087000,0 days 01:59:03.496000,3499.940555555555,33.0
2023-10-22 20:00:06.049,11025,299,8,100,False,0,car,0 days 00:01:00.407000,0 days 01:59:03.816000,3526.518333333332,33.0
2023-10-22 20:00:06.289,11029,300,8,100,False,0,car,0 days 00:01:00.647000,0 days 01:59:04.056000,3546.518333333332,33.0
2023-10-22 20:00:06.649,11000,297,8,0,False,0,car,0 days 00:01:01.007000,0 days 01:59:04.416000,3576.218333333332,33.0
2023-10-22 20:00:06.889,10466,291,8,0,True,0,car,0 days 00:01:01.247000,0 days 01:59:04.656000,3595.618333333332,33.0
2023-10-22 20:00:07.169,9328,259,8,0,True,0,car,0 days 00:01:01.527000,0 days 01:59:04.936000,3615.7627777777766,33.0
2023-10-22 20:00:07.329,9912,234,8,0,True,0,car,0 days 00:01:01.687000,0 days 01:59:05.096000,3626.1627777777762,33.0
2023-10-22 20:00:07.529,9912,211,8,0,True,0,car,0 days 00:01:01.887000,0 days 01:59:05.296000,3637.8849999999984,33.0
2023-10-22 20:00:07.810,9256,188,8,0,True,0,car,0 days 00:01:02.168000,0 days 01:59:05.577000,3652.5594444444428,33.0
2023-10-22 20:00:08.090,8626,159,5,0,True,0,car,0 days 00:01:02.448000,0 days 01:59:05.857000,3664.9261111111095,33.0
2023-10-22 20:00:08.250,8723,143,5,0,True,0,car,0 days 00:01:02.608000,0 days 01:59:06.017000,3671.281666666665,33.0
2023-10-22 20:00:08.530,8898,126,4,0,True,0,car,0 days 00:01:02.888000,0 days 01:59:06.297000,3681.081666666665,33.0
2023-10-22 20:00:08.890,7897,113,3,0,True,0,car,0 days 00:01:03.248000,0 days 01:59:06.657000,3692.3816666666653,33.0
2023-10-22 20:00:09.050,7897,108,3,0,True,0,car,0 days 00:01:03.408000,0 days 01:59:06.817000,3697.1816666666655,33.0
2023-10-22 20:00:09.330,7274,100,3,0,True,0,car,0 days 00:01:03.688000,0 days 01:59:07.097000,3704.9594444444433,33.0
2023-10-22 20:00:09.530,6630,94,3,0,True,0,car,0 days 00:01:03.888000,0 days 01:59:07.297000,3710.1816666666655,33.0
2023-10-22 20:00:09.690,6378,92,3,0,True,0,car,0 days 00:01:04.048000,0 days 01:59:07.457000,3714.2705555555544,33.0
2023-10-22 20:00:10.090,6048,87,3,0,False,0,car,0 days 00:01:04.448000,0 days 01:59:07.857000,3723.937222222221,33.0
2023-10-22 20:00:10.370,6414,86,3,12,False,0,car,0 days 00:01:04.728000,0 days 01:59:08.137000,3730.62611111111,33.0
2023-10-22 20:00:10.649,6596,84,3,28,False,0,car,0 days 00:01:05.007000,0 days 01:59:08.416000,3737.13611111111,33.0
2023-10-22 20:00:10.849,6397,87,3,32,False,0,car,0 days 00:01:05.207000,0 days 01:59:08.616000,3741.969444444443,33.0
2023-10-22 20:00:11.169,7409,95,3,48,False,0,car,0 days 00:01:05.527000,0 days 01:59:08.936000,3750.413888888888,33.0
2023-10-22 20:00:11.329,7719,101,3,54,False,0,car,0 days 00:01:05.687000,0 days 01:59:09.096000,3754.9027777777765,33.0
2023-10-22 20:00:11.569,8380,108,3,58,False,0,car,0 days 00:01:05.927000,0 days 01:59:09.336000,3762.1027777777767,33.0
2023-10-22 20:00:11.729,9003,115,3,69,False,0,car,0 days 00:01:06.087000,0 days 01:59:09.496000,3767.2138888888876,33.0
2023-10-22 20:00:11.889,9229,119,3,83,False,0,car,0 days 00:01:06.247000,0 days 01:59:09.656000,3772.5027777777764,33.0
2023-10-22 20:00:12.209,10317,135,3,98,False,0,car,0 days 00:01:06.567000,0 days 01:59:09.976000,3784.502777777776,33.0
2023-10-22 20:00:12.369,10946,140,3,100,False,0,car,0 days 00:01:06.727000,0 days 01:59:10.136000,3790.7249999999985,33.0
2023-10-22 20:00:12.769,10388,164,3,100,False,0,car,0 days 00:01:07.127000,0 days 01:59:10.536000,3808.9472222222203,33.0
2023-10-22 20:00:13.049,11113,176,4,100,False,0,car,0 days 00:01:07.407000,0 days 01:59:10.816000,3822.636111111109,33.0
2023-10-22 20:00:13.289,11238,180,4,100,False,0,car,0 days 00:01:07.647000,0 days 01:59:11.056000,3834.6361111111096,33.0
2023-10-22 20:00:13.489,10331,189,4,100,False,0,car,0 days 00:01:07.847000,0 days 01:59:11.256000,3845.136111111109,33.0
2023-10-22 20:00:13.849,11017,196,5,0,True,0,car,0 days 00:01:08.207000,0 days 01:59:11.616000,3864.736111111109,33.0
2023-10-22 20:00:14.169,10531,176,5,0,True,0,car,0 days 00:01:08.527000,0 days 01:59:11.936000,3880.3805555555537,33.0
2023-10-22 20:00:14.490,10750,153,4,0,True,0,car,0 days 00:01:08.848000,0 days 01:59:12.257000,3894.0230555555536,33.0
2023-10-22 20:00:14.810,9153,138,3,0,True,0,car,0 days 00:01:09.168000,0 days 01:59:12.577000,3906.2897222222205,33.0
2023-10-22 20:00:15.170,8265,120,3,0,True,0,car,0 days 00:01:09.528000,0 days 01:59:12.937000,3918.2897222222205,33.0
2023-10-22 20:00:15.450,7974,112,3,0,True,0,car,0 days 00:01:09.808000,0 days 01:59:13.217000,3927.0008333333317,33.0
2023-10-22 20:00:15.690,7392,107,3,0,True,0,car,0 days 00:01:10.048000,0 days 01:59:13.457000,3934.134166666665,33.0
2023-10-22 20:00:15.850,7372,105,3,0,False,0,car,0 days 00:01:10.208000,0 days 01:59:13.617000,3938.8008333333314,33.0
2023-10-22 20:00:16.290,6989,97,3,0,False,0,car,0 days 00:01:10.648000,0 days 01:59:14.057000,3950.656388888887,33.0
2023-10-22 20:00:16.650,6892,93,3,9,False,0,car,0 days 00:01:11.008000,0 days 01:59:14.417000,3959.956388888887,33.0
2023-10-22 20:00:16.810,7061,93,3,21,False,0,car,0 days 00:01:11.168000,0 days 01:59:14.577000,3964.0897222222206,33.0
2023-10-22 20:00:17.010,7086,94,3,30,False,0,car,0 days 00:01:11.368000,0 days 01:59:14.777000,3969.3119444444424,33.0
2023-10-22 20:00:17.370,7638,98,3,34,False,0,car,0 days 00:01:11.728000,0 days 01:59:15.137000,3979.1119444444425,33.0
2023-10-22 20:00:17.729,7951,106,3,42,False,0,car,0 days 00:01:12.087000,0 days 01:59:15.496000,3989.6824999999985,33.0
2023-10-22 20:00:18.169,8925,115,3,54,False,0,car,0 days 00:01:12.527000,0 days 01:59:15.936000,4003.738055555554,33.0
2023-10-22 20:00:18.329,9364,121,3,61,False,0,car,0 days 00:01:12.687000,0 days 01:59:16.096000,4009.115833333332,33.0
2023-10-22 20:00:18.529,9848,129,3,64,False,0,car,0 days 00:01:12.887000,0 days 01:59:16.296000,4016.282499999999,33.0
2023-10-22 20:00:18.809,10401,136,3,74,False,0,car,0 days 00:01:13.167000,0 days 01:59:16.576000,4026.860277777777,33.0
2023-10-22 20:00:19.049,11280,147,3,84,False,0,car,0 days 00:01:13.407000,0 days 01:59:16.816000,4036.6602777777766,33.0
2023-10-22 20:00:19.209,11459,151,3,100,False,0,car,0 days 00:01:13.567000,0 days 01:59:16.976000,4043.3713888888874,33.0
2023-10-22 20:00:19.649,10719,169,4,100,False,0,car,0 days 00:01:14.007000,0 days 01:59:17.416000,4064.0269444444434,33.0
2023-10-22 20:00:19.849,11128,175,4,99,False,0,car,0 days 00:01:14.207000,0 days 01:59:17.616000,4073.749166666665,33.0
2023-10-22 20:00:20.249,10225,187,4,100,False,0,car,0 days 00:01:14.607000,0 days 01:59:18.016000,4094.5269444444434,33.0
2023-10-22 20:00:20.409,10508,190,5,100,False,0,car,0 days 00:01:14.767000,0 days 01:59:18.176000,4102.971388888887,33.0
2023-10-22 20:00:20.569,10118,193,5,0,True,0,car,0 days 00:01:14.927000,0 days 01:59:18.336000,4111.549166666666,33.0
2023-10-22 20:00:20.769,9913,182,5,0,True,0,car,0 days 00:01:15.127000,0 days 01:59:18.536000,4121.660277777776,33.0
2023-10-22 20:00:21.010,9624,171,5,0,True,0,car,0 days 00:01:15.368000,0 days 01:59:18.777000,4133.107777777776,33.0
2023-10-22 20:00:21.250,9361,155,4,0,True,0,car,0 days 00:01:15.608000,0 days 01:59:19.017000,4143.44111111111,33.0
2023-10-22 20:00:21.490,9961,146,4,0,True,0,car,0 days 00:01:15.848000,0 days 01:59:19.257000,4153.174444444444,33.0
2023-10-22 20:00:21.690,9428,137,3,0,True,0,car,0 days 00:01:16.048000,0 days 01:59:19.457000,4160.785555555555,33.0
2023-10-22 20:00:21.890,8855,129,3,0,True,0,car,0 days 00:01:16.248000,0 days 01:59:19.657000,4167.952222222222,33.0
2023-10-22 20:00:22.090,8309,122,3,0,True,0,car,0 days 00:01:16.448000,0 days 01:59:19.857000,4174.73,33.0
2023-10-22 20:00:22.530,7539,107,3,0,True,0,car,0 days 00:01:16.888000,0 days 01:59:20.297000,4187.807777777778,33.0
2023-10-22 20:00:22.770,8319,101,3,0,True,0,car,0 days 00:01:17.128000,0 days 01:59:20.537000,4194.541111111112,33.0
2023-10-22 20:00:22.930,7982,95,2,0,True,0,car,0 days 00:01:17.288000,0 days 01:59:20.697000,4198.763333333333,33.0
2023-10-22 20:00:23.130,7609,90,2,0,True,0,car,0 days 00:01:17.488000,0 days 01:59:20.897000,4203.763333333333,33.0
2023-10-22 20:00:23.410,6834,87,2,0,True,0,car,0 days 00:01:17.768000,0 days 01:59:21.177000,4210.53,33.0
2023-10-22 20:00:23.770,6665,80,2,0,False,0,car,0 days 00:01:18.128000,0 days 01:59:21.537000,4218.53,33.0
2023-10-22 20:00:24.010,6758,79,2,9,False,0,car,0 days 00:01:18.368000,0 days 01:59:21.777000,4223.796666666666,33.0
2023-10-22 20:00:24.249,6878,78,2,9,False,0,car,0 days 00:01:18.607000,0 days 01:59:22.016000,4228.974999999999,33.0
2023-10-22 20:00:24.409,6928,77,2,25,False,0,car,0 days 00:01:18.767000,0 days 01:59:22.176000,4232.397222222222,33.0
2023-10-22 20:00:24.609,7183,77,2,38,False,0,car,0 days 00:01:18.967000,0 days 01:59:22.376000,4236.675,33.0
2023-10-22 20:00:24.809,7877,83,2,41,False,0,car,0 days 00:01:19.167000,0 days 01:59:22.576000,4241.2861111111115,33.0
2023-10-22 20:00:24.969,7914,86,2,44,False,0,car,0 days 00:01:19.327000,0 days 01:59:22.736000,4245.108333333334,33.0
2023-10-22 20:00:25.249,8999,97,2,51,False,0,car,0 days 00:01:19.607000,0 days 01:59:23.016000,4252.652777777778,33.0
2023-10-22 20:00:25.649,8557,107,2,63,False,0,car,0 days 00:01:20.007000,0 days 01:59:23.416000,4264.541666666667,33.0
2023-10-22 20:00:25.889,9112,117,3,68,False,0,car,0 days 00:01:20.247000,0 days 01:59:23.656000,4272.341666666667,33.0
2023-10-22 20:00:26.089,9750,126,3,81,False,0,car,0 days 00:01:20.447000,0 days 01:59:23.856000,4279.341666666667,33.0
2023-10-22 20:00:26.329,10727,140,3,94,False,0,car,0 days 00:01:20.687000,0 days 01:59:24.096000,4288.675,33.0
2023-10-22 20:00:26.609,11410,152,3,99,False,0,car,0 days 00:01:20.967000,0 days 01:59:24.376000,4300.497222222222,33.0
2023-10-22 20:00:26.769,11410,160,3,99,False,0,car,0 days 00:01:21.127000,0 days 01:59:24.536000,4307.608333333334,33.0
2023-10-22 20:00:27.049,10993,173,4,100,False,0,car,0 days 00:01:21.407000,0 days 01:59:24.816000,4321.063888888889,33.0
2023-10-22 20:00:27.449,11157,188,4,100,False,0,car,0 days 00:01:21.807000,0 days 01:59:25.216000,4341.9527777777785,33.0
2023-10-22 20:00:27.930,11138,205,5,100,False,0,car,0 days 00:01:22.288000,0 days 01:59:25.697000,4369.343055555556,33.0
2023-10-22 20:00:28.130,11360,209,5,100,False,0,car,0 days 00:01:22.488000,0 days 01:59:25.897000,4380.954166666667,33.0
2023-10-22 20:00:28.330,11689,213,5,100,False,0,car,0 days 00:01:22.688000,0 days 01:59:26.097000,4392.787500000001,33.0
2023-10-22 20:00:28.730,10627,221,6,100,False,0,car,0 days 00:01:23.088000,0 days 01:59:26.497000,4417.343055555556,33.0
2023-10-22 20:00:29.130,10906,229,6,100,False,0,car,0 days 00:01:23.488000,0 days 01:59:26.897000,4442.787500000001,33.0
2023-10-22 20:00:29.290,10951,230,6,100,False,0,car,0 days 00:01:23.648000,0 days 01:59:27.057000,4453.009722222223,33.0
2023-10-22 20:00:29.570,10999,231,6,100,False,0,car,0 days 00:01:23.928000,0 days 01:59:27.337000,4470.97638888889,33.0
2023-10-22 20:00:29.770,11076,233,6,100,False,0,car,0 days 00:01:24.128000,0 days 01:59:27.537000,4483.9208333333345,33.0
2023-10-22 20:00:30.050,11174,235,6,100,False,0,car,0 days 00:01:24.408000,0 days 01:59:27.817000,4502.198611111113,33.0
2023-10-22 20:00:30.250,11187,236,6,100,False,0,car,0 days 00:01:24.608000,0 days 01:59:28.017000,4515.309722222224,33.0
2023-10-22 20:00:30.610,11305,237,6,99,False,0,car,0 days 00:01:24.968000,0 days 01:59:28.377000,4539.009722222224,33.0
2023-10-22 20:00:30.810,11361,239,6,100,False,0,car,0 days 00:01:25.168000,0 days 01:59:28.577000,4552.287500000002,33.0
2023-10-22 20:00:31.169,11384,240,6,100,False,0,car,0 days 00:01:25.527000,0 days 01:59:28.936000,4576.220833333336,33.0
2023-10-22 20:00:31.489,11478,242,6,100,False,0,car,0 days 00:01:25.847000,0 days 01:59:29.256000,4597.7319444444465,33.0
2023-10-22 20:00:31.769,11551,243,6,100,False,0,car,0 days 00:01:26.127000,0 days 01:59:29.536000,4616.631944444446,33.0
2023-10-22 20:00:32.129,10263,246,6,100,False,0,car,0 days 00:01:26.487000,0 days 01:59:29.896000,4641.2319444444465,33.0
2023-10-22 20:00:32.289,10303,246,7,100,False,0,car,0 days 00:01:26.647000,0 days 01:59:30.056000,4652.165277777781,33.0
2023-10-22 20:00:32.489,10335,248,7,100,False,0,car,0 days 00:01:26.847000,0 days 01:59:30.256000,4665.943055555558,33.0
2023-10-22 20:00:32.929,10454,251,7,100,False,0,car,0 days 00:01:27.287000,0 days 01:59:30.696000,4696.620833333337,33.0
2023-10-22 20:00:33.129,10527,252,7,100,False,0,car,0 days 00:01:27.487000,0 days 01:59:30.896000,4710.620833333336,33.0
2023-10-22 20:00:33.569,10591,254,7,100,False,0,car,0 days 00:01:27.927000,0 days 01:59:31.336000,4741.665277777782,33.0
2023-10-22 20:00:33.729,10615,255,7,100,False,0,car,0 days 00:01:28.087000,0 days 01:59:31.496000,4752.998611111115,33.0
2023-10-22 20:00:34.049,10789,257,7,100,False,0,car,0 days 00:01:28.407000,0 days 01:59:31.816000,4775.843055555559,33.0
2023-10-22 20:00:34.370,10743,259,7,100,False,0,car,0 days 00:01:28.728000,0 days 01:59:32.137000,4798.9372222222255,33.0
2023-10-22 20:00:34.530,10832,260,7,99,False,0,car,0 days 00:01:28.888000,0 days 01:59:32.297000,4810.492777777782,33.0
2023-10-22 20:00:34.890,10915,263,7,99,False,0,car,0 days 00:01:29.248000,0 days 01:59:32.657000,4836.792777777782,33.0
2023-10-22 20:00:35.210,10983,264,7,100,False,0,car,0 days 00:01:29.568000,0 days 01:59:32.977000,4860.2594444444485,33.0
2023-10-22 20:00:35.370,11190,264,7,7,True,0,car,0 days 00:01:29.728000,0 days 01:59:33.137000,4871.992777777781,33.0
2023-10-22 20:00:35.570,10350,250,7,0,True,0,car,0 days 00:01:29.928000,0 days 01:59:33.337000,4885.88166666667,33.0
2023-10-22 20:00:35.850,11059,228,7,0,True,0,car,0 days 00:01:30.208000,0 days 01:59:33.617000,4903.615000000003,33.0
2023-10-22 20:00:36.210,10219,217,6,0,True,0,car,0 days 00:01:30.568000,0 days 01:59:33.977000,4925.315000000003,33.0
2023-10-22 20:00:36.450,10708,200,5,0,True,0,car,0 days 00:01:30.808000,0 days 01:59:34.217000,4938.648333333337,33.0
2023-10-22 20:00:36.650,10259,194,5,0,True,0,car,0 days 00:01:31.008000,0 days 01:59:34.417000,4949.426111111115,33.0
2023-10-22 20:00:36.890,10009,189,5,8,False,0,car,0 days 00:01:31.248000,0 days 01:59:34.657000,4962.026111111115,33.0
2023-10-22 20:00:37.250,9923,182,5,43,False,0,car,0 days 00:01:31.608000,0 days 01:59:35.017000,4980.226111111115,33.0
2023-10-22 20:00:37.490,10254,182,5,62,False,0,car,0 days 00:01:31.848000,0 days 01:59:35.257000,4992.359444444448,33.0
2023-10-22 20:00:37.689,10299,186,5,88,False,0,car,0 days 00:01:32.047000,0 days 01:59:35.456000,5002.641111111115,33.0
2023-10-22 20:00:37.929,10772,196,5,100,False,0,car,0 days 00:01:32.287000,0 days 01:59:35.696000,5015.707777777782,33.0
2023-10-22 20:00:38.289,11277,204,5,100,False,0,car,0 days 00:01:32.647000,0 days 01:59:36.056000,5036.107777777782,33.0
2023-10-22 20:00:38.609,11716,212,5,100,False,0,car,0 days 00:01:32.967000,0 days 01:59:36.376000,5054.952222222226,33.0
2023-10-22 20:00:38.889,10736,222,6,100,False,0,car,0 days 00:01:33.247000,0 days 01:59:36.656000,5072.218888888892,33.0
2023-10-22 20:00:39.249,10757,227,6,99,False,0,car,0 days 00:01:33.607000,0 days 01:59:37.016000,5094.918888888892,33.0
2023-10-22 20:00:39.489,10954,230,6,100,False,0,car,0 days 00:01:33.847000,0 days 01:59:37.256000,5110.252222222225,33.0
2023-10-22 20:00:39.649,11005,233,6,100,False,0,car,0 days 00:01:34.007000,0 days 01:59:37.416000,5120.607777777781,33.0
2023-10-22 20:00:39.809,11152,233,6,100,False,0,car,0 days 00:01:34.167000,0 days 01:59:37.576000,5130.963333333336,33.0
2023-10-22 20:00:39.969,11216,237,6,100,False,0,car,0 days 00:01:34.327000,0 days 01:59:37.736000,5141.496666666669,33.0
2023-10-22 20:00:40.329,10923,234,6,0,True,0,car,0 days 00:01:34.687000,0 days 01:59:38.096000,5164.896666666668,33.0
2023-10-22 20:00:40.730,10484,190,6,0,True,0,car,0 days 00:01:35.088000,0 days 01:59:38.497000,5186.060555555557,33.0
2023-10-22 20:00:40.970,10351,172,6,0,True,0,car,0 days 00:01:35.328000,0 days 01:59:38.737000,5197.527222222224,33.0
2023-10-22 20:00:41.170,10801,164,4,0,True,0,car,0 days 00:01:35.528000,0 days 01:59:38.937000,5206.638333333335,33.0
2023-10-22 20:00:41.370,10007,141,3,0,True,0,car,0 days 00:01:35.728000,0 days 01:59:39.137000,5214.471666666668,33.0
2023-10-22 20:00:41.610,9154,135,3,0,True,0,car,0 days 00:01:35.968000,0 days 01:59:39.377000,5223.471666666668,33.0
2023-10-22 20:00:41.810,8198,120,3,0,True,0,car,0 days 00:01:36.168000,0 days 01:59:39.577000,5230.138333333335,33.0
2023-10-22 20:00:42.010,7630,113,3,0,True,0,car,0 days 00:01:36.368000,0 days 01:59:39.777000,5236.4161111111125,33.0
2023-10-22 20:00:42.210,7185,106,3,0,True,0,car,0 days 00:01:36.568000,0 days 01:59:39.977000,5242.305000000001,33.0
2023-10-22 20:00:42.530,6670,99,3,0,True,0,car,0 days 00:01:36.888000,0 days 01:59:40.297000,5251.105000000001,33.0
2023-10-22 20:00:42.690,6477,93,3,0,False,0,car,0 days 00:01:37.048000,0 days 01:59:40.457000,5255.238333333335,33.0
2023-10-22 20:00:42.930,6274,90,3,1,False,0,car,0 days 00:01:37.288000,0 days 01:59:40.697000,5261.238333333335,33.0
2023-10-22 20:00:43.290,6510,87,3,27,False,0,car,0 days 00:01:37.648000,0 days 01:59:41.057000,5269.938333333334,33.0
2023-10-22 20:00:43.610,7005,89,3,35,False,0,car,0 days 00:01:37.968000,0 days 01:59:41.377000,5277.849444444446,33.0
2023-10-22 20:00:43.770,6942,93,3,38,False,0,car,0 days 00:01:38.128000,0 days 01:59:41.537000,5281.982777777779,33.0
2023-10-22 20:00:43.970,7384,96,3,44,False,0,car,0 days 00:01:38.328000,0 days 01:59:41.737000,5287.316111111112,33.0
2023-10-22 20:00:44.130,7673,100,3,47,False,0,car,0 days 00:01:38.488000,0 days 01:59:41.897000,5291.7605555555565,33.0
2023-10-22 20:00:44.489,8585,109,3,60,False,0,car,0 days 00:01:38.847000,0 days 01:59:42.256000,5302.630277777778,33.0
2023-10-22 20:00:44.809,9376,120,3,70,False,0,car,0 days 00:01:39.167000,0 days 01:59:42.576000,5313.296944444445,33.0
2023-10-22 20:00:45.169,10505,138,3,86,False,0,car,0 days 00:01:39.527000,0 days 01:59:42.936000,5327.096944444445,33.0
2023-10-22 20:00:45.409,11236,141,3,100,False,0,car,0 days 00:01:39.767000,0 days 01:59:43.176000,5336.496944444445,33.0
2023-10-22 20:00:45.809,11021,164,3,100,False,0,car,0 days 00:01:40.167000,0 days 01:59:43.576000,5354.719166666668,33.0
2023-10-22 20:00:45.969,11155,170,4,100,False,0,car,0 days 00:01:40.327000,0 days 01:59:43.736000,5362.274722222223,33.0
2023-10-22 20:00:46.249,11271,185,4,100,False,0,car,0 days 00:01:40.607000,0 days 01:59:44.016000,5376.663611111112,33.0
2023-10-22 20:00:46.649,10777,198,5,100,False,0,car,0 days 00:01:41.007000,0 days 01:59:44.416000,5398.663611111112,33.0
2023-10-22 20:00:46.809,11088,198,5,100,False,0,car,0 days 00:01:41.167000,0 days 01:59:44.576000,5407.463611111112,33.0
2023-10-22 20:00:47.089,11241,210,5,100,False,0,car,0 days 00:01:41.447000,0 days 01:59:44.856000,5423.796944444445,33.0
2023-10-22 20:00:47.450,10518,219,5,100,False,0,car,0 days 00:00:00.247000,0 days 01:59:45.217000,15.025833333333331,34.0
2023-10-22 20:00:47.650,10754,225,6,100,False,0,car,0 days 00:00:00.447000,0 days 01:59:45.417000,27.52583333333333,34.0
2023-10-22 20:00:47.850,10907,230,6,100,False,0,car,0 days 00:00:00.647000,0 days 01:59:45.617000,40.30361111111111,34.0
2023-10-22 20:00:48.010,11156,230,6,100,False,0,car,0 days 00:00:00.807000,0 days 01:59:45.777000,50.52583333333333,34.0
2023-10-22 20:00:48.330,11437,240,6,99,False,0,car,0 days 00:00:01.127000,0 days 01:59:46.097000,71.85916666666667,34.0
2023-10-22 20:00:48.730,10451,247,6,100,False,0,car,0 days 00:00:01.527000,0 days 01:59:46.497000,99.30361111111111,34.0
2023-10-22 20:00:48.890,10435,249,6,99,False,0,car,0 days 00:00:01.687000,0 days 01:59:46.657000,110.37027777777779,34.0
2023-10-22 20:00:49.330,10676,256,7,100,False,0,car,0 days 00:00:02.127000,0 days 01:59:47.097000,141.65916666666666,34.0
2023-10-22 20:00:49.490,10787,256,7,99,False,0,car,0 days 00:00:02.287000,0 days 01:59:47.257000,153.03694444444446,34.0
2023-10-22 20:00:49.810,10875,261,7,100,False,0,car,0 days 00:00:02.607000,0 days 01:59:47.577000,176.23694444444448,34.0
2023-10-22 20:00:50.130,11082,266,7,99,False,0,car,0 days 00:00:02.927000,0 days 01:59:47.897000,199.88138888888892,34.0
2023-10-22 20:00:50.370,11135,268,7,100,False,0,car,0 days 00:00:03.167000,0 days 01:59:48.137000,217.74805555555557,34.0
2023-10-22 20:00:50.610,11243,270,7,100,False,0,car,0 days 00:00:03.407000,0 days 01:59:48.377000,235.7480555555556,34.0
2023-10-22 20:00:50.930,11718,274,7,100,False,0,car,0 days 00:00:03.727000,0 days 01:59:48.697000,260.10361111111115,34.0
2023-10-22 20:00:51.129,11455,275,7,100,False,0,car,0 days 00:00:03.926000,0 days 01:59:48.896000,275.30500000000006,34.0
2023-10-22 20:00:51.329,11498,277,7,100,False,0,car,0 days 00:00:04.126000,0 days 01:59:49.096000,290.693888888889,34.0
2023-10-22 20:00:51.569,11546,279,7,100,False,0,car,0 days 00:00:04.366000,0 days 01:59:49.336000,309.29388888888894,34.0
2023-10-22 20:00:52.049,11698,282,7,100,False,0,car,0 days 00:00:04.846000,0 days 01:59:49.816000,346.89388888888897,34.0
2023-10-22 20:00:52.209,11418,283,7,100,False,0,car,0 days 00:00:05.006000,0 days 01:59:49.976000,359.47166666666675,34.0
2023-10-22 20:00:52.489,10538,284,8,100,False,0,car,0 days 00:00:05.286000,0 days 01:59:50.256000,381.5605555555556,34.0
2023-10-22 20:00:52.849,10431,285,8,100,False,0,car,0 days 00:00:05.646000,0 days 01:59:50.616000,410.06055555555565,34.0
2023-10-22 20:00:53.209,10492,287,8,100,False,0,car,0 days 00:00:06.006000,0 days 01:59:50.976000,438.7605555555557,34.0
2023-10-22 20:00:53.369,10525,286,8,100,False,0,car,0 days 00:00:06.166000,0 days 01:59:51.136000,451.4716666666668,34.0
2023-10-22 20:00:53.649,10456,285,8,78,False,0,car,0 days 00:00:06.446000,0 days 01:59:51.416000,473.63833333333343,34.0
2023-10-22 20:00:53.970,10118,277,8,0,False,0,car,0 days 00:00:06.767000,0 days 01:59:51.737000,498.33750000000015,34.0
2023-10-22 20:00:54.170,10118,269,8,0,True,0,car,0 days 00:00:06.967000,0 days 01:59:51.937000,513.2819444444445,34.0
2023-10-22 20:00:54.490,9529,231,8,0,True,0,car,0 days 00:00:07.287000,0 days 01:59:52.257000,533.8152777777779,34.0
2023-10-22 20:00:54.730,9324,199,8,0,True,0,car,0 days 00:00:07.527000,0 days 01:59:52.497000,547.0819444444445,34.0
2023-10-22 20:00:55.090,8982,199,6,0,True,0,car,0 days 00:00:07.887000,0 days 01:59:52.857000,566.9819444444445,34.0
2023-10-22 20:00:55.250,9052,152,5,0,True,0,car,0 days 00:00:08.047000,0 days 01:59:53.017000,573.7375000000001,34.0
2023-10-22 20:00:55.450,9406,139,4,0,True,0,car,0 days 00:00:08.247000,0 days 01:59:53.217000,581.4597222222222,34.0
2023-10-22 20:00:55.650,8886,133,4,0,True,0,car,0 days 00:00:08.447000,0 days 01:59:53.417000,588.8486111111112,34.0
2023-10-22 20:00:55.930,8056,114,3,0,True,0,car,0 days 00:00:08.727000,0 days 01:59:53.697000,597.7152777777778,34.0
2023-10-22 20:00:56.170,7590,108,3,0,True,0,car,0 days 00:00:08.967000,0 days 01:59:53.937000,604.9152777777779,34.0
2023-10-22 20:00:56.530,6759,100,3,0,True,0,car,0 days 00:00:09.327000,0 days 01:59:54.297000,614.9152777777779,34.0
2023-10-22 20:00:56.810,6447,93,3,0,True,0,car,0 days 00:00:09.607000,0 days 01:59:54.577000,622.1486111111112,34.0
2023-10-22 20:00:57.170,6101,87,3,0,False,0,car,0 days 00:00:09.967000,0 days 01:59:54.937000,630.8486111111113,34.0
2023-10-22 20:00:57.330,5996,85,3,0,False,0,car,0 days 00:00:10.127000,0 days 01:59:55.097000,634.6263888888891,34.0
2023-10-22 20:00:57.809,5573,79,3,0,False,0,car,0 days 00:00:10.606000,0 days 01:59:55.576000,645.137777777778,34.0
2023-10-22 20:00:57.969,5719,77,3,3,False,0,car,0 days 00:00:10.766000,0 days 01:59:55.736000,648.5600000000002,34.0
2023-10-22 20:00:58.169,5504,76,3,14,False,0,car,0 days 00:00:10.966000,0 days 01:59:55.936000,652.7822222222223,34.0
2023-10-22 20:00:58.529,6124,81,3,34,False,0,car,0 days 00:00:11.326000,0 days 01:59:56.296000,660.8822222222224,34.0
2023-10-22 20:00:58.769,6446,85,3,39,False,0,car,0 days 00:00:11.566000,0 days 01:59:56.536000,666.548888888889,34.0
2023-10-22 20:00:59.049,7092,92,3,43,False,0,car,0 days 00:00:11.846000,0 days 01:59:56.816000,673.7044444444446,34.0
2023-10-22 20:00:59.209,7670,96,3,44,False,0,car,0 days 00:00:12.006000,0 days 01:59:56.976000,677.9711111111112,34.0
2023-10-22 20:00:59.449,8157,101,3,51,False,0,car,0 days 00:00:12.246000,0 days 01:59:57.216000,684.7044444444446,34.0
2023-10-22 20:00:59.769,8811,115,3,59,False,0,car,0 days 00:00:12.566000,0 days 01:59:57.536000,694.9266666666668,34.0
2023-10-22 20:00:59.969,9510,122,3,62,False,0,car,0 days 00:00:12.766000,0 days 01:59:57.736000,701.7044444444446,34.0
2023-10-22 20:01:00.209,10347,130,3,75,False,0,car,0 days 00:00:13.006000,0 days 01:59:57.976000,710.3711111111112,34.0
2023-10-22 20:01:00.410,10940,134,3,85,False,0,car,0 days 00:00:13.207000,0 days 01:59:58.177000,717.8527777777779,34.0
2023-10-22 20:01:00.610,11034,144,3,99,False,0,car,0 days 00:00:13.407000,0 days 01:59:58.377000,725.8527777777779,34.0
2023-10-22 20:01:00.850,10416,164,4,99,False,0,car,0 days 00:00:13.647000,0 days 01:59:58.617000,736.7861111111113,34.0
2023-10-22 20:01:01.050,10907,173,4,99,False,0,car,0 days 00:00:13.847000,0 days 01:59:58.817000,746.3972222222224,34.0
2023-10-22 20:01:01.290,11289,182,4,99,False,0,car,0 days 00:00:14.087000,0 days 01:59:59.057000,758.5305555555557,34.0
2023-10-22 20:01:01.450,10352,190,4,99,False,0,car,0 days 00:00:14.247000,0 days 01:59:59.217000,766.9750000000001,34.0
2023-10-22 20:01:01.770,10947,202,5,100,False,0,car,0 days 00:00:14.567000,0 days 01:59:59.537000,784.9305555555557,34.0
2023-10-22 20:01:02.130,11166,214,5,98,False,0,car,0 days 00:00:14.927000,0 days 01:59:59.897000,806.3305555555556,34.0
2023-10-22 20:01:02.490,10961,220,6,99,False,0,car,0 days 00:00:15.287000,0 days 02:00:00.257000,828.3305555555557,34.0
2023-10-22 20:01:02.730,10768,229,6,100,False,0,car,0 days 00:00:15.527000,0 days 02:00:00.497000,843.5972222222223,34.0
2023-10-22 20:01:02.890,11027,231,6,100,False,0,car,0 days 00:00:15.687000,0 days 02:00:00.657000,853.8638888888889,34.0
2023-10-22 20:01:03.130,11306,237,6,100,False,0,car,0 days 00:00:15.927000,0 days 02:00:00.897000,869.663888888889,34.0
2023-10-22 20:01:03.410,11462,241,6,99,False,0,car,0 days 00:00:16.207000,0 days 02:00:01.177000,888.4083333333335,34.0
2023-10-22 20:01:04.250,10545,252,7,100,False,0,car,0 days 00:00:17.047000,0 days 02:00:02.017000,947.2083333333335,34.0
2023-10-22 20:01:04.490,10658,255,7,100,False,0,car,0 days 00:00:17.287000,0 days 02:00:02.257000,964.2083333333334,34.0
2023-10-22 20:01:04.769,10658,258,7,100,False,0,car,0 days 00:00:17.566000,0 days 02:00:02.536000,984.2033333333334,34.0
2023-10-22 20:01:05.169,10952,264,7,100,False,0,car,0 days 00:00:17.966000,0 days 02:00:02.936000,1013.5366666666669,34.0
2023-10-22 20:01:05.369,11024,265,7,100,False,0,car,0 days 00:00:18.166000,0 days 02:00:03.136000,1028.258888888889,34.0
2023-10-22 20:01:05.649,11191,270,7,99,False,0,car,0 days 00:00:18.446000,0 days 02:00:03.416000,1049.258888888889,34.0
2023-10-22 20:01:06.009,11384,273,7,100,False,0,car,0 days 00:00:18.806000,0 days 02:00:03.776000,1076.558888888889,34.0
2023-10-22 20:01:06.249,11370,275,7,99,False,0,car,0 days 00:00:19.046000,0 days 02:00:04.016000,1094.8922222222222,34.0
2023-10-22 20:01:06.489,11435,275,7,99,False,0,car,0 days 00:00:19.286000,0 days 02:00:04.256000,1113.2255555555557,34.0
2023-10-22 20:01:06.889,11367,275,7,99,False,0,car,0 days 00:00:19.686000,0 days 02:00:04.656000,1143.7811111111112,34.0
2023-10-22 20:01:07.290,11439,274,7,99,False,0,car,0 days 00:00:20.087000,0 days 02:00:05.057000,1174.3016666666667,34.0
2023-10-22 20:01:07.570,11395,274,7,99,False,0,car,0 days 00:00:20.367000,0 days 02:00:05.337000,1195.6127777777779,34.0
2023-10-22 20:01:07.810,11249,276,7,15,False,0,car,0 days 00:00:20.607000,0 days 02:00:05.577000,1214.0127777777777,34.0
2023-10-22 20:01:07.970,11000,276,7,27,False,0,car,0 days 00:00:20.767000,0 days 02:00:05.737000,1226.2794444444444,34.0
2023-10-22 20:01:08.210,10703,262,7,45,False,0,car,0 days 00:00:21.007000,0 days 02:00:05.977000,1243.746111111111,34.0
2023-10-22 20:01:08.410,10722,258,7,59,False,0,car,0 days 00:00:21.207000,0 days 02:00:06.177000,1258.0794444444443,34.0
2023-10-22 20:01:08.650,10581,254,7,73,False,0,car,0 days 00:00:21.447000,0 days 02:00:06.417000,1275.0127777777775,34.0
2023-10-22 20:01:08.810,10305,251,7,0,True,0,car,0 days 00:00:21.607000,0 days 02:00:06.577000,1286.168333333333,34.0
2023-10-22 20:01:09.090,11008,241,7,1,True,0,car,0 days 00:00:21.887000,0 days 02:00:06.857000,1304.9127777777776,34.0
2023-10-22 20:01:09.410,10679,233,6,8,False,0,car,0 days 00:00:22.207000,0 days 02:00:07.177000,1325.6238888888888,34.0
2023-10-22 20:01:09.690,10601,224,6,53,False,0,car,0 days 00:00:22.487000,0 days 02:00:07.457000,1343.0461111111108,34.0
2023-10-22 20:01:10.010,10771,224,6,68,False,0,car,0 days 00:00:22.807000,0 days 02:00:07.777000,1362.9572222222218,34.0
2023-10-22 20:01:10.290,10796,225,6,85,False,0,car,0 days 00:00:23.087000,0 days 02:00:08.057000,1380.4572222222218,34.0
2023-10-22 20:01:10.530,10573,228,6,57,False,0,car,0 days 00:00:23.327000,0 days 02:00:08.297000,1395.657222222222,34.0
2023-10-22 20:01:10.810,10432,228,6,12,True,0,car,0 days 00:00:23.607000,0 days 02:00:08.577000,1413.390555555555,34.0
2023-10-22 20:01:10.970,10393,222,6,15,True,0,car,0 days 00:00:23.767000,0 days 02:00:08.737000,1423.2572222222216,34.0
2023-10-22 20:01:11.249,9920,219,6,0,False,0,car,0 days 00:00:24.046000,0 days 02:00:09.016000,1440.2297222222217,34.0
2023-10-22 20:01:11.649,11185,208,5,35,False,0,car,0 days 00:00:24.446000,0 days 02:00:09.416000,1463.340833333333,34.0
2023-10-22 20:01:11.849,11185,207,5,48,False,0,car,0 days 00:00:24.646000,0 days 02:00:09.616000,1474.840833333333,34.0
2023-10-22 20:01:12.009,11108,204,5,43,False,0,car,0 days 00:00:24.806000,0 days 02:00:09.776000,1483.9074999999996,34.0
2023-10-22 20:01:12.169,11202,205,5,63,False,0,car,0 days 00:00:24.966000,0 days 02:00:09.936000,1493.0186111111107,34.0
2023-10-22 20:01:12.329,11179,206,5,64,False,0,car,0 days 00:00:25.126000,0 days 02:00:10.096000,1502.1741666666662,34.0
2023-10-22 20:01:12.529,11388,207,5,71,False,0,car,0 days 00:00:25.326000,0 days 02:00:10.296000,1513.6741666666662,34.0
2023-10-22 20:01:12.729,11388,209,5,71,False,0,car,0 days 00:00:25.526000,0 days 02:00:10.496000,1525.2852777777773,34.0
2023-10-22 20:01:12.969,11241,208,5,29,False,0,car,0 days 00:00:25.766000,0 days 02:00:10.736000,1539.1519444444439,34.0
2023-10-22 20:01:13.129,10821,203,5,34,False,0,car,0 days 00:00:25.926000,0 days 02:00:10.896000,1548.174166666666,34.0
2023-10-22 20:01:13.369,10921,201,5,50,False,0,car,0 days 00:00:26.166000,0 days 02:00:11.136000,1561.574166666666,34.0
2023-10-22 20:01:13.650,10855,200,5,71,False,0,car,0 days 00:00:26.447000,0 days 02:00:11.417000,1577.1852777777772,34.0
2023-10-22 20:01:13.890,11276,204,5,100,False,0,car,0 days 00:00:26.687000,0 days 02:00:11.657000,1590.7852777777773,34.0
2023-10-22 20:01:14.090,11352,206,5,100,False,0,car,0 days 00:00:26.887000,0 days 02:00:11.857000,1602.2297222222217,34.0
2023-10-22 20:01:14.330,11500,212,5,100,False,0,car,0 days 00:00:27.127000,0 days 02:00:12.097000,1616.3630555555549,34.0
2023-10-22 20:01:14.770,10684,202,5,0,True,0,car,0 days 00:00:27.567000,0 days 02:00:12.537000,1641.0519444444437,34.0
2023-10-22 20:01:14.930,10313,196,5,0,True,0,car,0 days 00:00:27.727000,0 days 02:00:12.697000,1649.763055555555,34.0
2023-10-22 20:01:15.290,9844,189,5,4,False,0,car,0 days 00:00:28.087000,0 days 02:00:13.057000,1668.6630555555548,34.0
2023-10-22 20:01:15.730,9459,179,5,25,False,0,car,0 days 00:00:28.527000,0 days 02:00:13.497000,1690.5408333333326,34.0
2023-10-22 20:01:15.930,9794,176,5,43,False,0,car,0 days 00:00:28.727000,0 days 02:00:13.697000,1700.3186111111104,34.0
2023-10-22 20:01:16.170,9829,177,5,55,False,0,car,0 days 00:00:28.967000,0 days 02:00:13.937000,1712.1186111111103,34.0
2023-10-22 20:01:16.410,9992,179,5,67,False,0,car,0 days 00:00:29.207000,0 days 02:00:14.177000,1724.0519444444437,34.0
2023-10-22 20:01:16.730,10214,186,5,74,False,0,car,0 days 00:00:29.527000,0 days 02:00:14.497000,1740.585277777777,34.0
2023-10-22 20:01:16.930,10270,191,5,74,False,0,car,0 days 00:00:29.727000,0 days 02:00:14.697000,1751.1963888888881,34.0
2023-10-22 20:01:17.090,10440,192,5,70,False,0,car,0 days 00:00:29.887000,0 days 02:00:14.857000,1759.7297222222214,34.0
2023-10-22 20:01:17.290,10314,193,5,0,True,0,car,0 days 00:00:30.087000,0 days 02:00:15.057000,1770.4519444444436,34.0
2023-10-22 20:01:17.610,10592,178,5,0,True,0,car,0 days 00:00:30.407000,0 days 02:00:15.377000,1786.274166666666,34.0
2023-10-22 20:01:17.850,9868,163,4,0,True,0,car,0 days 00:00:30.647000,0 days 02:00:15.617000,1797.1408333333325,34.0
2023-10-22 20:01:18.169,9234,153,4,0,True,0,car,0 days 00:00:30.966000,0 days 02:00:15.936000,1810.6983333333326,34.0
2023-10-22 20:01:18.569,8897,143,4,0,True,0,car,0 days 00:00:31.366000,0 days 02:00:16.336000,1826.5872222222215,34.0
2023-10-22 20:01:18.889,8277,138,4,0,False,0,car,0 days 00:00:31.686000,0 days 02:00:16.656000,1838.8538888888882,34.0
2023-10-22 20:01:19.289,7904,132,4,4,False,0,car,0 days 00:00:32.086000,0 days 02:00:17.056000,1853.5205555555547,34.0
2023-10-22 20:01:19.729,8164,128,4,41,False,0,car,0 days 00:00:32.526000,0 days 02:00:17.496000,1869.1649999999993,34.0
2023-10-22 20:01:19.929,8375,130,4,43,False,0,car,0 days 00:00:32.726000,0 days 02:00:17.696000,1876.3872222222215,34.0
2023-10-22 20:01:20.089,8457,130,4,51,False,0,car,0 days 00:00:32.886000,0 days 02:00:17.856000,1882.1649999999993,34.0
2023-10-22 20:01:20.250,8882,132,4,59,False,0,car,0 days 00:00:33.047000,0 days 02:00:18.017000,1888.0683333333325,34.0
2023-10-22 20:01:20.530,9058,141,4,70,False,0,car,0 days 00:00:33.327000,0 days 02:00:18.297000,1899.0349999999992,34.0
2023-10-22 20:01:20.690,9513,146,4,72,False,0,car,0 days 00:00:33.487000,0 days 02:00:18.457000,1905.5238888888882,34.0
2023-10-22 20:01:20.930,9817,154,4,58,False,0,car,0 days 00:00:33.727000,0 days 02:00:18.697000,1915.7905555555546,34.0
2023-10-22 20:01:21.090,9709,155,4,44,False,0,car,0 days 00:00:33.887000,0 days 02:00:18.857000,1922.6794444444438,34.0
2023-10-22 20:01:21.290,9885,157,4,45,False,0,car,0 days 00:00:34.087000,0 days 02:00:19.057000,1931.4016666666662,34.0
2023-10-22 20:01:21.450,10018,158,4,45,False,0,car,0 days 00:00:34.247000,0 days 02:00:19.217000,1938.4238888888883,34.0
2023-10-22 20:01:21.690,10088,158,4,54,False,0,car,0 days 00:00:34.487000,0 days 02:00:19.457000,1948.9572222222218,34.0
2023-10-22 20:01:21.890,10441,162,4,73,False,0,car,0 days 00:00:34.687000,0 days 02:00:19.657000,1957.9572222222216,34.0
2023-10-22 20:01:22.170,11039,167,4,81,False,0,car,0 days 00:00:34.967000,0 days 02:00:19.937000,1970.9461111111107,34.0
2023-10-22 20:01:22.570,11264,180,4,100,False,0,car,0 days 00:00:35.367000,0 days 02:00:20.337000,1990.9461111111107,34.0
2023-10-22 20:01:22.770,10434,187,4,100,False,0,car,0 days 00:00:35.567000,0 days 02:00:20.537000,2001.3349999999998,34.0
2023-10-22 20:01:22.930,10607,187,5,99,False,0,car,0 days 00:00:35.727000,0 days 02:00:20.697000,2009.6461111111107,34.0
2023-10-22 20:01:23.130,10607,187,5,99,False,0,car,0 days 00:00:35.927000,0 days 02:00:20.897000,2020.0349999999999,34.0
2023-10-22 20:01:23.410,11307,187,5,100,False,0,car,0 days 00:00:36.207000,0 days 02:00:21.177000,2034.5794444444443,34.0
2023-10-22 20:01:23.850,10664,223,5,100,False,0,car,0 days 00:00:36.647000,0 days 02:00:21.617000,2061.8349999999996,34.0
2023-10-22 20:01:24.010,10810,226,6,99,False,0,car,0 days 00:00:36.807000,0 days 02:00:21.777000,2071.8794444444443,34.0
2023-10-22 20:01:24.210,11053,230,6,100,False,0,car,0 days 00:00:37.007000,0 days 02:00:21.977000,2084.6572222222217,34.0
2023-10-22 20:01:24.650,11385,241,6,99,False,0,car,0 days 00:00:37.447000,0 days 02:00:22.417000,2114.1127777777774,34.0
2023-10-22 20:01:24.969,11230,247,6,99,False,0,car,0 days 00:00:37.766000,0 days 02:00:22.736000,2135.9997222222214,34.0
2023-10-22 20:01:25.209,10476,249,7,99,False,0,car,0 days 00:00:38.006000,0 days 02:00:22.976000,2152.5997222222218,34.0
2023-10-22 20:01:25.489,10770,256,7,99,False,0,car,0 days 00:00:38.286000,0 days 02:00:23.256000,2172.510833333333,34.0
2023-10-22 20:01:25.849,10897,262,7,99,False,0,car,0 days 00:00:38.646000,0 days 02:00:23.616000,2198.7108333333326,34.0
2023-10-22 20:01:26.049,11008,264,7,99,False,0,car,0 days 00:00:38.846000,0 days 02:00:23.816000,2213.377499999999,34.0
2023-10-22 20:01:26.249,11096,267,7,99,False,0,car,0 days 00:00:39.046000,0 days 02:00:24.016000,2228.2108333333326,34.0
2023-10-22 20:01:26.730,11412,273,7,100,False,0,car,0 days 00:00:39.527000,0 days 02:00:24.497000,2264.686666666666,34.0
2023-10-22 20:01:27.010,10456,277,7,100,False,0,car,0 days 00:00:39.807000,0 days 02:00:24.777000,2286.2311111111107,34.0
2023-10-22 20:01:27.370,10391,281,8,99,False,0,car,0 days 00:00:40.167000,0 days 02:00:25.137000,2314.3311111111107,34.0
2023-10-22 20:01:27.530,10425,283,8,99,False,0,car,0 days 00:00:40.327000,0 days 02:00:25.297000,2326.908888888888,34.0
2023-10-22 20:01:27.890,10459,286,8,61,False,0,car,0 days 00:00:40.687000,0 days 02:00:25.657000,2355.508888888888,34.0
2023-10-22 20:01:28.170,10198,283,8,0,False,0,car,0 days 00:00:40.967000,0 days 02:00:25.937000,2377.5199999999995,34.0
2023-10-22 20:01:28.490,9769,267,8,0,True,0,car,0 days 00:00:41.287000,0 days 02:00:26.257000,2401.253333333333,34.0
2023-10-22 20:01:28.770,9425,231,8,0,True,0,car,0 days 00:00:41.567000,0 days 02:00:26.537000,2419.22,34.0
2023-10-22 20:01:28.930,9647,210,8,0,True,0,car,0 days 00:00:41.727000,0 days 02:00:26.697000,2428.553333333333,34.0
2023-10-22 20:01:29.090,9622,201,6,0,True,0,car,0 days 00:00:41.887000,0 days 02:00:26.857000,2437.486666666666,34.0
2023-10-22 20:01:29.330,9940,174,5,0,True,0,car,0 days 00:00:42.127000,0 days 02:00:27.097000,2449.086666666666,34.0
2023-10-22 20:01:29.570,8747,160,5,0,True,0,car,0 days 00:00:42.367000,0 days 02:00:27.337000,2459.7533333333326,34.0
2023-10-22 20:01:29.770,8735,147,5,0,True,0,car,0 days 00:00:42.567000,0 days 02:00:27.537000,2467.9199999999996,34.0
2023-10-22 20:01:30.170,8906,121,3,0,True,0,car,0 days 00:00:42.967000,0 days 02:00:27.937000,2481.364444444444,34.0
2023-10-22 20:01:30.450,7603,106,3,0,True,0,car,0 days 00:00:43.247000,0 days 02:00:28.217000,2489.6088888888885,34.0
2023-10-22 20:01:30.610,6761,101,3,0,True,0,car,0 days 00:00:43.407000,0 days 02:00:28.377000,2494.097777777777,34.0
2023-10-22 20:01:30.930,6076,87,3,0,True,0,car,0 days 00:00:43.727000,0 days 02:00:28.697000,2501.83111111111,34.0
2023-10-22 20:01:31.250,5507,80,3,0,True,0,car,0 days 00:00:44.047000,0 days 02:00:29.017000,2508.9422222222215,34.0
2023-10-22 20:01:31.410,5300,77,3,0,True,0,car,0 days 00:00:44.207000,0 days 02:00:29.177000,2512.364444444444,34.0
2023-10-22 20:01:31.569,5046,73,3,0,True,0,car,0 days 00:00:44.366000,0 days 02:00:29.336000,2515.588611111111,34.0
2023-10-22 20:01:31.929,4826,67,3,0,False,0,car,0 days 00:00:44.726000,0 days 02:00:29.696000,2522.2886111111106,34.0
2023-10-22 20:01:32.329,4447,63,3,0,False,0,car,0 days 00:00:45.126000,0 days 02:00:30.096000,2529.2886111111106,34.0
2023-10-22 20:01:32.489,4626,62,3,9,False,0,car,0 days 00:00:45.286000,0 days 02:00:30.256000,2532.044166666666,34.0
2023-10-22 20:01:32.769,4898,64,3,18,False,0,car,0 days 00:00:45.566000,0 days 02:00:30.536000,2537.0219444444438,34.0
2023-10-22 20:01:32.929,5370,68,3,23,False,0,car,0 days 00:00:45.726000,0 days 02:00:30.696000,2540.044166666666,34.0
2023-10-22 20:01:33.129,5403,70,3,25,False,0,car,0 days 00:00:45.926000,0 days 02:00:30.896000,2543.9330555555553,34.0
2023-10-22 20:01:33.530,6241,77,3,38,False,0,car,0 days 00:00:46.327000,0 days 02:00:31.297000,2552.5099999999998,34.0
2023-10-22 20:01:33.690,6505,82,3,38,False,0,car,0 days 00:00:46.487000,0 days 02:00:31.457000,2556.1544444444444,34.0
2023-10-22 20:01:34.010,7179,89,3,46,False,0,car,0 days 00:00:46.807000,0 days 02:00:31.777000,2564.0655555555554,34.0
2023-10-22 20:01:34.250,8162,98,3,53,False,0,car,0 days 00:00:47.047000,0 days 02:00:32.017000,2570.5988888888887,34.0
2023-10-22 20:01:34.490,8518,105,3,55,False,0,car,0 days 00:00:47.287000,0 days 02:00:32.257000,2577.5988888888887,34.0
2023-10-22 20:01:34.690,8624,112,3,60,False,0,car,0 days 00:00:47.487000,0 days 02:00:32.457000,2583.821111111111,34.0
2023-10-22 20:01:34.970,9841,123,3,72,False,0,car,0 days 00:00:47.767000,0 days 02:00:32.737000,2593.3877777777775,34.0
2023-10-22 20:01:35.410,11200,143,3,99,False,0,car,0 days 00:00:48.207000,0 days 02:00:33.177000,2610.865555555555,34.0
2023-10-22 20:01:35.650,10735,158,3,100,False,0,car,0 days 00:00:48.447000,0 days 02:00:33.417000,2621.3988888888885,34.0
2023-10-22 20:01:35.970,11001,172,4,100,False,0,car,0 days 00:00:48.767000,0 days 02:00:33.737000,2636.6877777777772,34.0
2023-10-22 20:01:36.170,11508,181,4,100,False,0,car,0 days 00:00:48.967000,0 days 02:00:33.937000,2646.7433333333324,34.0
2023-10-22 20:01:36.370,11099,188,4,100,False,0,car,0 days 00:00:49.167000,0 days 02:00:34.137000,2657.1877777777772,34.0
2023-10-22 20:01:36.530,10705,196,5,100,False,0,car,0 days 00:00:49.327000,0 days 02:00:34.297000,2665.898888888888,34.0
2023-10-22 20:01:36.890,11376,206,5,100,False,0,car,0 days 00:00:49.687000,0 days 02:00:34.657000,2686.498888888888,34.0
2023-10-22 20:01:37.210,10600,215,5,100,False,0,car,0 days 00:00:50.007000,0 days 02:00:34.977000,2705.609999999999,34.0
2023-10-22 20:01:37.450,10568,224,6,100,False,0,car,0 days 00:00:50.247000,0 days 02:00:35.217000,2720.5433333333326,34.0
2023-10-22 20:01:37.730,10877,231,6,100,False,0,car,0 days 00:00:50.527000,0 days 02:00:35.497000,2738.5099999999993,34.0
2023-10-22 20:01:38.010,11259,235,6,100,False,0,car,0 days 00:00:50.807000,0 days 02:00:35.777000,2756.787777777777,34.0
2023-10-22 20:01:38.249,11421,241,6,100,False,0,car,0 days 00:00:51.046000,0 days 02:00:36.016000,2772.787499999999,34.0
2023-10-22 20:01:38.449,11549,241,6,100,False,0,car,0 days 00:00:51.246000,0 days 02:00:36.216000,2786.176388888888,34.0
2023-10-22 20:01:38.689,10370,248,6,100,False,0,car,0 days 00:00:51.486000,0 days 02:00:36.456000,2802.709722222221,34.0
2023-10-22 20:01:38.889,10439,251,7,100,False,0,car,0 days 00:00:51.686000,0 days 02:00:36.656000,2816.654166666666,34.0
2023-10-22 20:01:39.049,10572,252,7,100,False,0,car,0 days 00:00:51.846000,0 days 02:00:36.816000,2827.8541666666656,34.0
2023-10-22 20:01:39.249,10674,257,7,100,False,0,car,0 days 00:00:52.046000,0 days 02:00:37.016000,2842.1319444444434,34.0
2023-10-22 20:01:39.609,10825,260,7,100,False,0,car,0 days 00:00:52.406000,0 days 02:00:37.376000,2868.1319444444434,34.0
2023-10-22 20:01:39.849,10988,264,7,100,False,0,car,0 days 00:00:52.646000,0 days 02:00:37.616000,2885.731944444444,34.0
2023-10-22 20:01:40.090,11071,267,7,100,False,0,car,0 days 00:00:52.887000,0 days 02:00:37.857000,2903.6061111111103,34.0
2023-10-22 20:01:40.330,11249,269,7,100,False,0,car,0 days 00:00:53.127000,0 days 02:00:38.097000,2921.5394444444437,34.0
2023-10-22 20:01:40.610,11153,271,7,100,False,0,car,0 days 00:00:53.407000,0 days 02:00:38.377000,2942.6172222222212,34.0
2023-10-22 20:01:40.970,11401,274,7,100,False,0,car,0 days 00:00:53.767000,0 days 02:00:38.737000,2970.017222222222,34.0
2023-10-22 20:01:41.290,11331,277,7,100,False,0,car,0 days 00:00:54.087000,0 days 02:00:39.057000,2994.639444444444,34.0
2023-10-22 20:01:41.450,10276,278,7,100,False,0,car,0 days 00:00:54.247000,0 days 02:00:39.217000,3006.9949999999994,34.0
2023-10-22 20:01:41.730,10417,280,8,100,False,0,car,0 days 00:00:54.527000,0 days 02:00:39.497000,3028.7727777777773,34.0
2023-10-22 20:01:42.010,10372,281,8,100,False,0,car,0 days 00:00:54.807000,0 days 02:00:39.777000,3050.628333333333,34.0
2023-10-22 20:01:42.210,10416,283,8,100,False,0,car,0 days 00:00:55.007000,0 days 02:00:39.977000,3066.350555555555,34.0
2023-10-22 20:01:42.370,10498,284,8,100,False,0,car,0 days 00:00:55.167000,0 days 02:00:40.137000,3078.9727777777775,34.0
2023-10-22 20:01:42.850,10576,287,8,99,False,0,car,0 days 00:00:55.647000,0 days 02:00:40.617000,3117.239444444444,34.0
2023-10-22 20:01:43.010,10638,288,8,100,False,0,car,0 days 00:00:55.807000,0 days 02:00:40.777000,3130.039444444444,34.0
2023-10-22 20:01:43.250,10679,290,8,100,False,0,car,0 days 00:00:56.047000,0 days 02:00:41.017000,3149.372777777777,34.0
2023-10-22 20:01:43.570,10751,292,8,100,False,0,car,0 days 00:00:56.367000,0 days 02:00:41.337000,3175.328333333333,34.0
2023-10-22 20:01:43.890,10818,294,8,100,False,0,car,0 days 00:00:56.687000,0 days 02:00:41.657000,3201.461666666666,34.0
2023-10-22 20:01:44.050,10830,295,8,100,False,0,car,0 days 00:00:56.847000,0 days 02:00:41.817000,3214.5727777777774,34.0
2023-10-22 20:01:44.370,10943,297,8,100,False,0,car,0 days 00:00:57.167000,0 days 02:00:42.137000,3240.9727777777775,34.0
2023-10-22 20:01:44.610,10943,297,8,100,False,0,car,0 days 00:00:57.407000,0 days 02:00:42.377000,3260.7727777777773,34.0
2023-10-22 20:01:44.770,10950,297,8,100,False,0,car,0 days 00:00:57.567000,0 days 02:00:42.537000,3273.9727777777775,34.0
2023-10-22 20:01:45.089,11001,298,8,100,False,0,car,0 days 00:00:57.886000,0 days 02:00:42.856000,3300.378888888889,34.0
2023-10-22 20:01:45.369,10977,299,8,100,False,0,car,0 days 00:00:58.166000,0 days 02:00:43.136000,3323.634444444444,34.0
2023-10-22 20:01:45.569,11038,300,8,100,False,0,car,0 days 00:00:58.366000,0 days 02:00:43.336000,3340.301111111111,34.0
2023-10-22 20:01:45.769,11044,300,8,100,False,0,car,0 days 00:00:58.566000,0 days 02:00:43.536000,3356.967777777778,34.0
2023-10-22 20:01:46.129,11073,300,8,100,False,0,car,0 days 00:00:58.926000,0 days 02:00:43.896000,3386.967777777778,34.0
2023-10-22 20:01:46.530,11070,302,8,100,False,0,car,0 days 00:00:59.327000,0 days 02:00:44.297000,3420.607222222222,34.0
2023-10-22 20:01:46.730,11070,301,8,100,False,0,car,0 days 00:00:59.527000,0 days 02:00:44.497000,3437.3294444444446,34.0
2023-10-22 20:01:46.890,11091,302,8,100,False,0,car,0 days 00:00:59.687000,0 days 02:00:44.657000,3450.7516666666666,34.0
2023-10-22 20:01:47.370,11104,302,8,100,False,0,car,0 days 00:01:00.167000,0 days 02:00:45.137000,3491.0183333333334,34.0
2023-10-22 20:01:47.530,11137,302,8,100,False,0,car,0 days 00:01:00.327000,0 days 02:00:45.297000,3504.4405555555554,34.0
2023-10-22 20:01:47.850,11141,303,8,100,False,0,car,0 days 00:01:00.647000,0 days 02:00:45.617000,3531.373888888889,34.0
2023-10-22 20:01:48.010,11141,302,8,100,False,0,car,0 days 00:01:00.807000,0 days 02:00:45.777000,3544.7961111111113,34.0
2023-10-22 20:01:48.370,10570,303,8,4,False,0,car,0 days 00:01:01.167000,0 days 02:00:46.137000,3575.096111111111,34.0
2023-10-22 20:01:48.770,9705,267,8,0,True,0,car,0 days 00:01:01.567000,0 days 02:00:46.537000,3604.7627777777775,34.0
2023-10-22 20:01:49.090,9950,229,7,0,True,0,car,0 days 00:01:01.887000,0 days 02:00:46.857000,3625.118333333333,34.0
2023-10-22 20:01:49.410,9640,196,7,0,True,0,car,0 days 00:01:02.207000,0 days 02:00:47.177000,3642.5405555555553,34.0
2023-10-22 20:01:49.810,9223,157,5,0,True,0,car,0 days 00:01:02.607000,0 days 02:00:47.577000,3659.9849999999997,34.0
2023-10-22 20:01:50.050,9589,136,5,0,True,0,car,0 days 00:01:02.847000,0 days 02:00:47.817000,3669.0516666666663,34.0
2023-10-22 20:01:50.210,8928,130,4,0,True,0,car,0 days 00:01:03.007000,0 days 02:00:47.977000,3674.829444444444,34.0
2023-10-22 20:01:50.530,7972,110,3,0,True,0,car,0 days 00:01:03.327000,0 days 02:00:48.297000,3684.607222222222,34.0
2023-10-22 20:01:50.690,7832,108,3,0,True,0,car,0 days 00:01:03.487000,0 days 02:00:48.457000,3689.407222222222,34.0
2023-10-22 20:01:51.010,7038,102,3,0,True,0,car,0 days 00:01:03.807000,0 days 02:00:48.777000,3698.4738888888887,34.0
2023-10-22 20:01:51.410,6275,93,3,0,True,0,car,0 days 00:01:04.207000,0 days 02:00:49.177000,3708.8072222222218,34.0
2023-10-22 20:01:51.610,6269,89,3,0,True,0,car,0 days 00:01:04.407000,0 days 02:00:49.377000,3713.751666666666,34.0
2023-10-22 20:01:51.769,6211,86,3,0,False,0,car,0 days 00:01:04.566000,0 days 02:00:49.536000,3717.5499999999997,34.0
2023-10-22 20:01:51.929,6008,86,3,0,False,0,car,0 days 00:01:04.726000,0 days 02:00:49.696000,3721.372222222222,34.0
2023-10-22 20:01:52.209,6500,84,3,15,False,0,car,0 days 00:01:05.006000,0 days 02:00:49.976000,3727.905555555555,34.0
2023-10-22 20:01:52.449,6352,85,3,29,False,0,car,0 days 00:01:05.246000,0 days 02:00:50.216000,3733.5722222222216,34.0
2023-10-22 20:01:52.649,6977,89,3,41,False,0,car,0 days 00:01:05.446000,0 days 02:00:50.416000,3738.516666666666,34.0
2023-10-22 20:01:52.889,7390,95,3,48,False,0,car,0 days 00:01:05.686000,0 days 02:00:50.656000,3744.8499999999995,34.0
2023-10-22 20:01:53.050,7754,101,3,51,False,0,car,0 days 00:01:05.847000,0 days 02:00:50.817000,3749.3669444444436,34.0
2023-10-22 20:01:53.330,8412,112,3,59,False,0,car,0 days 00:01:06.127000,0 days 02:00:51.097000,3758.078055555555,34.0
2023-10-22 20:01:53.730,9920,129,3,77,False,0,car,0 days 00:01:06.527000,0 days 02:00:51.497000,3772.4113888888883,34.0
2023-10-22 20:01:54.090,11007,139,3,100,False,0,car,0 days 00:01:06.887000,0 days 02:00:51.857000,3786.3113888888884,34.0
2023-10-22 20:01:54.370,10913,159,3,100,False,0,car,0 days 00:01:07.167000,0 days 02:00:52.137000,3798.678055555555,34.0
2023-10-22 20:01:54.730,11148,168,4,100,False,0,car,0 days 00:01:07.527000,0 days 02:00:52.497000,3815.4780555555553,34.0
2023-10-22 20:01:55.170,10221,190,4,100,False,0,car,0 days 00:01:07.967000,0 days 02:00:52.937000,3838.7002777777775,34.0
2023-10-22 20:01:55.530,10790,195,5,0,True,0,car,0 days 00:01:08.327000,0 days 02:00:53.297000,3858.2002777777775,34.0
2023-10-22 20:01:55.770,10034,181,5,0,True,0,car,0 days 00:01:08.567000,0 days 02:00:53.537000,3870.266944444444,34.0
2023-10-22 20:01:56.010,10336,165,5,0,True,0,car,0 days 00:01:08.807000,0 days 02:00:53.777000,3881.2669444444446,34.0
2023-10-22 20:01:56.450,9366,134,3,0,True,0,car,0 days 00:01:09.247000,0 days 02:00:54.217000,3897.6447222222223,34.0
2023-10-22 20:01:56.850,8295,119,3,0,True,0,car,0 days 00:01:09.647000,0 days 02:00:54.617000,3910.866944444445,34.0
2023-10-22 20:01:57.210,7577,109,3,0,True,0,car,0 days 00:01:10.007000,0 days 02:00:54.977000,3921.766944444445,34.0
2023-10-22 20:01:57.410,7326,104,3,0,True,0,car,0 days 00:01:10.207000,0 days 02:00:55.177000,3927.5447222222224,34.0
2023-10-22 20:01:57.770,6874,97,3,0,False,0,car,0 days 00:01:10.567000,0 days 02:00:55.537000,3937.244722222222,34.0
2023-10-22 20:01:57.970,6739,95,3,0,False,0,car,0 days 00:01:10.767000,0 days 02:00:55.737000,3942.5225,34.0
2023-10-22 20:01:58.130,6455,92,3,0,False,0,car,0 days 00:01:10.927000,0 days 02:00:55.897000,3946.611388888889,34.0
2023-10-22 20:01:58.330,6431,91,3,2,False,0,car,0 days 00:01:11.127000,0 days 02:00:56.097000,3951.666944444444,34.0
2023-10-22 20:01:58.529,6706,88,3,20,False,0,car,0 days 00:01:11.326000,0 days 02:00:56.296000,3956.5313888888886,34.0
2023-10-22 20:01:58.809,6854,89,3,27,False,0,car,0 days 00:01:11.606000,0 days 02:00:56.576000,3963.453611111111,34.0
2023-10-22 20:01:59.169,7168,94,3,37,False,0,car,0 days 00:01:11.966000,0 days 02:00:56.936000,3972.853611111111,34.0
2023-10-22 20:01:59.329,7461,99,3,42,False,0,car,0 days 00:01:12.126000,0 days 02:00:57.096000,3977.2536111111112,34.0
2023-10-22 20:01:59.610,8068,103,3,44,False,0,car,0 days 00:01:12.407000,0 days 02:00:57.377000,3985.293333333333,34.0
2023-10-22 20:01:59.890,8392,111,3,49,False,0,car,0 days 00:01:12.687000,0 days 02:00:57.657000,3993.9266666666663,34.0
2023-10-22 20:02:00.090,9137,117,3,60,False,0,car,0 days 00:01:12.887000,0 days 02:00:57.857000,4000.4266666666663,34.0
2023-10-22 20:02:00.250,9705,123,3,67,False,0,car,0 days 00:01:13.047000,0 days 02:00:58.017000,4005.893333333333,34.0
2023-10-22 20:02:00.530,10710,133,3,71,False,0,car,0 days 00:01:13.327000,0 days 02:00:58.297000,4016.2377777777774,34.0
2023-10-22 20:02:00.770,11069,140,3,72,False,0,car,0 days 00:01:13.567000,0 days 02:00:58.537000,4025.5711111111104,34.0
2023-10-22 20:02:01.050,11377,154,3,100,False,0,car,0 days 00:01:13.847000,0 days 02:00:58.817000,4037.548888888888,34.0
2023-10-22 20:02:01.370,10482,164,3,100,False,0,car,0 days 00:01:14.167000,0 days 02:00:59.137000,4052.126666666666,34.0
2023-10-22 20:02:01.530,10569,170,4,99,False,0,car,0 days 00:01:14.327000,0 days 02:00:59.297000,4059.6822222222213,34.0
2023-10-22 20:02:01.770,11214,176,4,100,False,0,car,0 days 00:01:14.567000,0 days 02:00:59.537000,4071.4155555555544,34.0
2023-10-22 20:02:01.970,11189,182,4,100,False,0,car,0 days 00:01:14.767000,0 days 02:00:59.737000,4081.5266666666657,34.0
2023-10-22 20:02:02.130,10172,188,4,99,False,0,car,0 days 00:01:14.927000,0 days 02:00:59.897000,4089.882222222222,34.0
2023-10-22 20:02:02.290,10507,190,5,100,False,0,car,0 days 00:01:15.087000,0 days 02:01:00.057000,4098.326666666666,34.0
2023-10-22 20:02:02.570,10384,185,5,0,True,0,car,0 days 00:01:15.367000,0 days 02:01:00.337000,4112.715555555555,34.0
2023-10-22 20:02:02.730,9519,182,5,0,True,0,car,0 days 00:01:15.527000,0 days 02:01:00.497000,4120.804444444443,34.0
2023-10-22 20:02:02.930,9921,164,5,0,True,0,car,0 days 00:01:15.727000,0 days 02:01:00.697000,4129.915555555554,34.0
2023-10-22 20:02:03.130,9980,159,4,0,True,0,car,0 days 00:01:15.927000,0 days 02:01:00.897000,4138.748888888887,34.0
2023-10-22 20:02:03.370,10115,144,4,0,True,0,car,0 days 00:01:16.167000,0 days 02:01:01.137000,4148.348888888887,34.0
2023-10-22 20:02:03.570,9562,135,3,0,True,0,car,0 days 00:01:16.367000,0 days 02:01:01.337000,4155.848888888887,34.0
2023-10-22 20:02:04.010,8063,118,3,0,True,0,car,0 days 00:01:16.807000,0 days 02:01:01.777000,4170.271111111109,34.0
2023-10-22 20:02:04.250,7815,111,3,0,True,0,car,0 days 00:01:17.047000,0 days 02:01:02.017000,4177.671111111109,34.0
2023-10-22 20:02:04.650,6791,98,3,0,True,0,car,0 days 00:01:17.447000,0 days 02:01:02.417000,4188.559999999998,34.0
2023-10-22 20:02:05.010,6143,89,3,0,True,0,car,0 days 00:01:17.807000,0 days 02:01:02.777000,4197.459999999997,34.0
2023-10-22 20:02:05.249,5921,83,3,0,True,0,car,0 days 00:01:18.046000,0 days 02:01:03.016000,4202.970277777775,34.0
2023-10-22 20:02:05.649,5532,77,3,0,False,0,car,0 days 00:01:18.446000,0 days 02:01:03.416000,4211.52583333333,34.0
2023-10-22 20:02:05.809,5240,77,3,0,False,0,car,0 days 00:01:18.606000,0 days 02:01:03.576000,4214.948055555553,34.0
2023-10-22 20:02:06.009,5518,75,3,7,False,0,car,0 days 00:01:18.806000,0 days 02:01:03.776000,4219.11472222222,34.0
2023-10-22 20:02:06.250,5458,73,3,22,False,0,car,0 days 00:01:19.047000,0 days 02:01:04.017000,4224.001666666664,34.0
2023-10-22 20:02:06.490,5991,78,3,30,False,0,car,0 days 00:01:19.287000,0 days 02:01:04.257000,4229.201666666664,34.0
2023-10-22 20:02:06.650,6063,81,3,38,False,0,car,0 days 00:01:19.447000,0 days 02:01:04.417000,4232.8016666666645,34.0
2023-10-22 20:02:06.850,6428,83,3,40,False,0,car,0 days 00:01:19.647000,0 days 02:01:04.617000,4237.412777777776,34.0
2023-10-22 20:02:07.170,7255,88,3,46,False,0,car,0 days 00:01:19.967000,0 days 02:01:04.937000,4245.234999999998,34.0
2023-10-22 20:02:07.370,7780,101,3,52,False,0,car,0 days 00:01:20.167000,0 days 02:01:05.137000,4250.846111111109,34.0
2023-10-22 20:02:07.610,8444,108,3,61,False,0,car,0 days 00:01:20.407000,0 days 02:01:05.377000,4258.046111111109,34.0
2023-10-22 20:02:07.850,9153,120,3,71,False,0,car,0 days 00:01:20.647000,0 days 02:01:05.617000,4266.046111111109,34.0
2023-10-22 20:02:08.170,10100,134,3,84,False,0,car,0 days 00:01:20.967000,0 days 02:01:05.937000,4277.95722222222,34.0
2023-10-22 20:02:08.370,10735,143,3,100,False,0,car,0 days 00:01:21.167000,0 days 02:01:06.137000,4285.901666666664,34.0
2023-10-22 20:02:08.530,11571,155,3,100,False,0,car,0 days 00:01:21.327000,0 days 02:01:06.297000,4292.790555555553,34.0
2023-10-22 20:02:08.810,10334,158,3,100,False,0,car,0 days 00:01:21.607000,0 days 02:01:06.577000,4305.079444444442,34.0
2023-10-22 20:02:09.050,10813,171,4,100,False,0,car,0 days 00:01:21.847000,0 days 02:01:06.817000,4316.4794444444415,34.0
2023-10-22 20:02:09.290,11399,183,4,100,False,0,car,0 days 00:01:22.087000,0 days 02:01:07.057000,4328.679444444442,34.0
2023-10-22 20:02:09.650,10728,197,5,100,False,0,car,0 days 00:01:22.447000,0 days 02:01:07.417000,4348.379444444442,34.0
2023-10-22 20:02:09.930,11241,205,5,100,False,0,car,0 days 00:01:22.727000,0 days 02:01:07.697000,4364.323888888886,34.0
2023-10-22 20:02:10.170,11501,210,5,100,False,0,car,0 days 00:01:22.967000,0 days 02:01:07.937000,4378.323888888886,34.0
2023-10-22 20:02:10.330,11151,215,5,100,False,0,car,0 days 00:01:23.127000,0 days 02:01:08.097000,4387.879444444442,34.0
2023-10-22 20:02:10.650,10640,221,6,100,False,0,car,0 days 00:01:23.447000,0 days 02:01:08.417000,4407.523888888887,34.0
2023-10-22 20:02:10.850,10744,224,6,100,False,0,car,0 days 00:01:23.647000,0 days 02:01:08.617000,4419.968333333331,34.0
2023-10-22 20:02:11.290,10901,229,6,76,False,0,car,0 days 00:01:24.087000,0 days 02:01:09.057000,4447.9572222222205,34.0
2023-10-22 20:02:11.490,10693,229,6,70,False,0,car,0 days 00:01:24.287000,0 days 02:01:09.257000,4460.679444444443,34.0
2023-10-22 20:02:11.810,9618,230,7,77,False,0,car,0 days 00:01:24.607000,0 days 02:01:09.577000,4481.123888888887,34.0
2023-10-22 20:02:12.009,9773,231,7,87,False,0,car,0 days 00:01:24.806000,0 days 02:01:09.776000,4493.893055555554,34.0
2023-10-22 20:02:12.209,9864,233,7,87,False,0,car,0 days 00:01:25.006000,0 days 02:01:09.976000,4506.837499999999,34.0
2023-10-22 20:02:12.609,9977,236,7,82,False,0,car,0 days 00:01:25.406000,0 days 02:01:10.376000,4533.059722222221,34.0
2023-10-22 20:02:12.770,9908,239,7,90,False,0,car,0 days 00:01:25.567000,0 days 02:01:10.537000,4543.748333333331,34.0
2023-10-22 20:02:12.970,10097,240,7,100,False,0,car,0 days 00:01:25.767000,0 days 02:01:10.737000,4557.081666666665,34.0
2023-10-22 20:02:13.290,10301,243,7,100,False,0,car,0 days 00:01:26.087000,0 days 02:01:11.057000,4578.6816666666655,34.0
2023-10-22 20:02:13.730,10425,249,7,100,False,0,car,0 days 00:01:26.527000,0 days 02:01:11.497000,4609.114999999999,34.0
2023-10-22 20:02:13.970,10486,250,7,100,False,0,car,0 days 00:01:26.767000,0 days 02:01:11.737000,4625.781666666665,34.0
2023-10-22 20:02:14.210,10639,253,7,100,False,0,car,0 days 00:01:27.007000,0 days 02:01:11.977000,4642.648333333333,34.0
2023-10-22 20:02:14.410,10724,255,7,100,False,0,car,0 days 00:01:27.207000,0 days 02:01:12.177000,4656.814999999999,34.0
2023-10-22 20:02:14.730,10846,260,7,100,False,0,car,0 days 00:01:27.527000,0 days 02:01:12.497000,4679.92611111111,34.0
2023-10-22 20:02:15.010,10779,259,7,100,False,0,car,0 days 00:01:27.807000,0 days 02:01:12.777000,4700.070555555554,34.0
2023-10-22 20:02:15.250,11092,262,7,99,False,0,car,0 days 00:01:28.047000,0 days 02:01:13.017000,4717.53722222222,34.0
2023-10-22 20:02:15.570,11041,266,7,100,False,0,car,0 days 00:01:28.367000,0 days 02:01:13.337000,4741.1816666666655,34.0
2023-10-22 20:02:15.770,11184,268,7,100,False,0,car,0 days 00:01:28.567000,0 days 02:01:13.537000,4756.070555555553,34.0
2023-10-22 20:02:15.930,11187,270,7,99,False,0,car,0 days 00:01:28.727000,0 days 02:01:13.697000,4768.070555555554,34.0
2023-10-22 20:02:16.090,11262,269,7,100,False,0,car,0 days 00:01:28.887000,0 days 02:01:13.857000,4780.0261111111095,34.0
2023-10-22 20:02:16.410,11386,273,7,100,False,0,car,0 days 00:01:29.207000,0 days 02:01:14.177000,4804.292777777776,34.0
2023-10-22 20:02:16.610,11466,274,7,100,False,0,car,0 days 00:01:29.407000,0 days 02:01:14.377000,4819.5149999999985,34.0
2023-10-22 20:02:16.810,11522,274,7,99,False,0,car,0 days 00:01:29.607000,0 days 02:01:14.577000,4834.737222222221,34.0
2023-10-22 20:02:17.210,11387,277,7,0,True,0,car,0 days 00:01:30.007000,0 days 02:01:14.977000,4865.514999999999,34.0
2023-10-22 20:02:17.490,10306,250,7,0,True,0,car,0 days 00:01:30.287000,0 days 02:01:15.257000,4884.959444444444,34.0
2023-10-22 20:02:17.650,10928,235,7,0,True,0,car,0 days 00:01:30.447000,0 days 02:01:15.417000,4895.403888888888,34.0
2023-10-22 20:02:17.930,9883,228,6,0,True,0,car,0 days 00:01:30.727000,0 days 02:01:15.697000,4913.137222222222,34.0
2023-10-22 20:02:18.250,10350,200,6,0,True,0,car,0 days 00:01:31.047000,0 days 02:01:16.017000,4930.914999999999,34.0
2023-10-22 20:02:18.450,10313,191,5,0,True,0,car,0 days 00:01:31.247000,0 days 02:01:16.217000,4941.52611111111,34.0
2023-10-22 20:02:18.689,9743,186,5,0,False,0,car,0 days 00:01:31.486000,0 days 02:01:16.456000,4953.874444444444,34.0
2023-10-22 20:02:19.009,9791,181,5,28,False,0,car,0 days 00:01:31.806000,0 days 02:01:16.776000,4969.963333333332,34.0
2023-10-22 20:02:19.209,9658,177,5,47,False,0,car,0 days 00:01:32.006000,0 days 02:01:16.976000,4979.796666666665,34.0
2023-10-22 20:02:19.450,9821,179,5,53,False,0,car,0 days 00:01:32.247000,0 days 02:01:17.217000,4991.779722222221,34.0
2023-10-22 20:02:19.810,9912,186,5,64,False,0,car,0 days 00:01:32.607000,0 days 02:01:17.577000,5010.379722222221,34.0
2023-10-22 20:02:20.090,10913,193,5,87,False,0,car,0 days 00:01:32.887000,0 days 02:01:17.857000,5025.390833333332,34.0
2023-10-22 20:02:20.410,11142,205,5,100,False,0,car,0 days 00:01:33.207000,0 days 02:01:18.177000,5043.613055555554,34.0
2023-10-22 20:02:20.650,10012,211,5,100,False,0,car,0 days 00:01:33.447000,0 days 02:01:18.417000,5057.679722222221,34.0
2023-10-22 20:02:20.850,10259,216,6,100,False,0,car,0 days 00:01:33.647000,0 days 02:01:18.617000,5069.679722222221,34.0
2023-10-22 20:02:21.010,10463,218,6,100,False,0,car,0 days 00:01:33.807000,0 days 02:01:18.777000,5079.36861111111,34.0
2023-10-22 20:02:21.210,10653,224,6,100,False,0,car,0 days 00:01:34.007000,0 days 02:01:18.977000,5091.8130555555545,34.0
2023-10-22 20:02:21.450,10827,229,6,100,False,0,car,0 days 00:01:34.247000,0 days 02:01:19.217000,5107.079722222221,34.0
2023-10-22 20:02:21.650,11026,232,6,100,False,0,car,0 days 00:01:34.447000,0 days 02:01:19.417000,5119.96861111111,34.0
2023-10-22 20:02:21.890,11144,234,6,100,False,0,car,0 days 00:01:34.687000,0 days 02:01:19.657000,5135.568611111109,34.0
2023-10-22 20:02:22.090,11280,237,6,100,False,0,car,0 days 00:01:34.887000,0 days 02:01:19.857000,5148.735277777776,34.0
2023-10-22 20:02:22.250,11281,234,6,91,False,0,car,0 days 00:01:35.047000,0 days 02:01:20.017000,5159.135277777776,34.0
2023-10-22 20:02:22.490,10721,215,6,0,True,0,car,0 days 00:01:35.287000,0 days 02:01:20.257000,5173.46861111111,34.0
2023-10-22 20:02:22.770,10093,185,6,0,True,0,car,0 days 00:01:35.567000,0 days 02:01:20.537000,5187.857499999997,34.0
2023-10-22 20:02:23.210,10209,151,4,0,True,8,car,0 days 00:01:36.007000,0 days 02:01:20.977000,5206.313055555554,34.0
2023-10-22 20:02:23.450,9772,132,3,0,True,8,car,0 days 00:01:36.247000,0 days 02:01:21.217000,5215.113055555554,34.0
2023-10-22 20:02:23.650,8652,127,3,0,True,8,car,0 days 00:01:36.447000,0 days 02:01:21.417000,5222.168611111109,34.0
2023-10-22 20:02:23.850,8006,115,3,0,True,8,car,0 days 00:01:36.647000,0 days 02:01:21.617000,5228.557499999998,34.0
2023-10-22 20:02:24.050,7517,107,3,0,True,8,car,0 days 00:01:36.847000,0 days 02:01:21.817000,5234.501944444442,34.0
2023-10-22 20:02:24.210,7272,107,3,0,True,8,car,0 days 00:01:37.007000,0 days 02:01:21.977000,5239.257499999998,34.0
2023-10-22 20:02:24.370,7118,101,3,0,True,8,car,0 days 00:01:37.167000,0 days 02:01:22.137000,5243.746388888887,34.0
2023-10-22 20:02:24.530,6903,97,3,0,True,8,car,0 days 00:01:37.327000,0 days 02:01:22.297000,5248.057499999998,34.0
2023-10-22 20:02:24.850,6478,93,3,0,False,8,car,0 days 00:01:37.647000,0 days 02:01:22.617000,5256.3241666666645,34.0
2023-10-22 20:02:25.050,6706,89,3,7,False,8,car,0 days 00:01:37.847000,0 days 02:01:22.817000,5261.268611111109,34.0
2023-10-22 20:02:25.250,6734,90,3,16,False,8,car,0 days 00:01:38.047000,0 days 02:01:23.017000,5266.268611111109,34.0
2023-10-22 20:02:25.489,6949,91,3,34,False,8,car,0 days 00:01:38.286000,0 days 02:01:23.256000,5272.309999999998,34.0
2023-10-22 20:02:25.689,7307,92,3,39,False,8,car,0 days 00:01:38.486000,0 days 02:01:23.456000,5277.421111111109,34.0
2023-10-22 20:02:25.930,7552,97,3,42,False,8,car,0 days 00:01:38.727000,0 days 02:01:23.697000,5283.91472222222,34.0
2023-10-22 20:02:26.130,7891,102,3,45,False,8,car,0 days 00:01:38.927000,0 days 02:01:23.897000,5289.581388888887,34.0
2023-10-22 20:02:26.450,8569,114,3,58,False,8,car,0 days 00:01:39.247000,0 days 02:01:24.217000,5299.71472222222,34.0
2023-10-22 20:02:26.730,9629,123,3,65,False,8,car,0 days 00:01:39.527000,0 days 02:01:24.497000,5309.281388888887,34.0
2023-10-22 20:02:26.930,10080,128,3,74,False,8,car,0 days 00:01:39.727000,0 days 02:01:24.697000,5316.392499999998,34.0
2023-10-22 20:02:27.370,11368,151,3,99,False,8,car,0 days 00:01:40.167000,0 days 02:01:25.137000,5334.848055555553,34.0
2023-10-22 20:02:27.530,11136,160,3,100,False,8,car,0 days 00:01:40.327000,0 days 02:01:25.297000,5341.959166666665,34.0
2023-10-22 20:02:27.970,11346,177,4,100,False,14,car,0 days 00:01:40.767000,0 days 02:01:25.737000,5363.592499999998,34.0
2023-10-22 20:02:28.290,11061,189,4,100,False,14,car,0 days 00:01:41.087000,0 days 02:01:26.057000,5380.392499999998,34.0
2023-10-22 20:02:28.650,11188,203,5,100,False,12,car,0 days 00:01:41.447000,0 days 02:01:26.417000,5400.692499999998,34.0
2023-10-22 20:02:28.850,11606,209,5,100,False,12,car,0 days 00:01:41.647000,0 days 02:01:26.617000,5412.30361111111,34.0
2023-10-22 20:02:29.050,10985,215,5,100,False,12,car,0 days 00:01:41.847000,0 days 02:01:26.817000,5424.248055555553,34.0
2023-10-22 20:02:29.290,10619,221,6,100,False,12,car,0 days 00:00:00.197000,0 days 02:01:27.057000,12.09361111111111,35.0
2023-10-22 20:02:29.610,10886,229,6,99,False,12,car,0 days 00:00:00.517000,0 days 02:01:27.377000,32.44916666666666,35.0
2023-10-22 20:02:29.770,11186,234,6,99,False,12,car,0 days 00:00:00.677000,0 days 02:01:27.537000,42.84916666666666,35.0
2023-10-22 20:02:29.970,11380,238,6,100,False,12,car,0 days 00:00:00.877000,0 days 02:01:27.737000,56.07138888888888,35.0
2023-10-22 20:02:30.210,11559,243,6,100,False,12,car,0 days 00:00:01.117000,0 days 02:01:27.977000,72.27138888888888,35.0
2023-10-22 20:02:30.410,10579,247,6,100,False,12,car,0 days 00:00:01.317000,0 days 02:01:28.177000,85.9936111111111,35.0
2023-10-22 20:02:30.890,10564,252,7,100,False,12,car,0 days 00:00:01.797000,0 days 02:01:28.657000,119.5936111111111,35.0
2023-10-22 20:02:31.090,10814,260,7,100,False,12,car,0 days 00:00:01.997000,0 days 02:01:28.857000,134.03805555555556,35.0
2023-10-22 20:02:31.290,10873,263,7,100,False,12,car,0 days 00:00:02.197000,0 days 02:01:29.057000,148.64916666666667,35.0
2023-10-22 20:02:31.450,11070,266,7,100,False,12,car,0 days 00:00:02.357000,0 days 02:01:29.217000,160.4713888888889,35.0
2023-10-22 20:02:31.730,11215,271,7,100,False,12,car,0 days 00:00:02.637000,0 days 02:01:29.497000,181.54916666666665,35.0
2023-10-22 20:02:31.930,11334,273,7,100,False,12,car,0 days 00:00:02.837000,0 days 02:01:29.697000,196.71583333333334,35.0
2023-10-22 20:02:32.369,11551,278,7,100,False,12,car,0 days 00:00:03.276000,0 days 02:01:30.136000,230.61638888888885,35.0
2023-10-22 20:02:32.730,10520,282,8,100,False,12,car,0 days 00:00:03.637000,0 days 02:01:30.497000,258.8947222222222,35.0
2023-10-22 20:02:32.890,10532,283,8,100,False,12,car,0 days 00:00:03.797000,0 days 02:01:30.657000,271.47249999999997,35.0
2023-10-22 20:02:33.090,10567,285,8,100,False,12,car,0 days 00:00:03.997000,0 days 02:01:30.857000,287.3058333333333,35.0
2023-10-22 20:02:33.370,10628,288,8,100,False,12,car,0 days 00:00:04.277000,0 days 02:01:31.137000,309.7058333333333,35.0
2023-10-22 20:02:33.530,10664,290,8,100,False,12,car,0 days 00:00:04.437000,0 days 02:01:31.297000,322.59472222222223,35.0
2023-10-22 20:02:33.810,10740,292,8,100,False,12,car,0 days 00:00:04.717000,0 days 02:01:31.577000,345.3058333333333,35.0
2023-10-22 20:02:34.170,10847,293,8,100,False,12,car,0 days 00:00:05.077000,0 days 02:01:31.937000,374.6058333333333,35.0
2023-10-22 20:02:34.370,10897,296,8,100,False,12,car,0 days 00:00:05.277000,0 days 02:01:32.137000,391.05027777777775,35.0
2023-10-22 20:02:34.770,10852,296,8,100,False,12,car,0 days 00:00:05.677000,0 days 02:01:32.537000,423.9391666666666,35.0
2023-10-22 20:02:35.010,10851,295,8,100,False,12,car,0 days 00:00:05.917000,0 days 02:01:32.777000,443.6058333333333,35.0
2023-10-22 20:02:35.250,10823,295,8,100,False,12,car,0 days 00:00:06.157000,0 days 02:01:33.017000,463.2725,35.0
2023-10-22 20:02:35.490,10846,295,8,100,False,12,car,0 days 00:00:06.397000,0 days 02:01:33.257000,482.93916666666667,35.0
2023-10-22 20:02:35.770,10852,291,8,99,True,0,car,0 days 00:00:06.677000,0 days 02:01:33.537000,505.57249999999993,35.0
2023-10-22 20:02:36.010,9394,269,8,0,True,0,car,0 days 00:00:06.917000,0 days 02:01:33.777000,523.5058333333333,35.0
2023-10-22 20:02:36.250,9257,245,8,0,True,0,car,0 days 00:00:07.157000,0 days 02:01:34.017000,539.8391666666666,35.0
2023-10-22 20:02:36.650,9562,190,7,0,True,0,car,0 days 00:00:07.557000,0 days 02:01:34.417000,560.9502777777777,35.0
2023-10-22 20:02:36.890,8999,170,5,0,True,0,car,0 days 00:00:07.797000,0 days 02:01:34.657000,572.283611111111,35.0
2023-10-22 20:02:37.130,9814,144,5,0,True,0,car,0 days 00:00:08.037000,0 days 02:01:34.897000,581.883611111111,35.0
2023-10-22 20:02:37.330,9196,130,5,0,True,0,car,0 days 00:00:08.237000,0 days 02:01:35.097000,589.1058333333332,35.0
2023-10-22 20:02:37.650,8274,114,3,0,True,0,car,0 days 00:00:08.557000,0 days 02:01:35.417000,599.2391666666665,35.0
2023-10-22 20:02:37.810,7434,114,3,0,True,0,car,0 days 00:00:08.717000,0 days 02:01:35.577000,604.3058333333332,35.0
2023-10-22 20:02:37.970,6906,101,3,0,True,0,car,0 days 00:00:08.877000,0 days 02:01:35.737000,608.7947222222222,35.0
2023-10-22 20:02:38.210,6517,98,3,0,True,0,car,0 days 00:00:09.117000,0 days 02:01:35.977000,615.3280555555555,35.0
2023-10-22 20:02:38.370,6222,90,3,0,True,0,car,0 days 00:00:09.277000,0 days 02:01:36.137000,619.3280555555555,35.0
2023-10-22 20:02:38.690,5757,86,3,0,True,0,car,0 days 00:00:09.597000,0 days 02:01:36.457000,626.9725,35.0
2023-10-22 20:02:39.009,5634,80,3,0,False,0,car,0 days 00:00:09.916000,0 days 02:01:36.776000,634.0613888888889,35.0
2023-10-22 20:02:39.170,5463,77,3,0,False,0,car,0 days 00:00:10.077000,0 days 02:01:36.937000,637.505,35.0
2023-10-22 20:02:39.570,5836,75,3,10,False,0,car,0 days 00:00:10.477000,0 days 02:01:37.337000,645.8383333333334,35.0
2023-10-22 20:02:39.730,5922,76,3,20,False,0,car,0 days 00:00:10.637000,0 days 02:01:37.497000,649.2161111111111,35.0
2023-10-22 20:02:39.970,6186,79,3,25,False,0,car,0 days 00:00:10.877000,0 days 02:01:37.737000,654.4827777777778,35.0
2023-10-22 20:02:40.210,6479,82,3,36,False,0,car,0 days 00:00:11.117000,0 days 02:01:37.977000,659.9494444444445,35.0
2023-10-22 20:02:40.490,6941,89,3,43,False,0,car,0 days 00:00:11.397000,0 days 02:01:38.257000,666.8716666666667,35.0
2023-10-22 20:02:40.810,8077,99,3,46,False,0,car,0 days 00:00:11.717000,0 days 02:01:38.577000,675.6716666666666,35.0
2023-10-22 20:02:41.810,10565,133,3,73,False,0,car,0 days 00:00:12.717000,0 days 02:01:39.577000,712.6161111111111,35.0
2023-10-22 20:02:41.970,11144,142,3,76,False,0,car,0 days 00:00:12.877000,0 days 02:01:39.737000,718.9272222222222,35.0
2023-10-22 20:02:42.250,10456,156,3,99,False,0,car,0 days 00:00:13.157000,0 days 02:01:40.017000,731.0605555555555,35.0
2023-10-22 20:02:42.450,10541,166,4,99,False,0,car,0 days 00:00:13.357000,0 days 02:01:40.217000,740.2827777777777,35.0
2023-10-22 20:02:42.730,11374,179,4,99,False,0,car,0 days 00:00:13.637000,0 days 02:01:40.497000,754.205,35.0
2023-10-22 20:02:42.930,10394,188,4,99,False,0,car,0 days 00:00:13.837000,0 days 02:01:40.697000,764.6494444444445,35.0
2023-10-22 20:02:43.330,10894,204,5,99,False,0,car,0 days 00:00:14.237000,0 days 02:01:41.097000,787.3161111111112,35.0
2023-10-22 20:02:43.490,11283,207,5,99,False,0,car,0 days 00:00:14.397000,0 days 02:01:41.257000,796.5161111111113,35.0
2023-10-22 20:02:43.650,11003,213,5,99,False,0,car,0 days 00:00:14.557000,0 days 02:01:41.417000,805.982777777778,35.0
2023-10-22 20:02:43.890,10497,218,6,99,False,0,car,0 days 00:00:14.797000,0 days 02:01:41.657000,820.5161111111113,35.0
2023-10-22 20:02:44.050,10594,220,6,99,False,0,car,0 days 00:00:14.957000,0 days 02:01:41.817000,830.2938888888891,35.0
2023-10-22 20:02:44.250,10628,226,6,100,False,0,car,0 days 00:00:15.157000,0 days 02:01:42.017000,842.8494444444447,35.0
2023-10-22 20:02:44.530,11245,234,6,99,False,0,car,0 days 00:00:15.437000,0 days 02:01:42.297000,861.0494444444446,35.0
2023-10-22 20:02:44.770,11320,238,6,100,False,0,car,0 days 00:00:15.677000,0 days 02:01:42.537000,876.9161111111113,35.0
2023-10-22 20:02:44.930,11487,242,6,100,False,0,car,0 days 00:00:15.837000,0 days 02:01:42.697000,887.6716666666669,35.0
2023-10-22 20:02:45.250,11601,246,6,99,False,0,car,0 days 00:00:16.157000,0 days 02:01:43.017000,909.5383333333335,35.0
2023-10-22 20:02:45.609,10424,250,7,100,False,0,car,0 days 00:00:16.516000,0 days 02:01:43.376000,934.468888888889,35.0
2023-10-22 20:02:46.050,10599,257,7,100,False,0,car,0 days 00:00:16.957000,0 days 02:01:43.817000,965.9513888888891,35.0
2023-10-22 20:02:46.250,10798,257,7,100,False,0,car,0 days 00:00:17.157000,0 days 02:01:44.017000,980.2291666666669,35.0
2023-10-22 20:02:46.450,10838,257,7,100,False,0,car,0 days 00:00:17.357000,0 days 02:01:44.217000,994.5069444444446,35.0
2023-10-22 20:02:46.730,10971,264,7,100,False,0,car,0 days 00:00:17.637000,0 days 02:01:44.497000,1015.040277777778,35.0
2023-10-22 20:02:46.930,11001,265,7,100,False,0,car,0 days 00:00:17.837000,0 days 02:01:44.697000,1029.7625,35.0
2023-10-22 20:02:47.290,11074,267,7,100,False,0,car,0 days 00:00:18.197000,0 days 02:01:45.057000,1056.4625,35.0
2023-10-22 20:02:47.610,11174,270,7,100,False,0,car,0 days 00:00:18.517000,0 days 02:01:45.377000,1080.4625,35.0
2023-10-22 20:02:47.810,11198,270,7,100,False,0,car,0 days 00:00:18.717000,0 days 02:01:45.577000,1095.4625,35.0
2023-10-22 20:02:48.090,11241,271,7,99,False,0,car,0 days 00:00:18.997000,0 days 02:01:45.857000,1116.5402777777779,35.0
2023-10-22 20:02:48.370,11297,272,7,99,False,0,car,0 days 00:00:19.277000,0 days 02:01:46.137000,1137.6958333333334,35.0
2023-10-22 20:02:48.530,11298,271,7,99,False,0,car,0 days 00:00:19.437000,0 days 02:01:46.297000,1149.740277777778,35.0
2023-10-22 20:02:48.730,11353,273,7,99,False,0,car,0 days 00:00:19.637000,0 days 02:01:46.497000,1164.9069444444444,35.0
2023-10-22 20:02:49.010,11250,271,7,100,False,0,car,0 days 00:00:19.917000,0 days 02:01:46.777000,1185.9847222222222,35.0
2023-10-22 20:02:49.250,11334,274,7,99,False,0,car,0 days 00:00:20.157000,0 days 02:01:47.017000,1204.2513888888889,35.0
2023-10-22 20:02:49.610,10718,271,7,9,True,0,car,0 days 00:00:20.517000,0 days 02:01:47.377000,1231.3513888888888,35.0
2023-10-22 20:02:49.970,10625,254,7,17,False,0,car,0 days 00:00:20.877000,0 days 02:01:47.737000,1256.7513888888886,35.0
2023-10-22 20:02:50.370,10348,249,7,69,False,0,car,0 days 00:00:21.277000,0 days 02:01:48.137000,1284.4180555555554,35.0
2023-10-22 20:02:50.530,10208,248,7,0,True,0,car,0 days 00:00:21.437000,0 days 02:01:48.297000,1295.4402777777775,35.0
2023-10-22 20:02:50.730,10865,241,7,0,True,0,car,0 days 00:00:21.637000,0 days 02:01:48.497000,1308.8291666666664,35.0
2023-10-22 20:02:51.050,10996,231,6,3,False,0,car,0 days 00:00:21.957000,0 days 02:01:48.817000,1329.3624999999997,35.0
2023-10-22 20:02:51.290,10721,227,6,50,False,0,car,0 days 00:00:22.197000,0 days 02:01:49.057000,1344.495833333333,35.0
2023-10-22 20:02:51.650,10910,226,6,69,False,0,car,0 days 00:00:22.557000,0 days 02:01:49.417000,1367.0958333333328,35.0
2023-10-22 20:02:51.850,10939,229,6,76,False,0,car,0 days 00:00:22.757000,0 days 02:01:49.617000,1379.8180555555552,35.0
2023-10-22 20:02:52.010,10894,231,6,82,False,0,car,0 days 00:00:22.917000,0 days 02:01:49.777000,1390.084722222222,35.0
2023-10-22 20:02:52.290,10703,233,6,26,True,0,car,0 days 00:00:23.197000,0 days 02:01:50.057000,1408.206944444444,35.0
2023-10-22 20:02:52.490,10714,227,6,25,False,0,car,0 days 00:00:23.397000,0 days 02:01:50.257000,1420.818055555555,35.0
2023-10-22 20:02:52.650,10670,222,6,24,False,0,car,0 days 00:00:23.557000,0 days 02:01:50.417000,1430.6847222222218,35.0
2023-10-22 20:02:52.890,10352,220,6,46,False,0,car,0 days 00:00:23.797000,0 days 02:01:50.657000,1445.3513888888886,35.0
2023-10-22 20:02:53.130,9988,218,6,3,False,0,car,0 days 00:00:24.037000,0 days 02:01:50.897000,1459.8847222222219,35.0
2023-10-22 20:02:53.370,9903,214,6,0,False,0,car,0 days 00:00:24.277000,0 days 02:01:51.137000,1474.1513888888887,35.0
2023-10-22 20:02:53.690,9436,209,6,8,False,0,car,0 days 00:00:24.597000,0 days 02:01:51.457000,1492.7291666666665,35.0
2023-10-22 20:02:53.890,9333,204,6,8,False,0,car,0 days 00:00:24.797000,0 days 02:01:51.657000,1504.0624999999998,35.0
2023-10-22 20:02:54.130,9557,200,6,54,False,0,car,0 days 00:00:25.037000,0 days 02:01:51.897000,1517.395833333333,35.0
2023-10-22 20:02:54.290,9557,202,6,59,False,0,car,0 days 00:00:25.197000,0 days 02:01:52.057000,1526.373611111111,35.0
2023-10-22 20:02:54.650,9626,203,6,61,False,0,car,0 days 00:00:25.557000,0 days 02:01:52.417000,1546.6736111111109,35.0
2023-10-22 20:02:54.810,9626,203,6,60,False,0,car,0 days 00:00:25.717000,0 days 02:01:52.577000,1555.695833333333,35.0
2023-10-22 20:02:55.130,10054,206,6,80,False,0,car,0 days 00:00:26.037000,0 days 02:01:52.897000,1574.0069444444441,35.0
2023-10-22 20:02:55.330,10019,210,6,97,False,0,car,0 days 00:00:26.237000,0 days 02:01:53.097000,1585.6736111111106,35.0
2023-10-22 20:02:55.530,10163,213,6,100,False,0,car,0 days 00:00:26.437000,0 days 02:01:53.297000,1597.5069444444441,35.0
2023-10-22 20:02:56.370,10673,206,6,0,True,0,car,0 days 00:00:27.277000,0 days 02:01:54.137000,1645.5736111111107,35.0
2023-10-22 20:02:56.570,10558,200,5,1,True,0,car,0 days 00:00:27.477000,0 days 02:01:54.337000,1656.6847222222218,35.0
2023-10-22 20:02:56.810,10152,194,5,0,False,0,car,0 days 00:00:27.717000,0 days 02:01:54.577000,1669.618055555555,35.0
2023-10-22 20:02:57.250,9877,182,5,11,False,0,car,0 days 00:00:28.157000,0 days 02:01:55.017000,1691.8624999999995,35.0
2023-10-22 20:02:57.490,9840,180,5,46,False,0,car,0 days 00:00:28.397000,0 days 02:01:55.257000,1703.8624999999995,35.0
2023-10-22 20:02:57.770,9887,181,5,55,False,0,car,0 days 00:00:28.677000,0 days 02:01:55.537000,1717.9402777777773,35.0
2023-10-22 20:02:57.970,9994,184,5,61,False,0,car,0 days 00:00:28.877000,0 days 02:01:55.737000,1728.1624999999995,35.0
2023-10-22 20:02:58.210,10350,185,5,71,False,0,car,0 days 00:00:29.117000,0 days 02:01:55.977000,1740.495833333333,35.0
2023-10-22 20:02:58.370,10555,190,5,74,False,0,car,0 days 00:00:29.277000,0 days 02:01:56.137000,1748.9402777777773,35.0
2023-10-22 20:02:58.650,10657,195,5,73,False,0,car,0 days 00:00:29.557000,0 days 02:01:56.417000,1764.1069444444438,35.0
2023-10-22 20:02:58.851,10228,196,5,1,True,0,car,0 days 00:00:29.758000,0 days 02:01:56.618000,1775.0502777777772,35.0
2023-10-22 20:02:59.290,10218,169,4,0,True,0,car,0 days 00:00:30.197000,0 days 02:01:57.057000,1795.6588888888882,35.0
2023-10-22 20:02:59.490,9698,160,4,0,True,0,car,0 days 00:00:30.397000,0 days 02:01:57.257000,1804.5477777777771,35.0
2023-10-22 20:02:59.770,9261,152,4,0,True,0,car,0 days 00:00:30.677000,0 days 02:01:57.537000,1816.3699999999994,35.0
2023-10-22 20:02:59.930,8933,148,4,0,True,0,car,0 days 00:00:30.837000,0 days 02:01:57.697000,1822.9477777777772,35.0
2023-10-22 20:03:00.250,8591,140,4,0,True,0,car,0 days 00:00:31.157000,0 days 02:01:58.017000,1835.3922222222216,35.0
2023-10-22 20:03:00.690,8007,132,4,0,False,0,car,0 days 00:00:31.597000,0 days 02:01:58.457000,1851.525555555555,35.0
2023-10-22 20:03:01.050,8131,126,4,22,False,0,car,0 days 00:00:31.957000,0 days 02:01:58.817000,1864.125555555555,35.0
2023-10-22 20:03:01.290,7992,126,4,37,False,0,car,0 days 00:00:32.197000,0 days 02:01:59.057000,1872.525555555555,35.0
2023-10-22 20:03:01.610,8375,130,4,46,False,0,car,0 days 00:00:32.517000,0 days 02:01:59.377000,1884.0811111111107,35.0
2023-10-22 20:03:01.810,8702,133,4,61,False,0,car,0 days 00:00:32.717000,0 days 02:01:59.577000,1891.4699999999993,35.0
2023-10-22 20:03:02.050,9249,141,4,71,False,0,car,0 days 00:00:32.957000,0 days 02:01:59.817000,1900.8699999999994,35.0
2023-10-22 20:03:02.290,9651,150,4,70,False,0,car,0 days 00:00:33.197000,0 days 02:02:00.057000,1910.8699999999994,35.0
2023-10-22 20:03:02.570,9792,155,4,54,False,0,car,0 days 00:00:33.477000,0 days 02:02:00.337000,1922.9255555555546,35.0
2023-10-22 20:03:02.770,9851,157,4,51,False,0,car,0 days 00:00:33.677000,0 days 02:02:00.537000,1931.647777777777,35.0
2023-10-22 20:03:03.010,10164,159,4,53,False,0,car,0 days 00:00:33.917000,0 days 02:02:00.777000,1942.2477777777772,35.0
2023-10-22 20:03:03.370,10464,163,4,63,False,0,car,0 days 00:00:34.277000,0 days 02:02:01.137000,1958.5477777777771,35.0
2023-10-22 20:03:03.650,11250,174,4,94,False,0,car,0 days 00:00:34.557000,0 days 02:02:01.417000,1972.0811111111104,35.0
2023-10-22 20:03:03.970,11388,181,4,100,False,0,car,0 days 00:00:34.877000,0 days 02:02:01.737000,1988.1699999999994,35.0
2023-10-22 20:03:04.290,10587,192,5,100,False,0,car,0 days 00:00:35.197000,0 days 02:02:02.057000,2005.236666666666,35.0
2023-10-22 20:03:04.570,10856,192,5,100,False,0,car,0 days 00:00:35.477000,0 days 02:02:02.337000,2020.169999999999,35.0
2023-10-22 20:03:04.930,11701,214,5,99,False,0,car,0 days 00:00:35.837000,0 days 02:02:02.697000,2041.5699999999993,35.0
2023-10-22 20:03:05.170,10504,220,5,100,False,0,car,0 days 00:00:36.077000,0 days 02:02:02.937000,2056.2366666666658,35.0
2023-10-22 20:03:05.571,10842,228,6,100,False,0,car,0 days 00:00:36.478000,0 days 02:02:03.338000,2081.6333333333328,35.0
2023-10-22 20:03:05.730,11077,235,6,100,False,0,car,0 days 00:00:36.637000,0 days 02:02:03.497000,2092.0124999999994,35.0
2023-10-22 20:03:06.010,11430,240,6,99,False,0,car,0 days 00:00:36.917000,0 days 02:02:03.777000,2110.679166666666,35.0
2023-10-22 20:03:06.330,11498,246,6,100,False,0,car,0 days 00:00:37.237000,0 days 02:02:04.097000,2132.5458333333327,35.0
2023-10-22 20:03:06.570,10424,247,6,100,False,0,car,0 days 00:00:37.477000,0 days 02:02:04.337000,2149.012499999999,35.0
2023-10-22 20:03:06.850,10599,253,7,99,False,0,car,0 days 00:00:37.757000,0 days 02:02:04.617000,2168.690277777777,35.0
2023-10-22 20:03:07.130,10708,258,7,99,False,0,car,0 days 00:00:38.037000,0 days 02:02:04.897000,2188.7569444444434,35.0
2023-10-22 20:03:07.410,10962,262,7,100,False,0,car,0 days 00:00:38.317000,0 days 02:02:05.177000,2209.134722222221,35.0
2023-10-22 20:03:07.730,11067,267,7,99,False,0,car,0 days 00:00:38.637000,0 days 02:02:05.497000,2232.8680555555547,35.0
2023-10-22 20:03:08.010,11197,270,7,99,False,0,car,0 days 00:00:38.917000,0 days 02:02:05.777000,2253.8680555555547,35.0
2023-10-22 20:03:08.170,11322,273,7,99,False,0,car,0 days 00:00:39.077000,0 days 02:02:05.937000,2266.001388888888,35.0
2023-10-22 20:03:08.370,11391,273,7,99,False,0,car,0 days 00:00:39.277000,0 days 02:02:06.137000,2281.168055555555,35.0
2023-10-22 20:03:08.650,11555,279,7,100,False,0,car,0 days 00:00:39.557000,0 days 02:02:06.417000,2302.868055555555,35.0
2023-10-22 20:03:08.810,10715,280,7,99,False,0,car,0 days 00:00:39.717000,0 days 02:02:06.577000,2315.3124999999995,35.0
2023-10-22 20:03:09.090,10457,283,8,99,False,0,car,0 days 00:00:39.997000,0 days 02:02:06.857000,2337.323611111111,35.0
2023-10-22 20:03:09.330,10512,286,8,100,False,0,car,0 days 00:00:40.237000,0 days 02:02:07.097000,2356.3902777777776,35.0
2023-10-22 20:03:09.530,10232,285,8,99,False,0,car,0 days 00:00:40.437000,0 days 02:02:07.297000,2372.2236111111106,35.0
2023-10-22 20:03:09.690,9782,284,8,27,False,0,car,0 days 00:00:40.597000,0 days 02:02:07.457000,2384.8458333333333,35.0
2023-10-22 20:03:09.850,10045,278,8,0,False,0,car,0 days 00:00:40.757000,0 days 02:02:07.617000,2397.2013888888887,35.0
2023-10-22 20:03:10.170,9071,250,8,0,True,0,car,0 days 00:00:41.077000,0 days 02:02:07.937000,2419.423611111111,35.0
2023-10-22 20:03:10.330,9351,225,8,0,True,0,car,0 days 00:00:41.237000,0 days 02:02:08.097000,2429.4236111111113,35.0
2023-10-22 20:03:10.530,9505,204,8,0,True,0,car,0 days 00:00:41.437000,0 days 02:02:08.297000,2440.7569444444443,35.0
2023-10-22 20:03:10.850,9362,171,6,0,True,0,car,0 days 00:00:41.757000,0 days 02:02:08.617000,2455.956944444444,35.0
2023-10-22 20:03:11.250,8606,142,5,0,True,0,car,0 days 00:00:42.157000,0 days 02:02:09.017000,2471.734722222222,35.0
2023-10-22 20:03:11.450,9083,130,5,0,True,0,car,0 days 00:00:42.357000,0 days 02:02:09.217000,2478.956944444444,35.0
2023-10-22 20:03:11.690,8633,117,3,0,True,0,car,0 days 00:00:42.597000,0 days 02:02:09.457000,2486.7569444444443,35.0
2023-10-22 20:03:11.850,7513,106,3,0,True,0,car,0 days 00:00:42.757000,0 days 02:02:09.617000,2491.4680555555556,35.0
2023-10-22 20:03:12.011,6889,101,3,0,True,0,car,0 days 00:00:42.918000,0 days 02:02:09.778000,2495.985,35.0
2023-10-22 20:03:12.171,6414,93,3,0,True,0,car,0 days 00:00:43.078000,0 days 02:02:09.938000,2500.1183333333333,35.0
2023-10-22 20:03:12.450,5807,87,3,0,True,0,car,0 days 00:00:43.357000,0 days 02:02:10.217000,2506.860833333333,35.0
2023-10-22 20:03:12.850,5275,74,3,0,True,0,car,0 days 00:00:43.757000,0 days 02:02:10.617000,2515.0830555555553,35.0
2023-10-22 20:03:13.170,4785,70,3,0,False,0,car,0 days 00:00:44.077000,0 days 02:02:10.937000,2521.3052777777775,35.0
2023-10-22 20:03:13.490,4785,68,3,0,False,0,car,0 days 00:00:44.397000,0 days 02:02:11.257000,2527.3497222222218,35.0
2023-10-22 20:03:13.850,4533,65,3,0,False,0,car,0 days 00:00:44.757000,0 days 02:02:11.617000,2533.8497222222218,35.0
2023-10-22 20:03:14.010,5089,64,3,10,False,0,car,0 days 00:00:44.917000,0 days 02:02:11.777000,2536.694166666666,35.0
2023-10-22 20:03:14.170,4859,63,3,12,False,0,car,0 days 00:00:45.077000,0 days 02:02:11.937000,2539.494166666666,35.0
2023-10-22 20:03:14.490,5160,69,3,23,False,0,car,0 days 00:00:45.397000,0 days 02:02:12.257000,2545.627499999999,35.0
2023-10-22 20:03:14.690,5418,73,3,31,False,0,car,0 days 00:00:45.597000,0 days 02:02:12.457000,2549.683055555555,35.0
2023-10-22 20:03:14.850,6051,77,3,35,False,0,car,0 days 00:00:45.757000,0 days 02:02:12.617000,2553.105277777777,35.0
2023-10-22 20:03:15.050,6594,82,3,39,False,0,car,0 days 00:00:45.957000,0 days 02:02:12.817000,2557.6608333333324,35.0
2023-10-22 20:03:15.210,6734,85,3,39,False,0,car,0 days 00:00:46.117000,0 days 02:02:12.977000,2561.4386111111103,35.0
2023-10-22 20:03:15.450,7356,93,3,44,False,0,car,0 days 00:00:46.357000,0 days 02:02:13.217000,2567.6386111111105,35.0
2023-10-22 20:03:15.770,8029,102,3,48,False,0,car,0 days 00:00:46.677000,0 days 02:02:13.537000,2576.705277777777,35.0
2023-10-22 20:03:15.930,8276,108,3,52,False,0,car,0 days 00:00:46.837000,0 days 02:02:13.697000,2581.5052777777773,35.0
2023-10-22 20:03:16.290,9450,119,3,71,False,0,car,0 days 00:00:47.197000,0 days 02:02:14.057000,2593.4052777777774,35.0
2023-10-22 20:03:16.490,9855,129,3,78,False,0,car,0 days 00:00:47.397000,0 days 02:02:14.257000,2600.571944444444,35.0
2023-10-22 20:03:16.730,10944,144,3,99,False,0,car,0 days 00:00:47.637000,0 days 02:02:14.497000,2610.171944444444,35.0
2023-10-22 20:03:16.890,11016,150,3,100,False,0,car,0 days 00:00:47.797000,0 days 02:02:14.657000,2616.8386111111104,35.0
2023-10-22 20:03:17.050,11075,160,3,100,False,0,car,0 days 00:00:47.957000,0 days 02:02:14.817000,2623.9497222222217,35.0
2023-10-22 20:03:17.250,10600,169,4,100,False,0,car,0 days 00:00:48.157000,0 days 02:02:15.017000,2633.3386111111104,35.0
2023-10-22 20:03:17.450,11302,177,4,100,False,0,car,0 days 00:00:48.357000,0 days 02:02:15.217000,2643.171944444444,35.0
2023-10-22 20:03:17.810,10863,188,4,100,False,0,car,0 days 00:00:48.717000,0 days 02:02:15.577000,2661.971944444444,35.0
2023-10-22 20:03:18.050,10915,196,5,100,False,0,car,0 days 00:00:48.957000,0 days 02:02:15.817000,2675.0386111111106,35.0
2023-10-22 20:03:18.450,11496,212,5,100,False,0,car,0 days 00:00:49.357000,0 days 02:02:16.217000,2698.5941666666663,35.0
2023-10-22 20:03:18.851,10565,223,6,99,False,0,car,0 days 00:00:49.758000,0 days 02:02:16.618000,2723.4338888888888,35.0
2023-10-22 20:03:19.250,11014,233,6,100,False,0,car,0 days 00:00:50.157000,0 days 02:02:17.017000,2749.258055555555,35.0
2023-10-22 20:03:19.690,11382,241,6,100,False,0,car,0 days 00:00:50.597000,0 days 02:02:17.457000,2778.713611111111,35.0
2023-10-22 20:03:19.850,11467,245,6,100,False,0,car,0 days 00:00:50.757000,0 days 02:02:17.617000,2789.6024999999995,35.0
2023-10-22 20:03:20.090,11777,247,6,99,False,0,car,0 days 00:00:50.997000,0 days 02:02:17.857000,2806.069166666666,35.0
2023-10-22 20:03:20.290,10496,250,7,100,False,0,car,0 days 00:00:51.197000,0 days 02:02:18.057000,2819.9580555555553,35.0
2023-10-22 20:03:20.650,10637,256,7,100,False,0,car,0 days 00:00:51.557000,0 days 02:02:18.417000,2845.5580555555553,35.0
2023-10-22 20:03:20.810,10680,257,7,100,False,0,car,0 days 00:00:51.717000,0 days 02:02:18.577000,2856.9802777777772,35.0
2023-10-22 20:03:20.970,10777,260,7,100,False,0,car,0 days 00:00:51.877000,0 days 02:02:18.737000,2868.535833333333,35.0
2023-10-22 20:03:21.250,10938,263,7,100,False,0,car,0 days 00:00:52.157000,0 days 02:02:19.017000,2888.991388888888,35.0
2023-10-22 20:03:21.650,11091,267,7,100,False,0,car,0 days 00:00:52.557000,0 days 02:02:19.417000,2918.658055555555,35.0
2023-10-22 20:03:21.810,11245,267,7,100,False,0,car,0 days 00:00:52.717000,0 days 02:02:19.577000,2930.5247222222215,35.0
2023-10-22 20:03:22.170,11314,272,7,100,False,0,car,0 days 00:00:53.077000,0 days 02:02:19.937000,2957.7247222222213,35.0
2023-10-22 20:03:22.450,11432,276,7,100,False,0,car,0 days 00:00:53.357000,0 days 02:02:20.217000,2979.191388888888,35.0
2023-10-22 20:03:22.690,11389,276,7,100,False,0,car,0 days 00:00:53.597000,0 days 02:02:20.457000,2997.591388888888,35.0
2023-10-22 20:03:22.890,10267,277,7,100,False,0,car,0 days 00:00:53.797000,0 days 02:02:20.657000,3012.980277777777,35.0
2023-10-22 20:03:23.210,10346,279,8,100,False,0,car,0 days 00:00:54.117000,0 days 02:02:20.977000,3037.780277777777,35.0
2023-10-22 20:03:23.370,10354,280,8,100,False,0,car,0 days 00:00:54.277000,0 days 02:02:21.137000,3050.2247222222218,35.0
2023-10-22 20:03:23.570,10392,282,8,100,False,0,car,0 days 00:00:54.477000,0 days 02:02:21.337000,3065.8913888888883,35.0
2023-10-22 20:03:23.730,10450,283,8,100,False,0,car,0 days 00:00:54.637000,0 days 02:02:21.497000,3078.4691666666663,35.0
2023-10-22 20:03:24.050,10503,285,8,100,False,0,car,0 days 00:00:54.957000,0 days 02:02:21.817000,3103.8025,35.0
2023-10-22 20:03:24.250,10532,287,8,100,False,0,car,0 days 00:00:55.157000,0 days 02:02:22.017000,3119.7469444444437,35.0
2023-10-22 20:03:24.650,10647,289,8,100,False,0,car,0 days 00:00:55.557000,0 days 02:02:22.417000,3151.8580555555554,35.0
2023-10-22 20:03:25.050,10733,291,8,100,False,0,car,0 days 00:00:55.957000,0 days 02:02:22.817000,3184.1913888888885,35.0
2023-10-22 20:03:25.371,10789,293,8,100,False,0,car,0 days 00:00:56.278000,0 days 02:02:23.138000,3210.3172222222215,35.0
2023-10-22 20:03:25.691,10879,293,8,100,False,0,car,0 days 00:00:56.598000,0 days 02:02:23.458000,3236.3616666666658,35.0
2023-10-22 20:03:26.050,10824,295,8,100,False,0,car,0 days 00:00:56.957000,0 days 02:02:23.817000,3265.7797222222216,35.0
2023-10-22 20:03:26.450,10891,295,8,100,False,0,car,0 days 00:00:57.357000,0 days 02:02:24.217000,3298.5574999999994,35.0
2023-10-22 20:03:26.690,10881,296,8,99,False,0,car,0 days 00:00:57.597000,0 days 02:02:24.457000,3318.290833333333,35.0
2023-10-22 20:03:26.850,10957,297,8,99,False,0,car,0 days 00:00:57.757000,0 days 02:02:24.617000,3331.490833333333,35.0
2023-10-22 20:03:27.210,10916,297,8,100,False,0,car,0 days 00:00:58.117000,0 days 02:02:24.977000,3361.1908333333326,35.0
2023-10-22 20:03:27.490,10928,297,8,100,False,0,car,0 days 00:00:58.397000,0 days 02:02:25.257000,3384.2908333333326,35.0
2023-10-22 20:03:27.690,10941,298,8,100,False,0,car,0 days 00:00:58.597000,0 days 02:02:25.457000,3400.846388888888,35.0
2023-10-22 20:03:27.850,10979,298,8,100,False,0,car,0 days 00:00:58.757000,0 days 02:02:25.617000,3414.0908333333323,35.0
2023-10-22 20:03:28.050,10991,298,8,100,False,0,car,0 days 00:00:58.957000,0 days 02:02:25.817000,3430.646388888888,35.0
2023-10-22 20:03:28.330,11005,298,8,100,False,0,car,0 days 00:00:59.237000,0 days 02:02:26.097000,3453.824166666666,35.0
2023-10-22 20:03:28.530,10969,298,8,100,False,0,car,0 days 00:00:59.437000,0 days 02:02:26.297000,3470.379722222221,35.0
2023-10-22 20:03:28.730,10980,298,8,100,False,0,car,0 days 00:00:59.637000,0 days 02:02:26.497000,3486.9352777777767,35.0
2023-10-22 20:03:29.050,11121,299,8,99,False,0,car,0 days 00:00:59.957000,0 days 02:02:26.817000,3513.5130555555547,35.0
2023-10-22 20:03:29.330,10931,297,8,100,False,0,car,0 days 00:01:00.237000,0 days 02:02:27.097000,3536.6130555555546,35.0
2023-10-22 20:03:29.530,10936,297,8,100,False,0,car,0 days 00:01:00.437000,0 days 02:02:27.297000,3553.113055555554,35.0
2023-10-22 20:03:29.730,10859,296,8,100,False,0,car,0 days 00:01:00.637000,0 days 02:02:27.497000,3569.557499999999,35.0
2023-10-22 20:03:29.970,10641,291,8,0,False,0,car,0 days 00:01:00.877000,0 days 02:02:27.737000,3588.957499999999,35.0
2023-10-22 20:03:30.330,9523,260,8,0,True,0,car,0 days 00:01:01.237000,0 days 02:02:28.097000,3614.957499999999,35.0
2023-10-22 20:03:30.610,9532,235,8,0,True,0,car,0 days 00:01:01.517000,0 days 02:02:28.377000,3633.235277777777,35.0
2023-10-22 20:03:30.770,10122,209,8,0,True,0,car,0 days 00:01:01.677000,0 days 02:02:28.537000,3642.5241666666657,35.0
2023-10-22 20:03:31.010,9012,186,8,0,True,0,car,0 days 00:01:01.917000,0 days 02:02:28.777000,3654.9241666666658,35.0
2023-10-22 20:03:31.210,8775,165,6,0,True,0,car,0 days 00:01:02.117000,0 days 02:02:28.977000,3664.0908333333323,35.0
2023-10-22 20:03:31.570,9381,134,5,0,True,0,car,0 days 00:01:02.477000,0 days 02:02:29.337000,3677.4908333333324,35.0
2023-10-22 20:03:32.051,7571,109,3,0,True,0,car,0 days 00:01:02.958000,0 days 02:02:29.818000,3692.0544444444436,35.0
2023-10-22 20:03:32.251,7227,102,3,0,True,0,car,0 days 00:01:03.158000,0 days 02:02:30.018000,3697.7211111111105,35.0
2023-10-22 20:03:32.411,7077,100,3,0,True,0,car,0 days 00:01:03.318000,0 days 02:02:30.178000,3702.165555555555,35.0
2023-10-22 20:03:32.770,6486,92,3,0,True,0,car,0 days 00:01:03.677000,0 days 02:02:30.537000,3711.3399999999992,35.0
2023-10-22 20:03:32.970,6218,89,3,0,True,0,car,0 days 00:01:03.877000,0 days 02:02:30.737000,3716.2844444444436,35.0
2023-10-22 20:03:33.210,6091,87,3,0,False,0,car,0 days 00:01:04.117000,0 days 02:02:30.977000,3722.0844444444438,35.0
2023-10-22 20:03:33.490,6331,83,3,18,False,0,car,0 days 00:01:04.397000,0 days 02:02:31.257000,3728.5399999999995,35.0
2023-10-22 20:03:33.890,6872,85,3,41,False,0,car,0 days 00:01:04.797000,0 days 02:02:31.657000,3737.984444444444,35.0
2023-10-22 20:03:34.090,7437,93,3,46,False,0,car,0 days 00:01:04.997000,0 days 02:02:31.857000,3743.1511111111104,35.0
2023-10-22 20:03:34.530,8502,107,3,61,False,0,car,0 days 00:01:05.437000,0 days 02:02:32.297000,3756.228888888888,35.0
2023-10-22 20:03:34.770,9105,119,3,69,False,0,car,0 days 00:01:05.677000,0 days 02:02:32.537000,3764.1622222222218,35.0
2023-10-22 20:03:35.130,10564,139,3,89,False,0,car,0 days 00:01:06.037000,0 days 02:02:32.897000,3778.062222222222,35.0
2023-10-22 20:03:35.450,11649,151,3,100,False,0,car,0 days 00:01:06.357000,0 days 02:02:33.217000,3791.484444444444,35.0
2023-10-22 20:03:35.650,10529,163,3,100,False,0,car,0 days 00:01:06.557000,0 days 02:02:33.417000,3800.5399999999995,35.0
2023-10-22 20:03:35.970,10866,175,4,100,False,0,car,0 days 00:01:06.877000,0 days 02:02:33.737000,3816.0955555555547,35.0
2023-10-22 20:03:36.250,10950,184,4,100,False,0,car,0 days 00:01:07.157000,0 days 02:02:34.017000,3830.406666666666,35.0
2023-10-22 20:03:36.450,10238,189,5,100,False,0,car,0 days 00:01:07.357000,0 days 02:02:34.217000,3840.906666666666,35.0
2023-10-22 20:03:36.810,10460,196,5,100,False,0,car,0 days 00:01:07.717000,0 days 02:02:34.577000,3860.5066666666658,35.0
2023-10-22 20:03:37.010,9889,194,5,0,True,0,car,0 days 00:01:07.917000,0 days 02:02:34.777000,3871.2844444444436,35.0
2023-10-22 20:03:37.170,10517,181,5,0,True,0,car,0 days 00:01:08.077000,0 days 02:02:34.937000,3879.328888888888,35.0
2023-10-22 20:03:37.610,10496,153,3,0,True,0,car,0 days 00:01:08.517000,0 days 02:02:35.377000,3898.0288888888876,35.0
2023-10-22 20:03:37.930,9234,129,3,0,True,0,car,0 days 00:01:08.837000,0 days 02:02:35.697000,3909.495555555555,35.0
2023-10-22 20:03:38.210,8467,122,3,0,True,0,car,0 days 00:01:09.117000,0 days 02:02:35.977000,3918.984444444444,35.0
2023-10-22 20:03:38.651,7647,107,3,0,True,0,car,0 days 00:01:09.558000,0 days 02:02:36.418000,3932.091944444444,35.0
2023-10-22 20:03:38.851,7440,105,3,0,True,0,car,0 days 00:01:09.758000,0 days 02:02:36.618000,3937.925277777777,35.0
2023-10-22 20:03:39.051,7199,102,3,0,False,0,car,0 days 00:01:09.958000,0 days 02:02:36.818000,3943.591944444444,35.0
2023-10-22 20:03:39.251,6859,98,3,0,False,0,car,0 days 00:01:10.158000,0 days 02:02:37.018000,3949.0363888888883,35.0
2023-10-22 20:03:39.450,6741,95,3,0,False,0,car,0 days 00:01:10.357000,0 days 02:02:37.217000,3954.287777777777,35.0
2023-10-22 20:03:39.810,6795,92,3,9,False,0,car,0 days 00:01:10.717000,0 days 02:02:37.577000,3963.487777777777,35.0
2023-10-22 20:03:40.010,6852,90,3,25,False,0,car,0 days 00:01:10.917000,0 days 02:02:37.777000,3968.487777777777,35.0
2023-10-22 20:03:40.170,7090,92,3,29,False,0,car,0 days 00:01:11.077000,0 days 02:02:37.937000,3972.576666666666,35.0
2023-10-22 20:03:40.370,7306,95,3,35,False,0,car,0 days 00:01:11.277000,0 days 02:02:38.137000,3977.8544444444437,35.0
2023-10-22 20:03:40.570,7478,99,3,38,False,0,car,0 days 00:01:11.477000,0 days 02:02:38.337000,3983.3544444444437,35.0
2023-10-22 20:03:40.810,7949,103,3,46,False,0,car,0 days 00:01:11.717000,0 days 02:02:38.577000,3990.22111111111,35.0
2023-10-22 20:03:41.050,8456,111,3,51,False,0,car,0 days 00:01:11.957000,0 days 02:02:38.817000,3997.6211111111097,35.0
2023-10-22 20:03:41.450,9612,124,3,62,False,0,car,0 days 00:01:12.357000,0 days 02:02:39.217000,4011.3988888888875,35.0
2023-10-22 20:03:41.650,10120,132,3,70,False,0,car,0 days 00:01:12.557000,0 days 02:02:39.417000,4018.732222222221,35.0
2023-10-22 20:03:41.850,10671,139,3,71,False,0,car,0 days 00:01:12.757000,0 days 02:02:39.617000,4026.454444444443,35.0
2023-10-22 20:03:42.050,11137,147,3,100,False,0,car,0 days 00:01:12.957000,0 days 02:02:39.817000,4034.6211111111093,35.0
2023-10-22 20:03:42.210,11454,151,3,100,False,0,car,0 days 00:01:13.117000,0 days 02:02:39.977000,4041.332222222221,35.0
2023-10-22 20:03:42.490,10322,162,4,100,False,0,car,0 days 00:01:13.397000,0 days 02:02:40.257000,4053.932222222221,35.0
2023-10-22 20:03:42.810,10942,171,4,100,False,0,car,0 days 00:01:13.717000,0 days 02:02:40.577000,4069.1322222222207,35.0
2023-10-22 20:03:43.090,11437,180,4,100,False,0,car,0 days 00:01:13.997000,0 days 02:02:40.857000,4083.1322222222207,35.0
2023-10-22 20:03:43.250,11078,185,4,100,False,0,car,0 days 00:01:14.157000,0 days 02:02:41.017000,4091.354444444443,35.0
2023-10-22 20:03:43.450,10391,191,4,99,False,0,car,0 days 00:01:14.357000,0 days 02:02:41.217000,4101.965555555554,35.0
2023-10-22 20:03:43.610,10363,194,5,99,False,0,car,0 days 00:01:14.517000,0 days 02:02:41.377000,4110.587777777776,35.0
2023-10-22 20:03:43.890,9502,188,5,0,True,0,car,0 days 00:01:14.797000,0 days 02:02:41.657000,4125.209999999998,35.0
2023-10-22 20:03:44.250,9998,163,5,0,True,0,car,0 days 00:01:15.157000,0 days 02:02:42.017000,4141.509999999998,35.0
2023-10-22 20:03:44.490,9497,152,4,0,True,0,car,0 days 00:01:15.397000,0 days 02:02:42.257000,4151.6433333333325,35.0
2023-10-22 20:03:44.931,9712,128,3,0,True,0,car,0 days 00:01:15.838000,0 days 02:02:42.698000,4167.323333333332,35.0
2023-10-22 20:03:45.131,8688,120,3,0,True,0,car,0 days 00:01:16.038000,0 days 02:02:42.898000,4173.989999999999,35.0
2023-10-22 20:03:45.571,7408,106,3,0,True,0,car,0 days 00:01:16.478000,0 days 02:02:43.338000,4186.945555555554,35.0
2023-10-22 20:03:45.731,7257,102,3,0,True,0,car,0 days 00:01:16.638000,0 days 02:02:43.498000,4191.478888888888,35.0
2023-10-22 20:03:46.011,6699,97,3,0,True,0,car,0 days 00:01:16.918000,0 days 02:02:43.778000,4199.023333333333,35.0
2023-10-22 20:03:46.170,6420,93,3,0,True,0,car,0 days 00:01:17.077000,0 days 02:02:43.937000,4203.130833333333,35.0
2023-10-22 20:03:46.570,5921,87,3,0,True,0,car,0 days 00:01:17.477000,0 days 02:02:44.337000,4212.7975,35.0
2023-10-22 20:03:46.770,5556,80,3,0,True,0,car,0 days 00:01:17.677000,0 days 02:02:44.537000,4217.241944444444,35.0
2023-10-22 20:03:47.050,5377,78,3,0,False,0,car,0 days 00:01:17.957000,0 days 02:02:44.817000,4223.308611111111,35.0
2023-10-22 20:03:47.450,5834,77,3,15,False,0,car,0 days 00:01:18.357000,0 days 02:02:45.217000,4231.864166666666,35.0
2023-10-22 20:03:47.610,5998,78,3,25,False,0,car,0 days 00:01:18.517000,0 days 02:02:45.377000,4235.3308333333325,35.0
2023-10-22 20:03:47.930,6536,85,3,39,False,0,car,0 days 00:01:18.837000,0 days 02:02:45.697000,4242.886388888888,35.0
2023-10-22 20:03:48.170,7032,91,3,45,False,0,car,0 days 00:01:19.077000,0 days 02:02:45.937000,4248.953055555555,35.0
2023-10-22 20:03:48.770,8283,109,3,56,False,0,car,0 days 00:01:19.677000,0 days 02:02:46.537000,4267.119722222222,35.0
2023-10-22 20:03:48.970,9013,117,3,67,False,0,car,0 days 00:01:19.877000,0 days 02:02:46.737000,4273.619722222222,35.0
2023-10-22 20:03:49.330,10264,137,3,86,False,0,car,0 days 00:01:20.237000,0 days 02:02:47.097000,4287.319722222222,35.0
2023-10-22 20:03:49.570,11111,147,3,100,False,0,car,0 days 00:01:20.477000,0 days 02:02:47.337000,4297.119722222222,35.0
2023-10-22 20:03:49.970,10479,161,3,100,False,0,car,0 days 00:01:20.877000,0 days 02:02:47.737000,4315.00861111111,35.0
2023-10-22 20:03:50.210,11033,174,4,100,False,0,car,0 days 00:01:21.117000,0 days 02:02:47.977000,4326.608611111111,35.0
2023-10-22 20:03:50.570,11490,189,4,100,False,0,car,0 days 00:01:21.477000,0 days 02:02:48.337000,4345.50861111111,35.0
2023-10-22 20:03:50.930,10975,202,5,100,False,0,car,0 days 00:01:21.837000,0 days 02:02:48.697000,4365.70861111111,35.0
2023-10-22 20:03:51.290,11317,211,5,100,False,0,car,0 days 00:01:22.197000,0 days 02:02:49.057000,4386.808611111111,35.0
2023-10-22 20:03:51.531,11448,218,5,99,False,0,car,0 days 00:01:22.438000,0 days 02:02:49.298000,4401.402499999999,35.0
2023-10-22 20:03:51.851,10662,223,6,99,False,0,car,0 days 00:01:22.758000,0 days 02:02:49.618000,4421.224722222221,35.0
2023-10-22 20:03:52.051,10751,226,6,100,False,0,car,0 days 00:01:22.958000,0 days 02:02:49.818000,4433.780277777777,35.0
2023-10-22 20:03:52.411,10878,230,6,100,False,0,car,0 days 00:01:23.318000,0 days 02:02:50.178000,4456.780277777777,35.0
2023-10-22 20:03:52.850,11253,236,6,100,False,0,car,0 days 00:01:23.757000,0 days 02:02:50.617000,4485.559166666666,35.0
2023-10-22 20:03:53.210,11323,238,6,100,False,0,car,0 days 00:01:24.117000,0 days 02:02:50.977000,4509.359166666666,35.0
2023-10-22 20:03:53.530,11468,241,6,100,False,0,car,0 days 00:01:24.437000,0 days 02:02:51.297000,4530.781388888888,35.0
2023-10-22 20:03:53.890,11449,241,6,100,False,0,car,0 days 00:01:24.797000,0 days 02:02:51.657000,4554.881388888888,35.0
2023-10-22 20:03:54.090,11461,242,6,100,False,0,car,0 days 00:01:24.997000,0 days 02:02:51.857000,4568.325833333332,35.0
2023-10-22 20:03:54.410,11492,241,6,100,False,0,car,0 days 00:01:25.317000,0 days 02:02:52.177000,4589.748055555554,35.0
2023-10-22 20:03:54.570,11492,243,6,100,False,0,car,0 days 00:01:25.477000,0 days 02:02:52.337000,4600.548055555555,35.0
2023-10-22 20:03:54.970,10174,245,6,100,False,0,car,0 days 00:01:25.877000,0 days 02:02:52.737000,4627.770277777777,35.0
2023-10-22 20:03:55.170,10207,245,7,100,False,0,car,0 days 00:01:26.077000,0 days 02:02:52.937000,4641.381388888888,35.0
2023-10-22 20:03:55.410,10303,247,7,100,False,0,car,0 days 00:01:26.317000,0 days 02:02:53.177000,4657.848055555554,35.0
2023-10-22 20:03:55.690,10330,248,7,100,False,0,car,0 days 00:01:26.597000,0 days 02:02:53.457000,4677.1369444444435,35.0
2023-10-22 20:03:55.930,10412,250,7,100,False,0,car,0 days 00:01:26.837000,0 days 02:02:53.697000,4693.8036111111105,35.0
2023-10-22 20:03:56.410,10538,251,7,100,False,0,car,0 days 00:01:27.317000,0 days 02:02:54.177000,4727.270277777777,35.0
2023-10-22 20:03:56.570,10615,253,7,100,False,0,car,0 days 00:01:27.477000,0 days 02:02:54.337000,4738.514722222222,35.0
2023-10-22 20:03:56.770,10626,255,7,100,False,0,car,0 days 00:01:27.677000,0 days 02:02:54.537000,4752.681388888889,35.0
2023-10-22 20:03:56.970,10622,256,7,100,False,0,car,0 days 00:01:27.877000,0 days 02:02:54.737000,4766.903611111111,35.0
2023-10-22 20:03:57.130,10800,258,7,100,False,0,car,0 days 00:01:28.037000,0 days 02:02:54.897000,4778.370277777778,35.0
2023-10-22 20:03:57.370,10828,258,7,100,False,0,car,0 days 00:01:28.277000,0 days 02:02:55.137000,4795.570277777778,35.0
2023-10-22 20:03:57.570,10819,260,7,100,False,0,car,0 days 00:01:28.477000,0 days 02:02:55.337000,4810.014722222222,35.0
2023-10-22 20:03:57.730,10838,261,7,100,False,0,car,0 days 00:01:28.637000,0 days 02:02:55.497000,4821.614722222222,35.0
2023-10-22 20:03:58.011,10889,263,7,100,False,0,car,0 days 00:01:28.918000,0 days 02:02:55.778000,4842.143333333333,35.0
2023-10-22 20:03:58.171,10956,264,7,99,False,0,car,0 days 00:01:29.078000,0 days 02:02:55.938000,4853.876666666666,35.0
2023-10-22 20:03:58.411,10887,266,7,100,True,0,car,0 days 00:01:29.318000,0 days 02:02:56.178000,4871.609999999999,35.0
2023-10-22 20:03:58.571,10887,261,7,0,True,0,car,0 days 00:01:29.478000,0 days 02:02:56.338000,4883.209999999998,35.0
2023-10-22 20:03:58.851,9744,238,7,0,True,0,car,0 days 00:01:29.758000,0 days 02:02:56.618000,4901.721111111109,35.0
2023-10-22 20:03:59.051,10388,224,7,0,True,0,car,0 days 00:01:29.958000,0 days 02:02:56.818000,4914.1655555555535,35.0
2023-10-22 20:03:59.331,9618,208,6,0,True,0,car,0 days 00:01:30.238000,0 days 02:02:57.098000,4930.343333333331,35.0
2023-10-22 20:04:00.370,10033,185,5,34,False,0,car,0 days 00:01:31.277000,0 days 02:02:58.137000,4983.736388888887,35.0
2023-10-22 20:04:00.570,10195,184,5,42,False,0,car,0 days 00:01:31.477000,0 days 02:02:58.337000,4993.958611111109,35.0
2023-10-22 20:04:00.850,9972,184,5,43,False,0,car,0 days 00:01:31.757000,0 days 02:02:58.617000,5008.2697222222205,35.0
2023-10-22 20:04:01.130,10331,185,5,52,False,0,car,0 days 00:01:32.037000,0 days 02:02:58.897000,5022.658611111109,35.0
2023-10-22 20:04:01.410,10533,191,5,88,False,0,car,0 days 00:01:32.317000,0 days 02:02:59.177000,5037.514166666664,35.0
2023-10-22 20:04:01.610,10768,195,5,100,False,0,car,0 days 00:01:32.517000,0 days 02:02:59.377000,5048.347499999998,35.0
2023-10-22 20:04:01.770,10986,197,5,100,False,0,car,0 days 00:01:32.677000,0 days 02:02:59.537000,5057.103055555554,35.0
2023-10-22 20:04:02.010,11187,204,5,100,False,0,car,0 days 00:01:32.917000,0 days 02:02:59.777000,5070.703055555554,35.0
2023-10-22 20:04:02.250,11421,211,5,100,False,0,car,0 days 00:01:33.157000,0 days 02:03:00.017000,5084.7697222222205,35.0
2023-10-22 20:04:02.410,11366,212,5,100,False,0,car,0 days 00:01:33.317000,0 days 02:03:00.177000,5094.191944444443,35.0
2023-10-22 20:04:02.570,10266,216,5,100,False,0,car,0 days 00:01:33.477000,0 days 02:03:00.337000,5103.791944444443,35.0
2023-10-22 20:04:02.730,10441,218,6,100,False,0,car,0 days 00:01:33.637000,0 days 02:03:00.497000,5113.480833333332,35.0
2023-10-22 20:04:02.930,10601,223,6,99,False,0,car,0 days 00:01:33.837000,0 days 02:03:00.697000,5125.869722222221,35.0
2023-10-22 20:04:03.130,10757,227,6,100,False,0,car,0 days 00:01:34.037000,0 days 02:03:00.897000,5138.480833333332,35.0
2023-10-22 20:04:03.370,10921,230,6,100,False,0,car,0 days 00:01:34.277000,0 days 02:03:01.137000,5153.814166666665,35.0
2023-10-22 20:04:03.570,11054,233,6,100,False,0,car,0 days 00:01:34.477000,0 days 02:03:01.337000,5166.7586111111095,35.0
2023-10-22 20:04:03.890,10085,220,6,0,True,0,car,0 days 00:01:34.797000,0 days 02:03:01.657000,5186.314166666664,35.0
2023-10-22 20:04:04.130,10021,180,5,0,True,0,car,0 days 00:01:35.037000,0 days 02:03:01.897000,5198.314166666665,35.0
2023-10-22 20:04:04.410,9992,170,5,0,True,0,car,0 days 00:01:35.317000,0 days 02:03:02.177000,5211.536388888887,35.0
2023-10-22 20:04:04.651,9890,145,4,0,True,0,car,0 days 00:01:35.558000,0 days 02:03:02.418000,5221.243333333332,35.0
2023-10-22 20:04:04.891,8980,127,3,0,True,0,car,0 days 00:01:35.798000,0 days 02:03:02.658000,5229.709999999998,35.0
2023-10-22 20:04:05.091,8980,127,3,0,True,0,car,0 days 00:01:35.998000,0 days 02:03:02.858000,5236.765555555554,35.0
2023-10-22 20:04:05.411,7477,108,3,0,True,0,car,0 days 00:01:36.318000,0 days 02:03:03.178000,5246.365555555553,35.0
2023-10-22 20:04:05.651,7026,101,3,0,True,0,car,0 days 00:01:36.558000,0 days 02:03:03.418000,5253.098888888887,35.0
2023-10-22 20:04:05.931,6610,94,3,0,True,0,car,0 days 00:01:36.838000,0 days 02:03:03.698000,5260.409999999998,35.0
2023-10-22 20:04:06.091,6499,92,3,0,False,0,car,0 days 00:01:36.998000,0 days 02:03:03.858000,5264.498888888887,35.0
2023-10-22 20:04:06.370,6402,87,3,0,False,0,car,0 days 00:01:37.277000,0 days 02:03:04.137000,5271.241388888888,35.0
2023-10-22 20:04:06.730,6747,89,3,26,False,0,car,0 days 00:01:37.637000,0 days 02:03:04.497000,5280.141388888887,35.0
2023-10-22 20:04:06.970,6945,92,3,35,False,0,car,0 days 00:01:37.877000,0 days 02:03:04.737000,5286.274722222221,35.0
2023-10-22 20:04:07.250,7644,98,3,40,False,0,car,0 days 00:01:38.157000,0 days 02:03:05.017000,5293.896944444443,35.0
2023-10-22 20:04:07.410,7942,101,3,47,False,0,car,0 days 00:01:38.317000,0 days 02:03:05.177000,5298.385833333332,35.0
2023-10-22 20:04:07.690,8080,109,3,54,False,0,car,0 days 00:01:38.597000,0 days 02:03:05.457000,5306.86361111111,35.0
2023-10-22 20:04:08.010,9557,120,3,68,False,0,car,0 days 00:01:38.917000,0 days 02:03:05.777000,5317.530277777777,35.0
2023-10-22 20:04:08.330,10288,136,3,74,False,0,car,0 days 00:01:39.237000,0 days 02:03:06.097000,5329.6191666666655,35.0
2023-10-22 20:04:08.610,11454,146,3,100,False,0,car,0 days 00:01:39.517000,0 days 02:03:06.377000,5340.974722222221,35.0
2023-10-22 20:04:08.810,11490,156,3,100,False,0,car,0 days 00:01:39.717000,0 days 02:03:06.577000,5349.641388888888,35.0
2023-10-22 20:04:09.050,10945,165,3,100,False,0,car,0 days 00:01:39.957000,0 days 02:03:06.817000,5360.641388888888,35.0
2023-10-22 20:04:09.210,11206,173,4,100,False,0,car,0 days 00:01:40.117000,0 days 02:03:06.977000,5368.330277777778,35.0
2023-10-22 20:04:09.410,11437,173,4,100,False,0,car,0 days 00:01:40.317000,0 days 02:03:07.177000,5377.9413888888885,35.0
2023-10-22 20:04:09.650,10558,192,4,100,False,0,car,0 days 00:01:40.557000,0 days 02:03:07.417000,5390.741388888889,35.0
2023-10-22 20:04:09.890,10864,199,5,100,False,0,car,0 days 00:01:40.797000,0 days 02:03:07.657000,5404.008055555555,35.0
2023-10-22 20:04:10.210,11459,208,5,100,False,0,car,0 days 00:01:41.117000,0 days 02:03:07.977000,5422.496944444444,35.0
2023-10-22 20:04:10.370,10899,213,5,100,False,0,car,0 days 00:01:41.277000,0 days 02:03:08.137000,5431.96361111111,35.0
2023-10-22 20:04:10.570,10448,219,5,100,False,0,car,0 days 00:00:00.148000,0 days 02:03:08.337000,9.003333333333332,36.0
2023-10-22 20:04:10.890,10758,226,6,100,False,0,car,0 days 00:00:00.468000,0 days 02:03:08.657000,29.092222222222226,36.0
2023-10-22 20:04:11.251,11102,235,6,100,False,0,car,0 days 00:00:00.829000,0 days 02:03:09.018000,52.6575,36.0
2023-10-22 20:04:11.491,11268,238,6,99,False,0,car,0 days 00:00:01.069000,0 days 02:03:09.258000,68.52416666666667,36.0
2023-10-22 20:04:11.931,11716,247,6,100,False,0,car,0 days 00:00:01.509000,0 days 02:03:09.698000,98.71305555555556,36.0
2023-10-22 20:04:12.171,10456,248,6,100,False,0,car,0 days 00:00:01.749000,0 days 02:03:09.938000,115.2463888888889,36.0
2023-10-22 20:04:12.371,10536,253,7,100,False,0,car,0 days 00:00:01.949000,0 days 02:03:10.138000,129.30194444444444,36.0
2023-10-22 20:04:12.651,10670,254,7,100,False,0,car,0 days 00:00:02.229000,0 days 02:03:10.418000,149.0575,36.0
2023-10-22 20:04:13.170,10960,263,7,100,False,0,car,0 days 00:00:02.748000,0 days 02:03:10.937000,186.97333333333336,36.0
2023-10-22 20:04:13.370,11060,265,7,100,False,0,car,0 days 00:00:02.948000,0 days 02:03:11.137000,201.69555555555556,36.0
2023-10-22 20:04:13.730,11193,270,7,100,False,0,car,0 days 00:00:03.308000,0 days 02:03:11.497000,228.69555555555556,36.0
2023-10-22 20:04:14.090,11311,273,7,100,False,0,car,0 days 00:00:03.668000,0 days 02:03:11.857000,255.99555555555557,36.0
2023-10-22 20:04:14.250,11641,275,7,100,False,0,car,0 days 00:00:03.828000,0 days 02:03:12.017000,268.21777777777777,36.0
2023-10-22 20:04:14.530,11485,277,7,100,False,0,car,0 days 00:00:04.108000,0 days 02:03:12.297000,289.7622222222222,36.0
2023-10-22 20:04:14.810,11406,279,7,100,False,0,car,0 days 00:00:04.388000,0 days 02:03:12.577000,311.46222222222224,36.0
2023-10-22 20:04:15.210,10354,281,8,100,False,0,car,0 days 00:00:04.788000,0 days 02:03:12.977000,342.68444444444447,36.0
2023-10-22 20:04:15.530,10422,281,8,100,False,0,car,0 days 00:00:05.108000,0 days 02:03:13.297000,367.6622222222222,36.0
2023-10-22 20:04:15.770,10396,284,8,100,False,0,car,0 days 00:00:05.348000,0 days 02:03:13.537000,386.59555555555556,36.0
2023-10-22 20:04:16.210,10352,282,8,100,False,0,car,0 days 00:00:05.788000,0 days 02:03:13.977000,421.06222222222226,36.0
2023-10-22 20:04:16.490,10337,281,8,100,False,0,car,0 days 00:00:06.068000,0 days 02:03:14.257000,442.91777777777776,36.0
2023-10-22 20:04:16.770,10314,280,8,100,False,0,car,0 days 00:00:06.348000,0 days 02:03:14.537000,464.69555555555553,36.0
2023-10-22 20:04:16.970,10234,281,8,100,False,0,car,0 days 00:00:06.548000,0 days 02:03:14.737000,480.3066666666667,36.0
2023-10-22 20:04:17.210,10434,278,8,0,False,0,car,0 days 00:00:06.788000,0 days 02:03:14.977000,498.84000000000003,36.0
2023-10-22 20:04:17.731,9036,233,8,0,True,0,car,0 days 00:00:07.309000,0 days 02:03:15.498000,532.5602777777779,36.0
2023-10-22 20:04:17.931,8828,209,8,0,True,0,car,0 days 00:00:07.509000,0 days 02:03:15.698000,544.1713888888889,36.0
2023-10-22 20:04:18.171,8631,187,8,0,True,0,car,0 days 00:00:07.749000,0 days 02:03:15.938000,556.6380555555555,36.0
2023-10-22 20:04:18.531,8349,166,6,0,True,0,car,0 days 00:00:08.109000,0 days 02:03:16.298000,573.2380555555555,36.0
2023-10-22 20:04:18.691,8720,141,5,0,True,0,car,0 days 00:00:08.269000,0 days 02:03:16.458000,579.5047222222222,36.0
2023-10-22 20:04:18.891,8997,130,5,0,True,0,car,0 days 00:00:08.469000,0 days 02:03:16.658000,586.7269444444444,36.0
2023-10-22 20:04:19.051,8374,120,4,0,True,0,car,0 days 00:00:08.629000,0 days 02:03:16.818000,592.0602777777777,36.0
2023-10-22 20:04:19.331,7585,108,3,0,True,0,car,0 days 00:00:08.909000,0 days 02:03:17.098000,600.4602777777777,36.0
2023-10-22 20:04:19.571,7246,103,3,0,True,0,car,0 days 00:00:09.149000,0 days 02:03:17.338000,607.3269444444444,36.0
2023-10-22 20:04:19.970,6536,95,3,0,True,0,car,0 days 00:00:09.548000,0 days 02:03:17.737000,617.8561111111111,36.0
2023-10-22 20:04:20.290,6084,89,3,0,True,0,car,0 days 00:00:09.868000,0 days 02:03:18.057000,625.7672222222222,36.0
2023-10-22 20:04:20.650,5953,84,3,0,False,0,car,0 days 00:00:10.228000,0 days 02:03:18.417000,634.1672222222222,36.0
2023-10-22 20:04:20.850,5648,80,3,0,False,0,car,0 days 00:00:10.428000,0 days 02:03:18.617000,638.6116666666667,36.0
2023-10-22 20:04:21.250,6039,77,3,13,False,0,car,0 days 00:00:10.828000,0 days 02:03:19.017000,647.1672222222222,36.0
2023-10-22 20:04:21.690,6404,81,3,34,False,0,car,0 days 00:00:11.268000,0 days 02:03:19.457000,657.0672222222222,36.0
2023-10-22 20:04:22.010,6876,86,3,42,False,0,car,0 days 00:00:11.588000,0 days 02:03:19.777000,664.7116666666666,36.0
2023-10-22 20:04:22.290,7469,97,3,44,False,0,car,0 days 00:00:11.868000,0 days 02:03:20.057000,672.2561111111111,36.0
2023-10-22 20:04:22.570,8418,106,3,53,False,0,car,0 days 00:00:12.148000,0 days 02:03:20.337000,680.5005555555555,36.0
2023-10-22 20:04:22.850,8891,112,3,55,False,0,car,0 days 00:00:12.428000,0 days 02:03:20.617000,689.2116666666666,36.0
2023-10-22 20:04:23.170,9805,127,3,67,False,0,car,0 days 00:00:12.748000,0 days 02:03:20.937000,700.5005555555555,36.0
2023-10-22 20:04:23.410,10610,135,3,78,False,0,car,0 days 00:00:12.988000,0 days 02:03:21.177000,709.5005555555555,36.0
2023-10-22 20:04:23.730,10707,156,3,83,False,0,car,0 days 00:00:13.308000,0 days 02:03:21.497000,723.3672222222222,36.0
2023-10-22 20:04:24.170,11039,175,4,99,False,0,car,0 days 00:00:13.748000,0 days 02:03:21.937000,744.7561111111111,36.0
2023-10-22 20:04:25.251,10393,215,5,99,False,0,car,0 days 00:00:14.829000,0 days 02:03:23.018000,809.3158333333333,36.0
2023-10-22 20:04:25.611,10790,221,6,99,False,0,car,0 days 00:00:15.189000,0 days 02:03:23.378000,831.4158333333332,36.0
2023-10-22 20:04:25.891,10870,229,6,99,False,0,car,0 days 00:00:15.469000,0 days 02:03:23.658000,849.2269444444443,36.0
2023-10-22 20:04:26.211,11003,235,6,100,False,0,car,0 days 00:00:15.789000,0 days 02:03:23.978000,870.1158333333332,36.0
2023-10-22 20:04:26.411,11470,239,6,100,False,0,car,0 days 00:00:15.989000,0 days 02:03:24.178000,883.393611111111,36.0
2023-10-22 20:04:26.610,11579,240,6,100,False,0,car,0 days 00:00:16.188000,0 days 02:03:24.377000,896.6602777777775,36.0
2023-10-22 20:04:27.050,10370,249,6,100,False,0,car,0 days 00:00:16.628000,0 days 02:03:24.817000,927.0936111111109,36.0
2023-10-22 20:04:27.290,10495,252,7,100,False,0,car,0 days 00:00:16.868000,0 days 02:03:25.057000,943.8936111111108,36.0
2023-10-22 20:04:27.690,10652,257,7,100,False,0,car,0 days 00:00:17.268000,0 days 02:03:25.457000,972.4491666666664,36.0
2023-10-22 20:04:28.090,10874,262,7,100,False,0,car,0 days 00:00:17.668000,0 days 02:03:25.857000,1001.5602777777774,36.0
2023-10-22 20:04:28.290,10955,264,7,100,False,0,car,0 days 00:00:17.868000,0 days 02:03:26.057000,1016.226944444444,36.0
2023-10-22 20:04:28.490,11017,266,7,100,False,0,car,0 days 00:00:18.068000,0 days 02:03:26.257000,1031.004722222222,36.0
2023-10-22 20:04:28.650,11151,268,7,100,False,0,car,0 days 00:00:18.228000,0 days 02:03:26.417000,1042.915833333333,36.0
2023-10-22 20:04:29.130,11271,271,7,100,False,0,car,0 days 00:00:18.708000,0 days 02:03:26.897000,1079.0491666666662,36.0
2023-10-22 20:04:29.530,11325,272,7,99,False,0,car,0 days 00:00:19.108000,0 days 02:03:27.297000,1109.2713888888886,36.0
2023-10-22 20:04:29.810,11301,273,7,100,False,0,car,0 days 00:00:19.388000,0 days 02:03:27.577000,1130.504722222222,36.0
2023-10-22 20:04:30.090,11349,273,7,100,False,0,car,0 days 00:00:19.668000,0 days 02:03:27.857000,1151.738055555555,36.0
2023-10-22 20:04:30.330,11347,272,7,99,False,0,car,0 days 00:00:19.908000,0 days 02:03:28.097000,1169.8713888888885,36.0
2023-10-22 20:04:30.570,11335,273,7,99,False,0,car,0 days 00:00:20.148000,0 days 02:03:28.337000,1188.0713888888884,36.0
2023-10-22 20:04:30.931,11096,272,7,35,False,0,car,0 days 00:00:20.509000,0 days 02:03:28.698000,1215.346944444444,36.0
2023-10-22 20:04:31.331,10782,258,7,15,False,0,car,0 days 00:00:20.909000,0 days 02:03:29.098000,1244.0136111111105,36.0
2023-10-22 20:04:31.491,10782,257,7,39,False,0,car,0 days 00:00:21.069000,0 days 02:03:29.258000,1255.4358333333328,36.0
2023-10-22 20:04:31.691,10620,254,7,60,False,0,car,0 days 00:00:21.269000,0 days 02:03:29.458000,1269.5469444444439,36.0
2023-10-22 20:04:31.971,10527,252,7,64,False,0,car,0 days 00:00:21.549000,0 days 02:03:29.738000,1289.146944444444,36.0
2023-10-22 20:04:32.411,10826,237,6,0,False,0,car,0 days 00:00:21.989000,0 days 02:03:30.178000,1318.1136111111107,36.0
2023-10-22 20:04:32.811,10567,226,6,49,False,0,car,0 days 00:00:22.389000,0 days 02:03:30.578000,1343.2247222222218,36.0
2023-10-22 20:04:33.091,10756,227,6,64,False,0,car,0 days 00:00:22.669000,0 days 02:03:30.858000,1360.8802777777773,36.0
2023-10-22 20:04:33.330,10996,230,6,76,False,0,car,0 days 00:00:22.908000,0 days 02:03:31.097000,1376.1497222222217,36.0
2023-10-22 20:04:33.490,10949,230,6,80,False,0,car,0 days 00:00:23.068000,0 days 02:03:31.257000,1386.371944444444,36.0
2023-10-22 20:04:33.770,10979,234,6,54,False,0,car,0 days 00:00:23.348000,0 days 02:03:31.537000,1404.5719444444437,36.0
2023-10-22 20:04:33.970,10616,229,6,27,False,0,car,0 days 00:00:23.548000,0 days 02:03:31.737000,1417.294166666666,36.0
2023-10-22 20:04:34.290,10486,222,6,39,False,0,car,0 days 00:00:23.868000,0 days 02:03:32.057000,1437.0274999999992,36.0
2023-10-22 20:04:34.450,10392,220,6,44,False,0,car,0 days 00:00:24.028000,0 days 02:03:32.217000,1446.805277777777,36.0
2023-10-22 20:04:34.850,10043,214,6,0,False,0,car,0 days 00:00:24.428000,0 days 02:03:32.617000,1470.583055555555,36.0
2023-10-22 20:04:35.210,9837,209,6,0,False,0,car,0 days 00:00:24.788000,0 days 02:03:32.977000,1491.4830555555548,36.0
2023-10-22 20:04:35.410,9622,206,6,12,False,0,car,0 days 00:00:24.988000,0 days 02:03:33.177000,1502.927499999999,36.0
2023-10-22 20:04:35.650,9539,199,6,38,False,0,car,0 days 00:00:25.228000,0 days 02:03:33.417000,1516.194166666666,36.0
2023-10-22 20:04:35.850,9648,202,6,55,False,0,car,0 days 00:00:25.428000,0 days 02:03:33.617000,1527.4163888888882,36.0
2023-10-22 20:04:36.050,9568,201,6,50,False,0,car,0 days 00:00:25.628000,0 days 02:03:33.817000,1538.5830555555547,36.0
2023-10-22 20:04:36.370,9666,201,6,55,False,0,car,0 days 00:00:25.948000,0 days 02:03:34.137000,1556.4497222222215,36.0
2023-10-22 20:04:36.650,9759,204,6,74,False,0,car,0 days 00:00:26.228000,0 days 02:03:34.417000,1572.3163888888882,36.0
2023-10-22 20:04:36.850,9953,207,6,73,False,0,car,0 days 00:00:26.428000,0 days 02:03:34.617000,1583.8163888888882,36.0
2023-10-22 20:04:37.090,10072,210,6,100,False,0,car,0 days 00:00:26.668000,0 days 02:03:34.857000,1597.8163888888882,36.0
2023-10-22 20:04:37.370,10223,214,6,100,False,0,car,0 days 00:00:26.948000,0 days 02:03:35.137000,1614.4608333333329,36.0
2023-10-22 20:04:37.611,9641,214,6,5,True,0,car,0 days 00:00:27.189000,0 days 02:03:35.378000,1628.7869444444439,36.0
2023-10-22 20:04:37.811,10341,206,6,0,True,0,car,0 days 00:00:27.389000,0 days 02:03:35.578000,1640.2313888888882,36.0
2023-10-22 20:04:38.091,10323,199,5,0,True,0,car,0 days 00:00:27.669000,0 days 02:03:35.858000,1655.709166666666,36.0
2023-10-22 20:04:38.291,10001,190,5,0,True,0,car,0 days 00:00:27.869000,0 days 02:03:36.058000,1666.2647222222215,36.0
2023-10-22 20:04:38.571,9823,182,5,0,True,0,car,0 days 00:00:28.149000,0 days 02:03:36.338000,1680.420277777777,36.0
2023-10-22 20:04:38.971,9401,174,5,21,False,0,car,0 days 00:00:28.549000,0 days 02:03:36.738000,1699.7536111111103,36.0
2023-10-22 20:04:39.251,9530,173,5,46,False,0,car,0 days 00:00:28.829000,0 days 02:03:37.018000,1713.2091666666659,36.0
2023-10-22 20:04:39.451,9738,174,5,49,False,0,car,0 days 00:00:29.029000,0 days 02:03:37.218000,1722.8758333333326,36.0
2023-10-22 20:04:39.651,9751,177,5,62,False,0,car,0 days 00:00:29.229000,0 days 02:03:37.418000,1732.7091666666659,36.0
2023-10-22 20:04:39.811,9915,180,5,69,False,0,car,0 days 00:00:29.389000,0 days 02:03:37.578000,1740.7091666666659,36.0
2023-10-22 20:04:40.050,10190,186,5,71,False,0,car,0 days 00:00:29.628000,0 days 02:03:37.817000,1753.0574999999992,36.0
2023-10-22 20:04:40.450,9830,188,5,14,True,0,car,0 days 00:00:30.028000,0 days 02:03:38.217000,1773.9463888888881,36.0
2023-10-22 20:04:40.730,10417,174,5,0,True,0,car,0 days 00:00:30.308000,0 days 02:03:38.497000,1787.4797222222214,36.0
2023-10-22 20:04:41.090,9766,161,4,0,True,0,car,0 days 00:00:30.668000,0 days 02:03:38.857000,1803.5797222222213,36.0
2023-10-22 20:04:41.330,9229,153,4,0,True,0,car,0 days 00:00:30.908000,0 days 02:03:39.097000,1813.7797222222214,36.0
2023-10-22 20:04:41.610,8881,147,4,0,True,0,car,0 days 00:00:31.188000,0 days 02:03:39.377000,1825.2130555555545,36.0
2023-10-22 20:04:41.930,8297,139,4,0,False,0,car,0 days 00:00:31.508000,0 days 02:03:39.697000,1837.5686111111102,36.0
2023-10-22 20:04:42.090,8089,135,4,0,True,0,car,0 days 00:00:31.668000,0 days 02:03:39.857000,1843.5686111111102,36.0
2023-10-22 20:04:42.290,8000,130,4,0,True,0,car,0 days 00:00:31.868000,0 days 02:03:40.057000,1850.7908333333323,36.0
2023-10-22 20:04:42.490,7681,126,4,0,False,0,car,0 days 00:00:32.068000,0 days 02:03:40.257000,1857.7908333333323,36.0
2023-10-22 20:04:42.770,7802,123,4,24,False,0,car,0 days 00:00:32.348000,0 days 02:03:40.537000,1867.357499999999,36.0
2023-10-22 20:04:43.010,7846,123,4,38,False,0,car,0 days 00:00:32.588000,0 days 02:03:40.777000,1875.557499999999,36.0
2023-10-22 20:04:43.210,8185,126,4,46,False,0,car,0 days 00:00:32.788000,0 days 02:03:40.977000,1882.5574999999988,36.0
2023-10-22 20:04:43.530,8772,134,4,62,False,0,car,0 days 00:00:33.108000,0 days 02:03:41.297000,1894.4686111111098,36.0
2023-10-22 20:04:43.770,9193,139,4,67,False,0,car,0 days 00:00:33.348000,0 days 02:03:41.537000,1903.7352777777764,36.0
2023-10-22 20:04:44.291,9733,154,4,56,False,0,car,0 days 00:00:33.869000,0 days 02:03:42.058000,1926.0224999999987,36.0
2023-10-22 20:04:44.571,9804,157,4,51,False,0,car,0 days 00:00:34.149000,0 days 02:03:42.338000,1938.23361111111,36.0
2023-10-22 20:04:44.811,10266,159,4,57,False,0,car,0 days 00:00:34.389000,0 days 02:03:42.578000,1948.83361111111,36.0
2023-10-22 20:04:45.091,10779,164,4,71,False,0,car,0 days 00:00:34.669000,0 days 02:03:42.858000,1961.5891666666653,36.0
2023-10-22 20:04:45.251,10889,169,4,76,False,0,car,0 days 00:00:34.829000,0 days 02:03:43.018000,1969.1002777777765,36.0
2023-10-22 20:04:45.451,11169,176,4,81,False,0,car,0 days 00:00:35.029000,0 days 02:03:43.218000,1978.8780555555543,36.0
2023-10-22 20:04:45.731,11711,183,4,100,False,0,car,0 days 00:00:35.309000,0 days 02:03:43.498000,1993.1113888888874,36.0
2023-10-22 20:04:45.891,11477,183,4,100,False,0,car,0 days 00:00:35.469000,0 days 02:03:43.658000,2001.2447222222208,36.0
2023-10-22 20:04:46.331,10978,195,5,99,False,0,car,0 days 00:00:35.909000,0 days 02:03:44.098000,2025.078055555554,36.0
2023-10-22 20:04:46.531,10978,202,5,99,False,0,car,0 days 00:00:36.109000,0 days 02:03:44.298000,2036.3002777777765,36.0
2023-10-22 20:04:46.890,10514,219,5,100,False,0,car,0 days 00:00:36.468000,0 days 02:03:44.657000,2058.139444444443,36.0
2023-10-22 20:04:47.170,10767,228,6,100,False,0,car,0 days 00:00:36.748000,0 days 02:03:44.937000,2075.8727777777763,36.0
2023-10-22 20:04:47.450,11149,233,6,100,False,0,car,0 days 00:00:37.028000,0 days 02:03:45.217000,2093.9949999999985,36.0
2023-10-22 20:04:47.690,11315,233,6,100,False,0,car,0 days 00:00:37.268000,0 days 02:03:45.457000,2109.528333333332,36.0
2023-10-22 20:04:47.970,11446,244,6,99,False,0,car,0 days 00:00:37.548000,0 days 02:03:45.737000,2128.5061111111095,36.0
2023-10-22 20:04:48.130,11306,247,6,99,False,0,car,0 days 00:00:37.708000,0 days 02:03:45.897000,2139.483888888887,36.0
2023-10-22 20:04:48.330,10326,252,7,99,False,0,car,0 days 00:00:37.908000,0 days 02:03:46.097000,2153.483888888887,36.0
2023-10-22 20:04:48.690,10629,256,7,99,False,0,car,0 days 00:00:38.268000,0 days 02:03:46.457000,2179.083888888887,36.0
2023-10-22 20:04:48.890,10755,259,7,99,False,0,car,0 days 00:00:38.468000,0 days 02:03:46.657000,2193.472777777776,36.0
2023-10-22 20:04:49.130,10896,263,7,100,False,0,car,0 days 00:00:38.708000,0 days 02:03:46.897000,2211.006111111109,36.0
2023-10-22 20:04:49.410,11122,265,7,100,False,0,car,0 days 00:00:38.988000,0 days 02:03:47.177000,2231.6172222222203,36.0
2023-10-22 20:04:49.570,11164,269,7,99,False,0,car,0 days 00:00:39.148000,0 days 02:03:47.337000,2243.572777777776,36.0
2023-10-22 20:04:50.050,11423,275,7,99,False,0,car,0 days 00:00:39.628000,0 days 02:03:47.817000,2280.2394444444426,36.0
2023-10-22 20:04:50.330,11572,279,7,99,False,0,car,0 days 00:00:39.908000,0 days 02:03:48.097000,2301.939444444443,36.0
2023-10-22 20:04:50.651,10359,282,8,99,False,0,car,0 days 00:00:40.229000,0 days 02:03:48.418000,2327.084444444443,36.0
2023-10-22 20:04:51.051,10519,286,8,99,False,0,car,0 days 00:00:40.629000,0 days 02:03:48.818000,2358.8622222222207,36.0
2023-10-22 20:04:51.451,10287,280,8,0,False,0,car,0 days 00:00:41.029000,0 days 02:03:49.218000,2389.9733333333324,36.0
2023-10-22 20:04:51.891,9447,261,8,0,True,0,car,0 days 00:00:41.469000,0 days 02:03:49.658000,2421.873333333332,36.0
2023-10-22 20:04:52.051,9919,237,7,0,True,0,car,0 days 00:00:41.629000,0 days 02:03:49.818000,2432.4066666666654,36.0
2023-10-22 20:04:52.411,10528,192,7,0,True,0,car,0 days 00:00:41.989000,0 days 02:03:50.178000,2451.606666666665,36.0
2023-10-22 20:04:52.571,9408,172,6,0,True,0,car,0 days 00:00:42.149000,0 days 02:03:50.338000,2459.25111111111,36.0
2023-10-22 20:04:52.811,9501,157,5,0,True,0,car,0 days 00:00:42.389000,0 days 02:03:50.578000,2469.7177777777765,36.0
2023-10-22 20:04:53.051,9639,136,5,0,True,0,car,0 days 00:00:42.629000,0 days 02:03:50.818000,2478.784444444443,36.0
2023-10-22 20:04:53.371,8247,118,3,0,True,0,car,0 days 00:00:42.949000,0 days 02:03:51.138000,2489.273333333332,36.0
2023-10-22 20:04:53.570,7496,112,3,0,True,0,car,0 days 00:00:43.148000,0 days 02:03:51.337000,2495.4644444444434,36.0
2023-10-22 20:04:53.730,7267,103,3,0,True,0,car,0 days 00:00:43.308000,0 days 02:03:51.497000,2500.042222222221,36.0
2023-10-22 20:04:54.090,6089,88,3,0,True,0,car,0 days 00:00:43.668000,0 days 02:03:51.857000,2508.842222222221,36.0
2023-10-22 20:04:54.330,5672,80,3,0,True,0,car,0 days 00:00:43.908000,0 days 02:03:52.097000,2514.1755555555546,36.0
2023-10-22 20:04:54.650,5019,72,3,0,True,0,car,0 days 00:00:44.228000,0 days 02:03:52.417000,2520.5755555555547,36.0
2023-10-22 20:04:55.010,4677,68,3,0,False,0,car,0 days 00:00:44.588000,0 days 02:03:52.777000,2527.375555555555,36.0
2023-10-22 20:04:55.450,4528,63,3,0,False,0,car,0 days 00:00:45.028000,0 days 02:03:53.217000,2535.0755555555547,36.0
2023-10-22 20:04:55.850,4891,65,3,16,False,0,car,0 days 00:00:45.428000,0 days 02:03:53.617000,2542.297777777777,36.0
2023-10-22 20:04:56.210,5292,68,3,26,False,0,car,0 days 00:00:45.788000,0 days 02:03:53.977000,2549.097777777777,36.0
2023-10-22 20:04:56.370,5625,72,3,26,False,0,car,0 days 00:00:45.948000,0 days 02:03:54.137000,2552.2977777777774,36.0
2023-10-22 20:04:57.331,7874,97,3,41,False,0,car,0 days 00:00:46.909000,0 days 02:03:55.098000,2578.1913888888885,36.0
2023-10-22 20:04:57.491,7835,97,3,42,False,0,car,0 days 00:00:47.069000,0 days 02:03:55.258000,2582.5024999999996,36.0
2023-10-22 20:04:57.651,8090,107,3,54,False,0,car,0 days 00:00:47.229000,0 days 02:03:55.418000,2587.258055555555,36.0
2023-10-22 20:04:57.971,9040,113,3,65,False,0,car,0 days 00:00:47.549000,0 days 02:03:55.738000,2597.3024999999993,36.0
2023-10-22 20:04:58.251,9940,132,3,76,False,0,car,0 days 00:00:47.829000,0 days 02:03:56.018000,2607.569166666666,36.0
2023-10-22 20:04:58.451,10822,142,3,90,False,0,car,0 days 00:00:48.029000,0 days 02:03:56.218000,2615.4580555555553,36.0
2023-10-22 20:04:58.691,11451,148,3,100,False,0,car,0 days 00:00:48.269000,0 days 02:03:56.458000,2625.3247222222217,36.0
2023-10-22 20:04:59.011,11023,167,3,100,False,0,car,0 days 00:00:48.589000,0 days 02:03:56.778000,2640.169166666666,36.0
2023-10-22 20:04:59.291,10898,180,4,100,False,0,car,0 days 00:00:48.869000,0 days 02:03:57.058000,2654.169166666666,36.0
2023-10-22 20:04:59.691,10673,195,5,100,False,0,car,0 days 00:00:49.269000,0 days 02:03:57.458000,2675.8358333333326,36.0
2023-10-22 20:04:59.891,11011,202,5,100,False,0,car,0 days 00:00:49.469000,0 days 02:03:57.658000,2687.058055555555,36.0
2023-10-22 20:05:00.051,11364,209,5,100,False,0,car,0 days 00:00:49.629000,0 days 02:03:57.818000,2696.3469444444436,36.0
2023-10-22 20:05:00.410,11333,217,5,100,False,0,car,0 days 00:00:49.988000,0 days 02:03:58.177000,2717.9866666666658,36.0
2023-10-22 20:05:00.730,10783,227,6,100,False,0,car,0 days 00:00:50.308000,0 days 02:03:58.497000,2738.1644444444437,36.0
2023-10-22 20:05:00.930,11008,233,6,100,False,0,car,0 days 00:00:50.508000,0 days 02:03:58.697000,2751.1088888888885,36.0
2023-10-22 20:05:01.130,11195,235,6,100,False,0,car,0 days 00:00:50.708000,0 days 02:03:58.897000,2764.1644444444437,36.0
2023-10-22 20:05:01.330,11280,241,6,100,False,0,car,0 days 00:00:50.908000,0 days 02:03:59.097000,2777.553333333333,36.0
2023-10-22 20:05:01.770,11056,248,6,100,False,0,car,0 days 00:00:51.348000,0 days 02:03:59.537000,2807.864444444444,36.0
2023-10-22 20:05:01.930,10414,251,7,100,False,0,car,0 days 00:00:51.508000,0 days 02:03:59.697000,2819.02,36.0
2023-10-22 20:05:02.370,10737,258,7,100,False,0,car,0 days 00:00:51.948000,0 days 02:04:00.137000,2850.5533333333333,36.0
2023-10-22 20:05:02.530,10769,259,7,100,False,0,car,0 days 00:00:52.108000,0 days 02:04:00.297000,2862.0644444444442,36.0
2023-10-22 20:05:02.730,10958,263,7,100,False,0,car,0 days 00:00:52.308000,0 days 02:04:00.497000,2876.6755555555555,36.0
2023-10-22 20:05:03.010,11032,265,7,99,False,0,car,0 days 00:00:52.588000,0 days 02:04:00.777000,2897.286666666667,36.0
2023-10-22 20:05:03.210,11077,267,7,100,False,0,car,0 days 00:00:52.788000,0 days 02:04:00.977000,2912.12,36.0
2023-10-22 20:05:03.530,11270,271,7,99,False,0,car,0 days 00:00:53.108000,0 days 02:04:01.297000,2936.208888888889,36.0
2023-10-22 20:05:03.851,11301,273,7,100,False,0,car,0 days 00:00:53.429000,0 days 02:04:01.618000,2960.551388888889,36.0
2023-10-22 20:05:04.171,11451,276,7,100,False,0,car,0 days 00:00:53.749000,0 days 02:04:01.938000,2985.0847222222224,36.0
2023-10-22 20:05:04.371,11536,277,7,100,False,0,car,0 days 00:00:53.949000,0 days 02:04:02.138000,3000.473611111111,36.0
2023-10-22 20:05:04.731,10196,279,8,100,False,0,car,0 days 00:00:54.309000,0 days 02:04:02.498000,3028.373611111111,36.0
2023-10-22 20:05:05.011,10457,280,8,100,False,0,car,0 days 00:00:54.589000,0 days 02:04:02.778000,3050.151388888889,36.0
2023-10-22 20:05:05.451,10466,284,8,100,False,0,car,0 days 00:00:55.029000,0 days 02:04:03.218000,3084.8625000000006,36.0
2023-10-22 20:05:05.811,10524,285,8,100,False,0,car,0 days 00:00:55.389000,0 days 02:04:03.578000,3113.3625000000006,36.0
2023-10-22 20:05:06.011,10524,286,8,100,False,0,car,0 days 00:00:55.589000,0 days 02:04:03.778000,3129.2513888888893,36.0
2023-10-22 20:05:06.251,10624,289,8,100,False,0,car,0 days 00:00:55.829000,0 days 02:04:04.018000,3148.518055555556,36.0
2023-10-22 20:05:06.411,10658,289,8,100,False,0,car,0 days 00:00:55.989000,0 days 02:04:04.178000,3161.3625,36.0
2023-10-22 20:05:06.771,10741,292,8,100,False,0,car,0 days 00:00:56.349000,0 days 02:04:04.538000,3190.5625,36.0
2023-10-22 20:05:07.090,10793,293,8,100,False,0,car,0 days 00:00:56.668000,0 days 02:04:04.857000,3216.525555555556,36.0
2023-10-22 20:05:07.250,10813,293,8,100,False,0,car,0 days 00:00:56.828000,0 days 02:04:05.017000,3229.5477777777783,36.0
2023-10-22 20:05:07.410,10837,294,8,100,False,0,car,0 days 00:00:56.988000,0 days 02:04:05.177000,3242.614444444445,36.0
2023-10-22 20:05:07.610,10853,294,8,100,False,0,car,0 days 00:00:57.188000,0 days 02:04:05.377000,3258.9477777777784,36.0
2023-10-22 20:05:07.890,10867,295,8,100,False,0,car,0 days 00:00:57.468000,0 days 02:04:05.657000,3281.8922222222227,36.0
2023-10-22 20:05:08.330,10870,295,8,100,False,0,car,0 days 00:00:57.908000,0 days 02:04:06.097000,3317.947777777778,36.0
2023-10-22 20:05:08.570,10898,296,8,100,False,0,car,0 days 00:00:58.148000,0 days 02:04:06.337000,3337.6811111111115,36.0
2023-10-22 20:05:08.850,10908,296,8,100,False,0,car,0 days 00:00:58.428000,0 days 02:04:06.617000,3360.7033333333334,36.0
2023-10-22 20:05:09.050,10913,296,8,100,False,0,car,0 days 00:00:58.628000,0 days 02:04:06.817000,3377.147777777778,36.0
2023-10-22 20:05:09.250,10959,297,8,100,False,0,car,0 days 00:00:58.828000,0 days 02:04:07.017000,3393.6477777777786,36.0
2023-10-22 20:05:09.530,10935,297,8,100,False,0,car,0 days 00:00:59.108000,0 days 02:04:07.297000,3416.747777777778,36.0
2023-10-22 20:05:09.850,10817,298,8,100,False,0,car,0 days 00:00:59.428000,0 days 02:04:07.617000,3443.236666666667,36.0
2023-10-22 20:05:10.170,10961,298,8,100,False,0,car,0 days 00:00:59.748000,0 days 02:04:07.937000,3469.725555555556,36.0
2023-10-22 20:05:10.611,10971,298,8,100,False,0,car,0 days 00:01:00.189000,0 days 02:04:08.378000,3506.2305555555563,36.0
2023-10-22 20:05:10.811,10975,299,8,100,False,0,car,0 days 00:01:00.389000,0 days 02:04:08.578000,3522.8416666666676,36.0
2023-10-22 20:05:10.971,10975,299,8,100,False,0,car,0 days 00:01:00.549000,0 days 02:04:08.738000,3536.1305555555564,36.0
2023-10-22 20:05:11.171,10985,299,8,100,False,0,car,0 days 00:01:00.749000,0 days 02:04:08.938000,3552.7416666666677,36.0
2023-10-22 20:05:11.491,10787,298,8,100,False,0,car,0 days 00:01:01.069000,0 days 02:04:09.258000,3579.2305555555567,36.0
2023-10-22 20:05:11.811,10305,284,8,0,True,0,car,0 days 00:01:01.389000,0 days 02:04:09.578000,3604.4750000000013,36.0
2023-10-22 20:05:12.091,9576,252,8,0,True,0,car,0 days 00:01:01.669000,0 days 02:04:09.858000,3624.0750000000007,36.0
2023-10-22 20:05:12.251,9319,230,8,0,True,0,car,0 days 00:01:01.829000,0 days 02:04:10.018000,3634.2972222222234,36.0
2023-10-22 20:05:12.571,9207,195,8,0,True,0,car,0 days 00:01:02.149000,0 days 02:04:10.338000,3651.630555555557,36.0
2023-10-22 20:05:12.771,9316,175,8,0,True,0,car,0 days 00:01:02.349000,0 days 02:04:10.538000,3661.352777777779,36.0
2023-10-22 20:05:13.011,8713,156,5,0,True,0,car,0 days 00:01:02.589000,0 days 02:04:10.778000,3671.752777777779,36.0
2023-10-22 20:05:13.251,8701,134,5,0,True,0,car,0 days 00:01:02.829000,0 days 02:04:11.018000,3680.6861111111125,36.0
2023-10-22 20:05:13.650,8121,114,3,0,True,0,car,0 days 00:01:03.228000,0 days 02:04:11.417000,3693.3211111111127,36.0
2023-10-22 20:05:13.850,7466,106,3,0,True,0,car,0 days 00:01:03.428000,0 days 02:04:11.617000,3699.2100000000014,36.0
2023-10-22 20:05:14.090,7021,101,3,0,True,0,car,0 days 00:01:03.668000,0 days 02:04:11.857000,3705.943333333335,36.0
2023-10-22 20:05:14.450,6511,93,3,0,True,0,car,0 days 00:01:04.028000,0 days 02:04:12.217000,3715.243333333335,36.0
2023-10-22 20:05:14.890,6053,87,3,0,False,0,car,0 days 00:01:04.468000,0 days 02:04:12.657000,3725.8766666666684,36.0
2023-10-22 20:05:15.130,6188,84,3,2,False,0,car,0 days 00:01:04.708000,0 days 02:04:12.897000,3731.4766666666683,36.0
2023-10-22 20:05:15.450,6316,85,3,21,False,0,car,0 days 00:01:05.028000,0 days 02:04:13.217000,3739.032222222224,36.0
2023-10-22 20:05:15.690,6568,88,3,39,False,0,car,0 days 00:01:05.268000,0 days 02:04:13.457000,3744.8988888888903,36.0
2023-10-22 20:05:16.090,7545,99,3,52,False,0,car,0 days 00:01:05.668000,0 days 02:04:13.857000,3755.8988888888903,36.0
2023-10-22 20:05:16.330,8125,110,3,59,False,0,car,0 days 00:01:05.908000,0 days 02:04:14.097000,3763.2322222222233,36.0
2023-10-22 20:05:16.490,8658,114,3,69,False,0,car,0 days 00:01:06.068000,0 days 02:04:14.257000,3768.29888888889,36.0
2023-10-22 20:05:16.931,10617,138,3,84,False,0,car,0 days 00:01:06.509000,0 days 02:04:14.698000,3785.20388888889,36.0
2023-10-22 20:05:17.171,11180,148,3,100,False,0,car,0 days 00:01:06.749000,0 days 02:04:14.938000,3795.0705555555564,36.0
2023-10-22 20:05:17.331,11356,158,3,100,False,0,car,0 days 00:01:06.909000,0 days 02:04:15.098000,3802.0927777777792,36.0
2023-10-22 20:05:17.531,10382,167,3,100,False,0,car,0 days 00:01:07.109000,0 days 02:04:15.298000,3811.3705555555566,36.0
2023-10-22 20:05:17.691,10808,171,4,100,False,0,car,0 days 00:01:07.269000,0 days 02:04:15.458000,3818.970555555557,36.0
2023-10-22 20:05:17.851,11300,179,4,100,False,0,car,0 days 00:01:07.429000,0 days 02:04:15.618000,3826.9261111111123,36.0
2023-10-22 20:05:18.091,10040,186,4,100,False,0,car,0 days 00:01:07.669000,0 days 02:04:15.858000,3839.326111111112,36.0
2023-10-22 20:05:18.291,10382,191,5,100,False,0,car,0 days 00:01:07.869000,0 days 02:04:16.058000,3849.937222222223,36.0
2023-10-22 20:05:18.571,10149,198,5,100,False,0,car,0 days 00:01:08.149000,0 days 02:04:16.338000,3865.3372222222233,36.0
2023-10-22 20:05:18.731,9987,186,5,0,False,0,car,0 days 00:01:08.309000,0 days 02:04:16.498000,3873.6038888888897,36.0
2023-10-22 20:05:19.171,10353,156,5,0,True,0,car,0 days 00:01:08.749000,0 days 02:04:16.938000,3892.6705555555563,36.0
2023-10-22 20:05:19.531,9706,135,3,0,True,0,car,0 days 00:01:09.109000,0 days 02:04:17.298000,3906.1705555555563,36.0
2023-10-22 20:05:19.731,8926,125,3,0,True,0,car,0 days 00:01:09.309000,0 days 02:04:17.498000,3913.1150000000007,36.0
2023-10-22 20:05:19.971,8414,118,3,0,True,0,car,0 days 00:01:09.549000,0 days 02:04:17.738000,3920.9816666666675,36.0
2023-10-22 20:05:20.251,7864,110,3,0,True,0,car,0 days 00:01:09.829000,0 days 02:04:18.018000,3929.5372222222227,36.0
2023-10-22 20:05:20.570,7296,104,3,0,True,0,car,0 days 00:01:10.148000,0 days 02:04:18.337000,3938.752777777778,36.0
2023-10-22 20:05:20.770,7101,100,3,0,False,0,car,0 days 00:01:10.348000,0 days 02:04:18.537000,3944.308333333334,36.0
2023-10-22 20:05:21.010,7015,97,3,0,False,0,car,0 days 00:01:10.588000,0 days 02:04:18.777000,3950.7750000000005,36.0
2023-10-22 20:05:21.170,6798,96,3,0,False,0,car,0 days 00:01:10.748000,0 days 02:04:18.937000,3955.0416666666674,36.0
2023-10-22 20:05:21.650,6859,91,3,15,False,0,car,0 days 00:01:11.228000,0 days 02:04:19.417000,3967.1750000000006,36.0
2023-10-22 20:05:21.890,7075,93,3,35,False,0,car,0 days 00:01:11.468000,0 days 02:04:19.657000,3973.375000000001,36.0
2023-10-22 20:05:22.170,7417,98,3,37,False,0,car,0 days 00:01:11.748000,0 days 02:04:19.937000,3980.997222222223,36.0
2023-10-22 20:05:22.450,7858,104,3,42,False,0,car,0 days 00:01:12.028000,0 days 02:04:20.217000,3989.086111111112,36.0
2023-10-22 20:05:22.650,7997,109,3,46,False,0,car,0 days 00:01:12.228000,0 days 02:04:20.417000,3995.1416666666673,36.0
2023-10-22 20:05:23.050,9056,119,3,54,False,0,car,0 days 00:01:12.628000,0 days 02:04:20.817000,4008.36388888889,36.0
2023-10-22 20:05:23.250,9504,125,3,58,False,0,car,0 days 00:01:12.828000,0 days 02:04:21.017000,4015.3083333333343,36.0
2023-10-22 20:05:23.531,10156,135,3,67,False,0,car,0 days 00:01:13.109000,0 days 02:04:21.298000,4025.845833333334,36.0
2023-10-22 20:05:23.891,10984,147,3,100,False,0,car,0 days 00:01:13.469000,0 days 02:04:21.658000,4040.545833333334,36.0
2023-10-22 20:05:24.091,11530,154,3,100,False,0,car,0 days 00:01:13.669000,0 days 02:04:21.858000,4049.1013888888897,36.0
2023-10-22 20:05:24.291,10270,161,3,100,False,0,car,0 days 00:01:13.869000,0 days 02:04:22.058000,4058.0458333333345,36.0
2023-10-22 20:05:25.371,10483,194,5,99,False,0,car,0 days 00:01:14.949000,0 days 02:04:23.138000,4116.245833333334,36.0
2023-10-22 20:05:25.611,10292,188,5,0,True,0,car,0 days 00:01:15.189000,0 days 02:04:23.378000,4128.779166666667,36.0
2023-10-22 20:05:25.811,10055,183,5,0,True,0,car,0 days 00:01:15.389000,0 days 02:04:23.578000,4138.945833333334,36.0
2023-10-22 20:05:26.011,10055,167,4,0,True,0,car,0 days 00:01:15.589000,0 days 02:04:23.778000,4148.223611111112,36.0
2023-10-22 20:05:26.251,9125,151,4,0,True,0,car,0 days 00:01:15.829000,0 days 02:04:24.018000,4158.290277777779,36.0
2023-10-22 20:05:26.411,9825,147,4,0,True,0,car,0 days 00:01:15.989000,0 days 02:04:24.178000,4164.823611111113,36.0
2023-10-22 20:05:26.611,9714,143,3,0,True,0,car,0 days 00:01:16.189000,0 days 02:04:24.378000,4172.768055555557,36.0
2023-10-22 20:05:26.851,9132,125,3,0,True,0,car,0 days 00:01:16.429000,0 days 02:04:24.618000,4181.101388888891,36.0
2023-10-22 20:05:27.130,8992,116,3,0,True,0,car,0 days 00:01:16.708000,0 days 02:04:24.897000,4190.091388888891,36.0
2023-10-22 20:05:27.450,7552,107,3,0,True,0,car,0 days 00:01:17.028000,0 days 02:04:25.217000,4199.602500000002,36.0
2023-10-22 20:05:27.890,6862,97,3,0,True,0,car,0 days 00:01:17.468000,0 days 02:04:25.657000,4211.458055555558,36.0
2023-10-22 20:05:28.050,6423,93,3,0,True,0,car,0 days 00:01:17.628000,0 days 02:04:25.817000,4215.591388888891,36.0
2023-10-22 20:05:28.330,6105,87,3,0,True,0,car,0 days 00:01:17.908000,0 days 02:04:26.097000,4222.358055555557,36.0
2023-10-22 20:05:28.490,6010,86,3,0,True,0,car,0 days 00:01:18.068000,0 days 02:04:26.257000,4226.180277777779,36.0
2023-10-22 20:05:28.730,5692,81,3,0,False,0,car,0 days 00:01:18.308000,0 days 02:04:26.497000,4231.58027777778,36.0
2023-10-22 20:05:29.170,5714,77,3,0,False,0,car,0 days 00:01:18.748000,0 days 02:04:26.937000,4240.991388888891,36.0
2023-10-22 20:05:29.450,6041,80,3,23,False,0,car,0 days 00:01:19.028000,0 days 02:04:27.217000,4247.213611111114,36.0
2023-10-22 20:05:29.730,6317,85,3,36,False,0,car,0 days 00:01:19.308000,0 days 02:04:27.497000,4253.824722222225,36.0
2023-10-22 20:05:29.930,6800,85,3,41,False,0,car,0 days 00:01:19.508000,0 days 02:04:27.697000,4258.546944444447,36.0
2023-10-22 20:05:30.211,7338,95,3,46,False,0,car,0 days 00:01:19.789000,0 days 02:04:27.978000,4265.962222222225,36.0
2023-10-22 20:05:30.531,8126,106,3,55,False,0,car,0 days 00:01:20.109000,0 days 02:04:28.298000,4275.384444444448,36.0
2023-10-22 20:05:30.731,8569,114,3,69,False,0,car,0 days 00:01:20.309000,0 days 02:04:28.498000,4281.717777777781,36.0
2023-10-22 20:05:30.931,9296,124,3,73,False,0,car,0 days 00:01:20.509000,0 days 02:04:28.698000,4288.606666666669,36.0
2023-10-22 20:05:31.211,9883,134,3,84,False,0,car,0 days 00:01:20.789000,0 days 02:04:28.978000,4299.028888888892,36.0
2023-10-22 20:05:31.451,11445,150,3,100,False,0,car,0 days 00:01:21.029000,0 days 02:04:29.218000,4309.028888888892,36.0
2023-10-22 20:05:31.691,11195,156,3,100,False,0,car,0 days 00:01:21.269000,0 days 02:04:29.458000,4319.428888888892,36.0
2023-10-22 20:05:31.971,10282,168,4,100,False,0,car,0 days 00:01:21.549000,0 days 02:04:29.738000,4332.495555555559,36.0
2023-10-22 20:05:32.291,11629,184,4,99,False,0,car,0 days 00:01:21.869000,0 days 02:04:30.058000,4348.851111111114,36.0
2023-10-22 20:05:32.651,10694,195,5,100,False,0,car,0 days 00:01:22.229000,0 days 02:04:30.418000,4368.351111111114,36.0
2023-10-22 20:05:32.891,11160,205,5,100,False,0,car,0 days 00:01:22.469000,0 days 02:04:30.658000,4382.01777777778,36.0
2023-10-22 20:05:33.131,11563,213,5,100,False,0,car,0 days 00:01:22.709000,0 days 02:04:30.898000,4396.217777777781,36.0
2023-10-22 20:05:33.371,11677,214,5,100,False,0,car,0 days 00:01:22.949000,0 days 02:04:31.138000,4410.484444444447,36.0
2023-10-22 20:05:33.571,10277,216,5,100,False,0,car,0 days 00:01:23.149000,0 days 02:04:31.338000,4422.484444444447,36.0
2023-10-22 20:05:33.890,10820,226,6,100,False,0,car,0 days 00:01:23.468000,0 days 02:04:31.657000,4442.510555555558,36.0
2023-10-22 20:05:34.090,10987,226,6,100,False,0,car,0 days 00:01:23.668000,0 days 02:04:31.857000,4455.066111111114,36.0
2023-10-22 20:05:34.290,10972,229,6,100,False,0,car,0 days 00:01:23.868000,0 days 02:04:32.057000,4467.788333333336,36.0
2023-10-22 20:05:34.490,11042,232,6,100,False,0,car,0 days 00:01:24.068000,0 days 02:04:32.257000,4480.677222222224,36.0
2023-10-22 20:05:34.770,11063,234,6,100,False,0,car,0 days 00:01:24.348000,0 days 02:04:32.537000,4498.877222222224,36.0
2023-10-22 20:05:35.050,11106,236,6,100,False,0,car,0 days 00:01:24.628000,0 days 02:04:32.817000,4517.23277777778,36.0
2023-10-22 20:05:35.290,11263,237,6,99,False,0,car,0 days 00:01:24.868000,0 days 02:04:33.057000,4533.032777777779,36.0
2023-10-22 20:05:35.610,11264,239,6,100,False,0,car,0 days 00:01:25.188000,0 days 02:04:33.377000,4554.277222222224,36.0
2023-10-22 20:05:35.930,11367,240,6,100,False,0,car,0 days 00:01:25.508000,0 days 02:04:33.697000,4575.610555555557,36.0
2023-10-22 20:05:36.370,11508,242,6,100,False,0,car,0 days 00:01:25.948000,0 days 02:04:34.137000,4605.188333333334,36.0
2023-10-22 20:05:36.610,11482,242,6,100,False,0,car,0 days 00:01:26.188000,0 days 02:04:34.377000,4621.3216666666685,36.0
2023-10-22 20:05:36.891,11520,244,6,100,False,0,car,0 days 00:01:26.469000,0 days 02:04:34.658000,4640.367222222224,36.0
2023-10-22 20:05:37.051,10820,245,7,100,False,0,car,0 days 00:01:26.629000,0 days 02:04:34.818000,4651.256111111114,36.0
2023-10-22 20:05:37.251,10311,246,7,100,False,0,car,0 days 00:01:26.829000,0 days 02:04:35.018000,4664.92277777778,36.0
2023-10-22 20:05:37.571,10305,248,7,100,False,0,car,0 days 00:01:27.149000,0 days 02:04:35.338000,4686.967222222224,36.0
2023-10-22 20:05:37.771,10359,249,7,100,False,0,car,0 days 00:01:27.349000,0 days 02:04:35.538000,4700.800555555558,36.0
2023-10-22 20:05:37.931,10395,250,7,100,False,0,car,0 days 00:01:27.509000,0 days 02:04:35.698000,4711.91166666667,36.0
2023-10-22 20:05:38.091,10559,250,7,100,False,0,car,0 days 00:01:27.669000,0 days 02:04:35.858000,4723.022777777781,36.0
2023-10-22 20:05:38.331,10760,253,7,99,False,0,car,0 days 00:01:27.909000,0 days 02:04:36.098000,4739.889444444449,36.0
2023-10-22 20:05:38.571,10559,254,7,100,False,0,car,0 days 00:01:28.149000,0 days 02:04:36.338000,4756.822777777782,36.0
2023-10-22 20:05:39.251,10765,258,7,100,False,0,car,0 days 00:01:28.829000,0 days 02:04:37.018000,4805.556111111115,36.0
2023-10-22 20:05:39.451,10801,259,7,99,False,0,car,0 days 00:01:29.029000,0 days 02:04:37.218000,4819.945000000003,36.0
2023-10-22 20:05:39.811,10874,262,7,99,False,0,car,0 days 00:01:29.389000,0 days 02:04:37.578000,4846.145000000003,36.0
2023-10-22 20:05:40.011,10905,263,7,99,False,0,car,0 days 00:01:29.589000,0 days 02:04:37.778000,4860.7561111111145,36.0
2023-10-22 20:05:40.251,10705,266,7,100,False,0,car,0 days 00:01:29.829000,0 days 02:04:38.018000,4878.489444444447,36.0
2023-10-22 20:05:40.650,9733,239,7,0,True,0,car,0 days 00:01:30.228000,0 days 02:04:38.417000,4904.978611111113,36.0
2023-10-22 20:05:40.850,10276,222,7,0,True,0,car,0 days 00:01:30.428000,0 days 02:04:38.617000,4917.311944444447,36.0
2023-10-22 20:05:41.130,9807,205,6,0,True,0,car,0 days 00:01:30.708000,0 days 02:04:38.897000,4933.256388888892,36.0
2023-10-22 20:05:41.450,10507,193,5,0,True,0,car,0 days 00:01:31.028000,0 days 02:04:39.217000,4950.411944444448,36.0
2023-10-22 20:05:41.690,10070,188,5,0,False,0,car,0 days 00:01:31.268000,0 days 02:04:39.457000,4962.945277777781,36.0
2023-10-22 20:05:42.050,9681,181,5,20,False,0,car,0 days 00:01:31.628000,0 days 02:04:39.817000,4981.045277777781,36.0
2023-10-22 20:05:42.210,9664,180,5,26,False,0,car,0 days 00:01:31.788000,0 days 02:04:39.977000,4989.045277777781,36.0
2023-10-22 20:05:42.530,9666,178,5,48,False,0,car,0 days 00:01:32.108000,0 days 02:04:40.297000,5004.867500000004,36.0
2023-10-22 20:05:42.890,10245,185,5,99,False,0,car,0 days 00:01:32.468000,0 days 02:04:40.657000,5023.367500000004,36.0
2023-10-22 20:05:43.090,10805,190,5,100,False,0,car,0 days 00:01:32.668000,0 days 02:04:40.857000,5033.92305555556,36.0
2023-10-22 20:05:43.451,11267,205,5,100,False,0,car,0 days 00:01:33.029000,0 days 02:04:41.218000,5054.480000000003,36.0
2023-10-22 20:05:43.691,11224,210,5,100,False,0,car,0 days 00:01:33.269000,0 days 02:04:41.458000,5068.480000000004,36.0
2023-10-22 20:05:43.931,10608,214,5,100,False,0,car,0 days 00:01:33.509000,0 days 02:04:41.698000,5082.7466666666705,36.0
2023-10-22 20:05:44.131,10415,220,6,100,False,0,car,0 days 00:01:33.709000,0 days 02:04:41.898000,5094.968888888893,36.0
2023-10-22 20:05:44.411,10601,223,6,100,False,0,car,0 days 00:01:33.989000,0 days 02:04:42.178000,5112.313333333338,36.0
2023-10-22 20:05:44.651,10726,229,6,100,False,0,car,0 days 00:01:34.229000,0 days 02:04:42.418000,5127.5800000000045,36.0
2023-10-22 20:05:44.971,11031,233,6,100,False,0,car,0 days 00:01:34.549000,0 days 02:04:42.738000,5148.291111111116,36.0
2023-10-22 20:05:45.331,11044,238,6,100,False,0,car,0 days 00:01:34.909000,0 days 02:04:43.098000,5172.091111111116,36.0
2023-10-22 20:05:45.571,10155,219,6,0,True,0,car,0 days 00:01:35.149000,0 days 02:04:43.338000,5186.691111111116,36.0
2023-10-22 20:05:45.891,10466,191,5,0,True,0,car,0 days 00:01:35.469000,0 days 02:04:43.658000,5203.668888888893,36.0
2023-10-22 20:05:46.051,10498,175,5,0,True,0,car,0 days 00:01:35.629000,0 days 02:04:43.818000,5211.446666666671,36.0
2023-10-22 20:05:46.291,10530,157,5,0,True,0,car,0 days 00:01:35.869000,0 days 02:04:44.058000,5221.9133333333375,36.0
2023-10-22 20:05:46.611,10022,136,3,0,True,0,car,0 days 00:01:36.189000,0 days 02:04:44.378000,5234.002222222226,36.0
2023-10-22 20:05:47.011,8086,116,3,0,True,0,car,0 days 00:01:36.589000,0 days 02:04:44.778000,5246.891111111115,36.0
2023-10-22 20:05:47.450,6911,99,3,0,True,0,car,0 days 00:01:37.028000,0 days 02:04:45.217000,5258.963611111115,36.0
2023-10-22 20:05:47.650,6631,94,3,0,True,0,car,0 days 00:01:37.228000,0 days 02:04:45.417000,5264.185833333337,36.0
2023-10-22 20:05:47.850,6439,92,3,0,True,0,car,0 days 00:01:37.428000,0 days 02:04:45.617000,5269.296944444448,36.0
2023-10-22 20:05:48.210,6929,89,3,11,False,0,car,0 days 00:01:37.788000,0 days 02:04:45.977000,5278.196944444448,36.0
2023-10-22 20:05:48.570,6664,88,3,19,False,0,car,0 days 00:01:38.148000,0 days 02:04:46.337000,5286.996944444448,36.0
2023-10-22 20:05:48.890,7155,93,3,38,False,0,car,0 days 00:01:38.468000,0 days 02:04:46.657000,5295.263611111114,36.0
2023-10-22 20:05:49.170,7499,99,3,40,False,0,car,0 days 00:01:38.748000,0 days 02:04:46.937000,5302.963611111114,36.0
2023-10-22 20:05:49.410,7858,103,3,51,False,0,car,0 days 00:01:38.988000,0 days 02:04:47.177000,5309.830277777781,36.0
2023-10-22 20:05:49.650,8898,113,3,57,False,0,car,0 days 00:01:39.228000,0 days 02:04:47.417000,5317.363611111114,36.0
2023-10-22 20:05:50.091,9605,123,3,70,False,0,car,0 days 00:01:39.669000,0 days 02:04:47.858000,5332.431111111114,36.0
2023-10-22 20:05:50.531,11457,152,3,100,False,0,car,0 days 00:01:40.109000,0 days 02:04:48.298000,5351.008888888891,36.0
2023-10-22 20:05:50.891,10651,166,4,99,False,0,car,0 days 00:01:40.469000,0 days 02:04:48.658000,5367.608888888892,36.0
2023-10-22 20:05:51.171,11492,178,4,100,False,0,car,0 days 00:01:40.749000,0 days 02:04:48.938000,5381.453333333337,36.0
2023-10-22 20:05:51.571,10508,192,4,100,False,0,car,0 days 00:01:41.149000,0 days 02:04:49.338000,5402.7866666666705,36.0
2023-10-22 20:05:51.891,11068,202,5,100,False,0,car,0 days 00:01:41.469000,0 days 02:04:49.658000,5420.742222222226,36.0
2023-10-22 20:05:52.051,11416,209,5,100,False,0,car,0 days 00:01:41.629000,0 days 02:04:49.818000,5430.031111111115,36.0
2023-10-22 20:05:52.251,11217,214,5,100,False,0,car,0 days 00:01:41.829000,0 days 02:04:50.018000,5441.920000000003,36.0
2023-10-22 20:05:52.571,10534,222,6,100,False,0,car,0 days 00:00:00.274000,0 days 02:04:50.338000,16.89666666666667,37.0
2023-10-22 20:05:52.731,10747,227,6,100,False,0,car,0 days 00:00:00.434000,0 days 02:04:50.498000,26.985555555555557,37.0
2023-10-22 20:05:53.051,11046,233,6,100,False,0,car,0 days 00:00:00.754000,0 days 02:04:50.818000,47.696666666666665,37.0
2023-10-22 20:05:53.411,11345,239,6,100,False,0,car,0 days 00:00:01.114000,0 days 02:04:51.178000,71.59666666666666,37.0
2023-10-22 20:05:53.651,11581,244,6,100,False,0,car,0 days 00:00:01.354000,0 days 02:04:51.418000,87.86333333333333,37.0
2023-10-22 20:05:53.811,10955,246,6,100,False,0,car,0 days 00:00:01.514000,0 days 02:04:51.578000,98.79666666666665,37.0
2023-10-22 20:05:54.090,10437,250,7,100,False,0,car,0 days 00:00:01.793000,0 days 02:04:51.857000,118.17166666666665,37.0
2023-10-22 20:05:54.450,10606,255,7,100,False,0,car,0 days 00:00:02.153000,0 days 02:04:52.217000,143.67166666666665,37.0
2023-10-22 20:05:54.610,10687,255,7,99,False,0,car,0 days 00:00:02.313000,0 days 02:04:52.377000,155.005,37.0
2023-10-22 20:05:54.890,10944,262,7,99,False,0,car,0 days 00:00:02.593000,0 days 02:04:52.657000,175.38277777777776,37.0
2023-10-22 20:05:55.330,11124,268,7,100,False,0,car,0 days 00:00:03.033000,0 days 02:04:53.097000,208.13833333333332,37.0
2023-10-22 20:05:55.730,11304,273,7,100,False,0,car,0 days 00:00:03.433000,0 days 02:04:53.497000,238.47166666666664,37.0
2023-10-22 20:05:56.130,11547,274,7,100,False,0,car,0 days 00:00:03.833000,0 days 02:04:53.897000,268.9161111111111,37.0
2023-10-22 20:05:56.531,11666,279,7,100,False,0,car,0 days 00:00:04.234000,0 days 02:04:54.298000,299.9936111111111,37.0
2023-10-22 20:05:56.931,10408,282,8,100,False,0,car,0 days 00:00:04.634000,0 days 02:04:54.698000,331.32694444444445,37.0
2023-10-22 20:05:57.251,10351,283,8,100,False,0,car,0 days 00:00:04.954000,0 days 02:04:55.018000,356.48249999999996,37.0
2023-10-22 20:05:57.531,10429,283,8,100,False,0,car,0 days 00:00:05.234000,0 days 02:04:55.298000,378.4936111111111,37.0
2023-10-22 20:05:57.731,10425,283,8,100,False,0,car,0 days 00:00:05.434000,0 days 02:04:55.498000,394.2158333333333,37.0
2023-10-22 20:05:57.891,10398,283,8,100,False,0,car,0 days 00:00:05.594000,0 days 02:04:55.658000,406.7936111111111,37.0
2023-10-22 20:05:58.131,10419,284,8,100,False,0,car,0 days 00:00:05.834000,0 days 02:04:55.898000,425.72694444444437,37.0
2023-10-22 20:05:58.411,10376,282,8,100,False,0,car,0 days 00:00:06.114000,0 days 02:04:56.178000,447.6602777777777,37.0
2023-10-22 20:05:58.611,10355,282,8,100,False,0,car,0 days 00:00:06.314000,0 days 02:04:56.378000,463.3269444444444,37.0
2023-10-22 20:05:58.811,10261,281,8,100,False,0,car,0 days 00:00:06.514000,0 days 02:04:56.578000,478.93805555555554,37.0
2023-10-22 20:05:58.971,10287,278,8,71,False,0,car,0 days 00:00:06.674000,0 days 02:04:56.738000,491.2936111111111,37.0
2023-10-22 20:05:59.251,9883,269,8,0,False,0,car,0 days 00:00:06.954000,0 days 02:04:57.018000,512.2158333333333,37.0
2023-10-22 20:05:59.611,8970,258,8,0,True,0,car,0 days 00:00:07.314000,0 days 02:04:57.378000,538.0158333333334,37.0
2023-10-22 20:06:00.091,9664,186,6,0,True,0,car,0 days 00:00:07.794000,0 days 02:04:57.858000,562.8158333333333,37.0
2023-10-22 20:06:00.371,9136,158,6,0,True,0,car,0 days 00:00:08.074000,0 days 02:04:58.138000,575.1047222222222,37.0
2023-10-22 20:06:00.611,9352,142,4,0,True,0,car,0 days 00:00:08.314000,0 days 02:04:58.378000,584.5713888888889,37.0
2023-10-22 20:06:00.850,8819,124,3,0,True,0,car,0 days 00:00:08.553000,0 days 02:04:58.617000,592.8036111111112,37.0
2023-10-22 20:06:01.010,8392,119,3,0,True,0,car,0 days 00:00:08.713000,0 days 02:04:58.777000,598.0925000000001,37.0
2023-10-22 20:06:01.290,7281,105,3,0,True,0,car,0 days 00:00:08.993000,0 days 02:04:59.057000,606.2591666666668,37.0
2023-10-22 20:06:01.450,6909,99,3,0,True,0,car,0 days 00:00:09.153000,0 days 02:04:59.217000,610.6591666666668,37.0
2023-10-22 20:06:01.970,6062,87,3,0,True,0,car,0 days 00:00:09.673000,0 days 02:04:59.737000,623.2258333333334,37.0
2023-10-22 20:06:02.250,5823,83,3,0,False,0,car,0 days 00:00:09.953000,0 days 02:05:00.017000,629.6813888888889,37.0
2023-10-22 20:06:02.410,5806,83,3,0,False,0,car,0 days 00:00:10.113000,0 days 02:05:00.177000,633.3702777777778,37.0
2023-10-22 20:06:02.770,5396,77,3,0,False,0,car,0 days 00:00:10.473000,0 days 02:05:00.537000,641.0702777777778,37.0
2023-10-22 20:06:03.051,5672,77,3,18,False,0,car,0 days 00:00:10.754000,0 days 02:05:00.818000,647.0805555555556,37.0
2023-10-22 20:06:03.251,6164,80,3,27,False,0,car,0 days 00:00:10.954000,0 days 02:05:01.018000,651.5250000000001,37.0
2023-10-22 20:06:03.491,6313,82,3,37,False,0,car,0 days 00:00:11.194000,0 days 02:05:01.258000,656.9916666666668,37.0
2023-10-22 20:06:03.691,6790,88,3,39,False,0,car,0 days 00:00:11.394000,0 days 02:05:01.458000,661.8805555555557,37.0
2023-10-22 20:06:03.891,7111,92,3,42,False,0,car,0 days 00:00:11.594000,0 days 02:05:01.658000,666.9916666666668,37.0
2023-10-22 20:06:04.171,7777,101,3,45,False,0,car,0 days 00:00:11.874000,0 days 02:05:01.938000,674.8472222222224,37.0
2023-10-22 20:06:04.331,8026,106,3,49,False,0,car,0 days 00:00:12.034000,0 days 02:05:02.098000,679.5583333333335,37.0
2023-10-22 20:06:04.531,8514,112,3,52,False,0,car,0 days 00:00:12.234000,0 days 02:05:02.298000,685.7805555555557,37.0
2023-10-22 20:06:04.851,9340,123,3,58,False,0,car,0 days 00:00:12.554000,0 days 02:05:02.618000,696.7138888888891,37.0
2023-10-22 20:06:05.251,10616,140,3,72,False,0,car,0 days 00:00:12.954000,0 days 02:05:03.018000,712.2694444444446,37.0
2023-10-22 20:06:05.611,11426,151,3,84,False,0,car,0 days 00:00:13.314000,0 days 02:05:03.378000,727.3694444444446,37.0
2023-10-22 20:06:06.051,10827,174,4,100,False,0,car,0 days 00:00:13.754000,0 days 02:05:03.818000,748.6361111111113,37.0
2023-10-22 20:06:06.291,11420,183,4,100,False,0,car,0 days 00:00:13.994000,0 days 02:05:04.058000,760.8361111111113,37.0
2023-10-22 20:06:06.651,10841,199,5,100,False,0,car,0 days 00:00:14.354000,0 days 02:05:04.418000,780.7361111111113,37.0
2023-10-22 20:06:06.811,10984,202,5,99,False,0,car,0 days 00:00:14.514000,0 days 02:05:04.578000,789.7138888888891,37.0
2023-10-22 20:06:07.011,11314,209,5,100,False,0,car,0 days 00:00:14.714000,0 days 02:05:04.778000,801.3250000000003,37.0
2023-10-22 20:06:07.171,11162,214,5,100,False,0,car,0 days 00:00:14.874000,0 days 02:05:04.938000,810.8361111111114,37.0
2023-10-22 20:06:07.371,10369,220,6,99,False,0,car,0 days 00:00:15.074000,0 days 02:05:05.138000,823.0583333333336,37.0
2023-10-22 20:06:07.730,10814,229,6,99,False,0,car,0 days 00:00:15.433000,0 days 02:05:05.497000,845.8947222222225,37.0
2023-10-22 20:06:08.130,11292,236,6,99,False,0,car,0 days 00:00:15.833000,0 days 02:05:05.897000,872.1169444444448,37.0
2023-10-22 20:06:08.490,11504,241,6,100,False,0,car,0 days 00:00:16.193000,0 days 02:05:06.257000,896.2169444444448,37.0
2023-10-22 20:06:08.730,11473,246,6,100,False,0,car,0 days 00:00:16.433000,0 days 02:05:06.497000,912.6169444444447,37.0
2023-10-22 20:06:08.930,10353,249,6,100,False,0,car,0 days 00:00:16.633000,0 days 02:05:06.697000,926.450277777778,37.0
2023-10-22 20:06:09.330,10591,255,7,100,False,0,car,0 days 00:00:17.033000,0 days 02:05:07.097000,954.7836111111114,37.0
2023-10-22 20:06:09.530,10653,257,7,99,False,0,car,0 days 00:00:17.233000,0 days 02:05:07.297000,969.0613888888892,37.0
2023-10-22 20:06:09.851,10870,261,7,100,False,0,car,0 days 00:00:17.554000,0 days 02:05:07.618000,992.333888888889,37.0
2023-10-22 20:06:10.131,10982,264,7,100,False,0,car,0 days 00:00:17.834000,0 days 02:05:07.898000,1012.8672222222224,37.0
2023-10-22 20:06:10.411,11044,265,7,100,False,0,car,0 days 00:00:18.114000,0 days 02:05:08.178000,1033.4783333333335,37.0
2023-10-22 20:06:10.611,11189,269,7,100,False,0,car,0 days 00:00:18.314000,0 days 02:05:08.378000,1048.4227777777778,37.0
2023-10-22 20:06:10.931,11273,274,7,99,False,0,car,0 days 00:00:18.634000,0 days 02:05:08.698000,1072.7783333333334,37.0
2023-10-22 20:06:11.211,11331,274,7,99,False,0,car,0 days 00:00:18.914000,0 days 02:05:08.978000,1094.0894444444446,37.0
2023-10-22 20:06:11.651,11384,274,7,100,False,0,car,0 days 00:00:19.354000,0 days 02:05:09.418000,1127.5783333333334,37.0
2023-10-22 20:06:11.971,11372,273,7,100,False,0,car,0 days 00:00:19.674000,0 days 02:05:09.738000,1151.845,37.0
2023-10-22 20:06:12.291,11401,273,7,99,False,0,car,0 days 00:00:19.994000,0 days 02:05:10.058000,1176.1116666666667,37.0
2023-10-22 20:06:12.491,11346,274,7,99,False,0,car,0 days 00:00:20.194000,0 days 02:05:10.258000,1191.3338888888889,37.0
2023-10-22 20:06:12.891,11197,274,7,29,False,0,car,0 days 00:00:20.594000,0 days 02:05:10.658000,1221.7783333333334,37.0
2023-10-22 20:06:13.051,10904,268,7,39,False,0,car,0 days 00:00:20.754000,0 days 02:05:10.818000,1233.6894444444445,37.0
2023-10-22 20:06:13.211,10854,265,7,32,False,0,car,0 days 00:00:20.914000,0 days 02:05:10.978000,1245.4672222222223,37.0
2023-10-22 20:06:13.451,10696,259,7,38,False,0,car,0 days 00:00:21.154000,0 days 02:05:11.218000,1262.733888888889,37.0
2023-10-22 20:06:13.731,10514,257,7,78,False,0,car,0 days 00:00:21.434000,0 days 02:05:11.498000,1282.722777777778,37.0
2023-10-22 20:06:13.971,10293,251,7,0,True,0,car,0 days 00:00:21.674000,0 days 02:05:11.738000,1299.456111111111,37.0
2023-10-22 20:06:14.410,9872,240,7,0,False,0,car,0 days 00:00:22.113000,0 days 02:05:12.177000,1328.7227777777778,37.0
2023-10-22 20:06:14.730,9476,227,7,18,False,0,car,0 days 00:00:22.433000,0 days 02:05:12.497000,1348.9005555555555,37.0
2023-10-22 20:06:14.970,9438,226,7,48,False,0,car,0 days 00:00:22.673000,0 days 02:05:12.737000,1363.967222222222,37.0
2023-10-22 20:06:15.130,9478,227,7,58,False,0,car,0 days 00:00:22.833000,0 days 02:05:12.897000,1374.056111111111,37.0
2023-10-22 20:06:16.291,11162,210,5,0,True,0,car,0 days 00:00:23.994000,0 days 02:05:14.058000,1441.7811111111112,37.0
2023-10-22 20:06:16.451,10844,207,5,0,False,0,car,0 days 00:00:24.154000,0 days 02:05:14.218000,1450.9811111111112,37.0
2023-10-22 20:06:16.771,10528,198,5,0,False,0,car,0 days 00:00:24.474000,0 days 02:05:14.538000,1468.581111111111,37.0
2023-10-22 20:06:16.931,10277,192,5,0,False,0,car,0 days 00:00:24.634000,0 days 02:05:14.698000,1477.1144444444444,37.0
2023-10-22 20:06:17.091,10170,191,5,18,False,0,car,0 days 00:00:24.794000,0 days 02:05:14.858000,1485.6033333333332,37.0
2023-10-22 20:06:17.331,10316,187,5,48,False,0,car,0 days 00:00:25.034000,0 days 02:05:15.098000,1498.07,37.0
2023-10-22 20:06:17.531,10429,191,5,71,False,0,car,0 days 00:00:25.234000,0 days 02:05:15.298000,1508.6811111111112,37.0
2023-10-22 20:06:17.811,10835,195,5,79,False,0,car,0 days 00:00:25.514000,0 days 02:05:15.578000,1523.8477777777778,37.0
2023-10-22 20:06:18.091,9597,197,5,74,False,0,car,0 days 00:00:25.794000,0 days 02:05:15.858000,1539.17,37.0
2023-10-22 20:06:18.251,9782,204,6,78,False,0,car,0 days 00:00:25.954000,0 days 02:05:16.018000,1548.2366666666667,37.0
2023-10-22 20:06:18.691,10146,203,6,89,False,0,car,0 days 00:00:26.394000,0 days 02:05:16.458000,1573.0477777777776,37.0
2023-10-22 20:06:18.891,10080,210,6,100,False,0,car,0 days 00:00:26.594000,0 days 02:05:16.658000,1584.7144444444443,37.0
2023-10-22 20:06:19.091,10166,213,6,100,False,0,car,0 days 00:00:26.794000,0 days 02:05:16.858000,1596.5477777777776,37.0
2023-10-22 20:06:19.251,10228,214,6,100,False,0,car,0 days 00:00:26.954000,0 days 02:05:17.018000,1606.0588888888888,37.0
2023-10-22 20:06:19.531,10467,219,6,73,True,0,car,0 days 00:00:27.234000,0 days 02:05:17.298000,1623.092222222222,37.0
2023-10-22 20:06:19.811,10392,211,6,0,True,0,car,0 days 00:00:27.514000,0 days 02:05:17.578000,1639.503333333333,37.0
2023-10-22 20:06:20.011,10707,203,5,1,True,0,car,0 days 00:00:27.714000,0 days 02:05:17.778000,1650.781111111111,37.0
2023-10-22 20:06:20.291,10452,196,5,0,True,0,car,0 days 00:00:27.994000,0 days 02:05:18.058000,1666.0255555555555,37.0
2023-10-22 20:06:20.531,9939,188,5,0,False,0,car,0 days 00:00:28.234000,0 days 02:05:18.298000,1678.558888888889,37.0
2023-10-22 20:06:20.731,9818,184,5,7,False,0,car,0 days 00:00:28.434000,0 days 02:05:18.498000,1688.7811111111112,37.0
2023-10-22 20:06:20.891,9661,182,5,16,False,0,car,0 days 00:00:28.594000,0 days 02:05:18.658000,1696.8700000000001,37.0
2023-10-22 20:06:21.330,9807,179,5,55,False,0,car,0 days 00:00:29.033000,0 days 02:05:19.097000,1718.6980555555556,37.0
2023-10-22 20:06:21.570,10034,182,5,64,False,0,car,0 days 00:00:29.273000,0 days 02:05:19.337000,1730.8313888888888,37.0
2023-10-22 20:06:21.890,10271,188,5,72,False,0,car,0 days 00:00:29.593000,0 days 02:05:19.657000,1747.5425,37.0
2023-10-22 20:06:22.130,10463,192,5,71,False,0,car,0 days 00:00:29.833000,0 days 02:05:19.897000,1760.3425,37.0
2023-10-22 20:06:22.290,9911,193,5,0,True,0,car,0 days 00:00:29.993000,0 days 02:05:20.057000,1768.9202777777778,37.0
2023-10-22 20:06:22.490,10842,185,5,0,True,0,car,0 days 00:00:30.193000,0 days 02:05:20.257000,1779.1980555555556,37.0
2023-10-22 20:06:22.690,10480,185,4,0,True,0,car,0 days 00:00:30.393000,0 days 02:05:20.457000,1789.4758333333334,37.0
2023-10-22 20:06:22.971,10060,159,4,0,True,0,car,0 days 00:00:30.674000,0 days 02:05:20.738000,1801.8866666666668,37.0
2023-10-22 20:06:23.291,9090,150,4,0,True,0,car,0 days 00:00:30.994000,0 days 02:05:21.058000,1815.22,37.0
2023-10-22 20:06:23.491,8818,144,4,0,True,0,car,0 days 00:00:31.194000,0 days 02:05:21.258000,1823.22,37.0
2023-10-22 20:06:23.851,8313,134,4,0,True,0,car,0 days 00:00:31.554000,0 days 02:05:21.618000,1836.6200000000001,37.0
2023-10-22 20:06:24.091,7866,129,4,0,False,0,car,0 days 00:00:31.794000,0 days 02:05:21.858000,1845.2200000000003,37.0
2023-10-22 20:06:24.291,7717,127,4,0,False,0,car,0 days 00:00:31.994000,0 days 02:05:22.058000,1852.2755555555557,37.0
2023-10-22 20:06:24.611,7613,123,4,21,False,0,car,0 days 00:00:32.314000,0 days 02:05:22.378000,1863.208888888889,37.0
2023-10-22 20:06:24.851,7840,123,4,36,False,0,car,0 days 00:00:32.554000,0 days 02:05:22.618000,1871.4088888888891,37.0
2023-10-22 20:06:25.171,8038,125,4,44,False,0,car,0 days 00:00:32.874000,0 days 02:05:22.938000,1882.5200000000002,37.0
2023-10-22 20:06:25.371,8226,130,4,56,False,0,car,0 days 00:00:33.074000,0 days 02:05:23.138000,1889.7422222222224,37.0
2023-10-22 20:06:25.531,8710,132,4,65,False,0,car,0 days 00:00:33.234000,0 days 02:05:23.298000,1895.6088888888892,37.0
2023-10-22 20:06:25.851,9583,148,4,78,False,0,car,0 days 00:00:33.554000,0 days 02:05:23.618000,1908.7644444444447,37.0
2023-10-22 20:06:26.011,9679,148,4,72,False,0,car,0 days 00:00:33.714000,0 days 02:05:23.778000,1915.3422222222223,37.0
2023-10-22 20:06:26.291,10091,154,4,51,False,0,car,0 days 00:00:33.994000,0 days 02:05:24.058000,1927.3200000000002,37.0
2023-10-22 20:06:26.491,9939,156,4,43,False,0,car,0 days 00:00:34.194000,0 days 02:05:24.258000,1935.986666666667,37.0
2023-10-22 20:06:26.691,9939,159,4,43,False,0,car,0 days 00:00:34.394000,0 days 02:05:24.458000,1944.8200000000002,37.0
2023-10-22 20:06:26.851,10586,160,4,50,False,0,car,0 days 00:00:34.554000,0 days 02:05:24.618000,1951.9311111111115,37.0
2023-10-22 20:06:27.091,10255,162,4,57,False,0,car,0 days 00:00:34.794000,0 days 02:05:24.858000,1962.7311111111112,37.0
2023-10-22 20:06:27.251,10535,167,4,57,False,0,car,0 days 00:00:34.954000,0 days 02:05:25.018000,1970.1533333333336,37.0
2023-10-22 20:06:27.571,11201,176,4,84,False,0,car,0 days 00:00:35.274000,0 days 02:05:25.338000,1985.797777777778,37.0
2023-10-22 20:06:27.770,11573,176,4,100,False,0,car,0 days 00:00:35.473000,0 days 02:05:25.537000,1995.5266666666669,37.0
2023-10-22 20:06:28.010,11736,189,4,100,False,0,car,0 days 00:00:35.713000,0 days 02:05:25.777000,2008.126666666667,37.0
2023-10-22 20:06:28.290,11794,200,4,100,False,0,car,0 days 00:00:35.993000,0 days 02:05:26.057000,2023.6822222222227,37.0
2023-10-22 20:06:28.690,11717,211,5,100,False,0,car,0 days 00:00:36.393000,0 days 02:05:26.457000,2047.126666666667,37.0
2023-10-22 20:06:28.970,11426,219,5,99,False,0,car,0 days 00:00:36.673000,0 days 02:05:26.737000,2064.1600000000003,37.0
2023-10-22 20:06:29.210,10636,225,6,100,False,0,car,0 days 00:00:36.913000,0 days 02:05:26.977000,2079.16,37.0
2023-10-22 20:06:29.611,11144,234,6,100,False,0,car,0 days 00:00:37.314000,0 days 02:05:27.378000,2105.225,37.0
2023-10-22 20:06:30.051,11470,241,6,100,False,0,car,0 days 00:00:37.754000,0 days 02:05:27.818000,2134.680555555555,37.0
2023-10-22 20:06:30.411,10207,247,7,100,False,0,car,0 days 00:00:38.114000,0 days 02:05:28.178000,2159.380555555555,37.0
2023-10-22 20:06:30.611,10521,251,7,99,False,0,car,0 days 00:00:38.314000,0 days 02:05:28.378000,2173.325,37.0
2023-10-22 20:06:30.891,10642,256,7,99,False,0,car,0 days 00:00:38.594000,0 days 02:05:28.658000,2193.236111111111,37.0
2023-10-22 20:06:31.251,10877,261,7,99,False,0,car,0 days 00:00:38.954000,0 days 02:05:29.018000,2219.3361111111108,37.0
2023-10-22 20:06:31.451,11023,265,7,100,False,0,car,0 days 00:00:39.154000,0 days 02:05:29.218000,2234.0583333333334,37.0
2023-10-22 20:06:31.731,11171,270,7,100,False,0,car,0 days 00:00:39.434000,0 days 02:05:29.498000,2255.058333333333,37.0
2023-10-22 20:06:32.131,11360,274,7,100,False,0,car,0 days 00:00:39.834000,0 days 02:05:29.898000,2285.5027777777777,37.0
2023-10-22 20:06:32.531,11288,277,7,100,False,0,car,0 days 00:00:40.234000,0 days 02:05:30.298000,2316.2805555555556,37.0
2023-10-22 20:06:32.731,10286,280,7,100,False,0,car,0 days 00:00:40.434000,0 days 02:05:30.498000,2331.8361111111108,37.0
2023-10-22 20:06:32.891,10404,281,8,99,False,0,car,0 days 00:00:40.594000,0 days 02:05:30.658000,2344.325,37.0
2023-10-22 20:06:33.131,9884,278,8,0,False,0,car,0 days 00:00:40.834000,0 days 02:05:30.898000,2362.858333333333,37.0
2023-10-22 20:06:33.571,9751,269,8,0,False,0,car,0 days 00:00:41.274000,0 days 02:05:31.338000,2395.736111111111,37.0
2023-10-22 20:06:33.851,9075,250,8,0,True,0,car,0 days 00:00:41.554000,0 days 02:05:31.618000,2415.180555555555,37.0
2023-10-22 20:06:34.171,8766,228,8,0,True,0,car,0 days 00:00:41.874000,0 days 02:05:31.938000,2435.447222222222,37.0
2023-10-22 20:06:34.331,9152,191,7,0,True,0,car,0 days 00:00:42.034000,0 days 02:05:32.098000,2443.9361111111107,37.0
2023-10-22 20:06:34.610,9081,174,6,0,True,0,car,0 days 00:00:42.313000,0 days 02:05:32.377000,2457.421111111111,37.0
2023-10-22 20:06:34.970,8674,143,5,0,True,0,car,0 days 00:00:42.673000,0 days 02:05:32.737000,2471.721111111111,37.0
2023-10-22 20:06:35.210,9045,130,5,0,True,0,car,0 days 00:00:42.913000,0 days 02:05:32.977000,2480.3877777777775,37.0
2023-10-22 20:06:35.370,8671,130,4,0,True,0,car,0 days 00:00:43.073000,0 days 02:05:33.137000,2486.1655555555553,37.0
2023-10-22 20:06:35.530,7831,108,3,0,True,0,car,0 days 00:00:43.233000,0 days 02:05:33.297000,2490.965555555555,37.0
2023-10-22 20:06:35.810,6913,99,3,0,True,0,car,0 days 00:00:43.513000,0 days 02:05:33.577000,2498.665555555555,37.0
2023-10-22 20:06:36.011,6419,93,3,0,True,0,car,0 days 00:00:43.714000,0 days 02:05:33.778000,2503.858055555555,37.0
2023-10-22 20:06:36.171,6119,91,3,0,True,0,car,0 days 00:00:43.874000,0 days 02:05:33.938000,2507.9024999999997,37.0
2023-10-22 20:06:36.451,5977,84,3,0,True,0,car,0 days 00:00:44.154000,0 days 02:05:34.218000,2514.435833333333,37.0
2023-10-22 20:06:36.651,5770,84,3,0,False,0,car,0 days 00:00:44.354000,0 days 02:05:34.418000,2519.1024999999995,37.0
2023-10-22 20:06:36.931,5427,77,3,0,False,0,car,0 days 00:00:44.634000,0 days 02:05:34.698000,2525.0913888888886,37.0
2023-10-22 20:06:37.331,4990,71,3,0,False,0,car,0 days 00:00:45.034000,0 days 02:05:35.098000,2532.9802777777772,37.0
2023-10-22 20:06:37.571,4913,68,3,0,False,0,car,0 days 00:00:45.274000,0 days 02:05:35.338000,2537.5136111111105,37.0
2023-10-22 20:06:37.931,4994,68,3,8,False,0,car,0 days 00:00:45.634000,0 days 02:05:35.698000,2544.3136111111107,37.0
2023-10-22 20:06:38.131,5292,70,3,18,False,0,car,0 days 00:00:45.834000,0 days 02:05:35.898000,2548.2025,37.0
2023-10-22 20:06:38.291,5425,70,3,21,False,0,car,0 days 00:00:45.994000,0 days 02:05:36.058000,2551.3136111111107,37.0
2023-10-22 20:06:38.531,5823,75,3,25,False,0,car,0 days 00:00:46.234000,0 days 02:05:36.298000,2556.3136111111107,37.0
2023-10-22 20:06:38.811,6493,78,3,37,False,0,car,0 days 00:00:46.514000,0 days 02:05:36.578000,2562.3802777777773,37.0
2023-10-22 20:06:39.131,7468,88,3,38,False,0,car,0 days 00:00:46.834000,0 days 02:05:36.898000,2570.2024999999994,37.0
2023-10-22 20:06:39.451,7151,92,3,38,False,0,car,0 days 00:00:47.154000,0 days 02:05:37.218000,2578.3802777777773,37.0
2023-10-22 20:06:39.771,8264,103,3,53,False,0,car,0 days 00:00:47.474000,0 days 02:05:37.538000,2587.535833333333,37.0
2023-10-22 20:06:40.011,9094,112,3,64,False,0,car,0 days 00:00:47.714000,0 days 02:05:37.778000,2595.0024999999996,37.0
2023-10-22 20:06:40.211,9073,121,3,69,False,0,car,0 days 00:00:47.914000,0 days 02:05:37.978000,2601.7247222222218,37.0
2023-10-22 20:06:40.371,9923,131,3,75,False,0,car,0 days 00:00:48.074000,0 days 02:05:38.138000,2607.546944444444,37.0
2023-10-22 20:06:40.571,10603,136,3,80,False,0,car,0 days 00:00:48.274000,0 days 02:05:38.338000,2615.1024999999995,37.0
2023-10-22 20:06:40.851,11123,154,3,87,False,0,car,0 days 00:00:48.554000,0 days 02:05:38.618000,2627.080277777777,37.0
2023-10-22 20:06:41.051,10703,164,4,100,False,0,car,0 days 00:00:48.754000,0 days 02:05:38.818000,2636.191388888888,37.0
2023-10-22 20:06:41.250,10919,173,4,100,False,0,car,0 days 00:00:48.953000,0 days 02:05:39.017000,2645.754444444444,37.0
2023-10-22 20:06:41.490,11589,182,4,100,False,0,car,0 days 00:00:49.193000,0 days 02:05:39.257000,2657.887777777777,37.0
2023-10-22 20:06:41.690,10377,189,4,100,False,0,car,0 days 00:00:49.393000,0 days 02:05:39.457000,2668.387777777777,37.0
2023-10-22 20:06:41.890,10747,197,5,100,False,0,car,0 days 00:00:49.593000,0 days 02:05:39.657000,2679.332222222222,37.0
2023-10-22 20:06:42.090,11159,204,5,100,False,0,car,0 days 00:00:49.793000,0 days 02:05:39.857000,2690.665555555555,37.0
2023-10-22 20:06:42.330,11529,213,5,100,False,0,car,0 days 00:00:50.033000,0 days 02:05:40.097000,2704.865555555555,37.0
2023-10-22 20:06:42.531,10689,216,5,100,False,0,car,0 days 00:00:50.234000,0 days 02:05:40.298000,2716.925555555555,37.0
2023-10-22 20:06:42.691,10531,221,6,100,False,0,car,0 days 00:00:50.394000,0 days 02:05:40.458000,2726.747777777777,37.0
2023-10-22 20:06:42.891,10797,227,6,99,False,0,car,0 days 00:00:50.594000,0 days 02:05:40.658000,2739.3588888888885,37.0
2023-10-22 20:06:43.291,11184,234,6,100,False,0,car,0 days 00:00:50.994000,0 days 02:05:41.058000,2765.3588888888885,37.0
2023-10-22 20:06:43.531,11261,242,6,100,False,0,car,0 days 00:00:51.234000,0 days 02:05:41.298000,2781.492222222222,37.0
2023-10-22 20:06:43.691,11506,244,6,100,False,0,car,0 days 00:00:51.394000,0 days 02:05:41.458000,2792.3366666666666,37.0
2023-10-22 20:06:43.851,11734,248,6,100,False,0,car,0 days 00:00:51.554000,0 days 02:05:41.618000,2803.358888888889,37.0
2023-10-22 20:06:44.171,10446,252,7,100,False,0,car,0 days 00:00:51.874000,0 days 02:05:41.938000,2825.758888888889,37.0
2023-10-22 20:06:44.371,10604,255,7,99,False,0,car,0 days 00:00:52.074000,0 days 02:05:42.138000,2839.9255555555555,37.0
2023-10-22 20:06:44.811,10809,259,7,100,False,0,car,0 days 00:00:52.514000,0 days 02:05:42.578000,2871.5811111111116,37.0
2023-10-22 20:06:44.971,10880,263,7,99,False,0,car,0 days 00:00:52.674000,0 days 02:05:42.738000,2883.27,37.0
2023-10-22 20:06:45.131,11070,265,7,99,False,0,car,0 days 00:00:52.834000,0 days 02:05:42.898000,2895.047777777778,37.0
2023-10-22 20:06:45.291,11132,267,7,100,False,0,car,0 days 00:00:52.994000,0 days 02:05:43.058000,2906.914444444444,37.0
2023-10-22 20:06:45.531,11287,269,7,100,False,0,car,0 days 00:00:53.234000,0 days 02:05:43.298000,2924.8477777777775,37.0
2023-10-22 20:06:45.731,11135,271,7,100,False,0,car,0 days 00:00:53.434000,0 days 02:05:43.498000,2939.9033333333327,37.0
2023-10-22 20:06:45.971,11311,273,7,100,False,0,car,0 days 00:00:53.674000,0 days 02:05:43.738000,2958.103333333333,37.0
2023-10-22 20:06:46.331,11382,276,7,100,False,0,car,0 days 00:00:54.034000,0 days 02:05:44.098000,2985.703333333333,37.0
2023-10-22 20:06:46.651,10625,278,7,99,False,0,car,0 days 00:00:54.354000,0 days 02:05:44.418000,3010.414444444444,37.0
2023-10-22 20:06:46.931,10373,279,8,100,False,0,car,0 days 00:00:54.634000,0 days 02:05:44.698000,3032.1144444444444,37.0
2023-10-22 20:06:47.171,10292,281,8,100,False,0,car,0 days 00:00:54.874000,0 days 02:05:44.938000,3050.847777777778,37.0
2023-10-22 20:06:47.451,10444,281,8,100,False,0,car,0 days 00:00:55.154000,0 days 02:05:45.218000,3072.703333333334,37.0
2023-10-22 20:06:47.811,10489,285,8,100,False,0,car,0 days 00:00:55.514000,0 days 02:05:45.578000,3101.203333333334,37.0
2023-10-22 20:06:48.130,10530,287,8,100,False,0,car,0 days 00:00:55.833000,0 days 02:05:45.897000,3126.6347222222225,37.0
2023-10-22 20:06:48.450,10612,289,8,100,False,0,car,0 days 00:00:56.153000,0 days 02:05:46.217000,3152.3236111111114,37.0
2023-10-22 20:06:48.690,10690,290,8,100,False,0,car,0 days 00:00:56.393000,0 days 02:05:46.457000,3171.656944444445,37.0
2023-10-22 20:06:48.850,10725,291,8,100,False,0,car,0 days 00:00:56.553000,0 days 02:05:46.617000,3184.590277777778,37.0
2023-10-22 20:06:49.171,10766,292,8,100,False,0,car,0 days 00:00:56.874000,0 days 02:05:46.938000,3210.6269444444447,37.0
2023-10-22 20:06:49.531,10876,295,8,100,False,0,car,0 days 00:00:57.234000,0 days 02:05:47.298000,3240.1269444444447,37.0
2023-10-22 20:06:49.731,10860,295,8,100,False,0,car,0 days 00:00:57.434000,0 days 02:05:47.498000,3256.5158333333334,37.0
2023-10-22 20:06:49.931,10844,295,8,100,False,0,car,0 days 00:00:57.634000,0 days 02:05:47.698000,3272.9047222222225,37.0
2023-10-22 20:06:50.171,10869,296,8,100,False,0,car,0 days 00:00:57.874000,0 days 02:05:47.938000,3292.638055555556,37.0
2023-10-22 20:06:50.411,10908,296,8,100,False,0,car,0 days 00:00:58.114000,0 days 02:05:48.178000,3312.371388888889,37.0
2023-10-22 20:06:50.691,10925,296,8,100,False,0,car,0 days 00:00:58.394000,0 days 02:05:48.458000,3335.3936111111116,37.0
2023-10-22 20:06:51.011,10887,297,8,99,False,0,car,0 days 00:00:58.714000,0 days 02:05:48.778000,3361.7936111111117,37.0
2023-10-22 20:06:51.371,10933,297,8,100,False,0,car,0 days 00:00:59.074000,0 days 02:05:49.138000,3391.4936111111115,37.0
2023-10-22 20:06:51.691,10973,298,8,100,False,0,car,0 days 00:00:59.394000,0 days 02:05:49.458000,3417.9825000000005,37.0
2023-10-22 20:06:52.051,10913,297,8,100,False,0,car,0 days 00:00:59.754000,0 days 02:05:49.818000,3447.6825000000003,37.0
2023-10-22 20:06:52.211,10948,298,8,100,False,0,car,0 days 00:00:59.914000,0 days 02:05:49.978000,3460.926944444445,37.0
2023-10-22 20:06:52.411,10964,298,8,100,False,0,car,0 days 00:01:00.114000,0 days 02:05:50.178000,3477.4825,37.0
2023-10-22 20:06:52.731,10980,299,8,100,False,0,car,0 days 00:01:00.434000,0 days 02:05:50.498000,3504.060277777778,37.0
2023-10-22 20:06:52.891,11030,299,8,100,False,0,car,0 days 00:01:00.594000,0 days 02:05:50.658000,3517.3491666666673,37.0
2023-10-22 20:06:53.811,10266,284,8,0,False,0,car,0 days 00:01:01.514000,0 days 02:05:51.578000,3589.9269444444453,37.0
2023-10-22 20:06:54.291,8983,272,8,0,True,0,car,0 days 00:01:01.994000,0 days 02:05:52.058000,3626.1936111111117,37.0
2023-10-22 20:06:54.610,9037,218,8,0,True,0,car,0 days 00:01:02.313000,0 days 02:05:52.377000,3645.510833333334,37.0
2023-10-22 20:06:54.890,8543,185,8,0,True,0,car,0 days 00:01:02.593000,0 days 02:05:52.657000,3659.8997222222233,37.0
2023-10-22 20:06:55.290,8680,155,5,0,True,0,car,0 days 00:01:02.993000,0 days 02:05:53.057000,3677.1219444444455,37.0
2023-10-22 20:06:55.450,8566,133,5,0,True,0,car,0 days 00:01:03.153000,0 days 02:05:53.217000,3683.0330555555565,37.0
2023-10-22 20:06:55.771,8131,118,3,0,True,0,car,0 days 00:01:03.474000,0 days 02:05:53.538000,3693.554722222223,37.0
2023-10-22 20:06:55.971,7851,110,3,0,True,0,car,0 days 00:01:03.674000,0 days 02:05:53.738000,3699.6658333333344,37.0
2023-10-22 20:06:56.131,7525,102,3,0,True,0,car,0 days 00:01:03.834000,0 days 02:05:53.898000,3704.1991666666677,37.0
2023-10-22 20:06:56.331,6997,96,3,0,True,0,car,0 days 00:01:04.034000,0 days 02:05:54.098000,3709.532500000001,37.0
2023-10-22 20:06:56.731,6137,88,3,0,True,0,car,0 days 00:01:04.434000,0 days 02:05:54.498000,3719.3102777777785,37.0
2023-10-22 20:06:57.091,6024,86,3,0,False,0,car,0 days 00:01:04.794000,0 days 02:05:54.858000,3727.9102777777784,37.0
2023-10-22 20:06:57.291,6126,84,3,12,False,0,car,0 days 00:01:04.994000,0 days 02:05:55.058000,3732.576944444445,37.0
2023-10-22 20:06:57.571,6263,84,3,30,False,0,car,0 days 00:01:05.274000,0 days 02:05:55.338000,3739.1102777777783,37.0
2023-10-22 20:06:57.731,6607,89,3,39,False,0,car,0 days 00:01:05.434000,0 days 02:05:55.498000,3743.0658333333336,37.0
2023-10-22 20:06:58.091,7595,95,3,49,False,0,car,0 days 00:01:05.794000,0 days 02:05:55.858000,3752.5658333333336,37.0
2023-10-22 20:06:58.411,8420,105,3,60,False,0,car,0 days 00:01:06.114000,0 days 02:05:56.178000,3761.899166666667,37.0
2023-10-22 20:06:58.691,9450,122,3,76,False,0,car,0 days 00:01:06.394000,0 days 02:05:56.458000,3771.388055555556,37.0
2023-10-22 20:06:58.971,10981,136,3,85,False,0,car,0 days 00:01:06.674000,0 days 02:05:56.738000,3781.965833333334,37.0
2023-10-22 20:06:59.251,11410,151,3,100,False,0,car,0 days 00:01:06.954000,0 days 02:05:57.018000,3793.710277777778,37.0
2023-10-22 20:06:59.611,10562,165,4,99,False,0,car,0 days 00:01:07.314000,0 days 02:05:57.378000,3810.210277777778,37.0
2023-10-22 20:06:59.891,11244,178,4,100,False,0,car,0 days 00:01:07.594000,0 days 02:05:57.658000,3824.0547222222226,37.0
2023-10-22 20:07:00.171,10339,189,4,100,False,0,car,0 days 00:01:07.874000,0 days 02:05:57.938000,3838.754722222223,37.0
2023-10-22 20:07:00.331,10034,194,5,100,False,0,car,0 days 00:01:08.034000,0 days 02:05:58.098000,3847.3769444444456,37.0
2023-10-22 20:07:00.571,10967,198,5,99,False,0,car,0 days 00:01:08.274000,0 days 02:05:58.338000,3860.5769444444454,37.0
2023-10-22 20:07:00.811,10283,192,5,0,True,0,car,0 days 00:01:08.514000,0 days 02:05:58.578000,3873.376944444445,37.0
2023-10-22 20:07:01.051,11006,172,5,0,True,0,car,0 days 00:01:08.754000,0 days 02:05:58.818000,3884.8436111111123,37.0
2023-10-22 20:07:01.490,10780,144,3,0,True,0,car,0 days 00:01:09.193000,0 days 02:05:59.257000,3902.403611111112,37.0
2023-10-22 20:07:01.890,8691,122,3,0,True,0,car,0 days 00:01:09.593000,0 days 02:05:59.657000,3915.9591666666674,37.0
2023-10-22 20:07:02.211,7903,112,3,0,True,0,car,0 days 00:01:09.914000,0 days 02:05:59.978000,3925.945833333334,37.0
2023-10-22 20:07:02.491,7408,104,3,0,True,0,car,0 days 00:01:10.194000,0 days 02:06:00.258000,3934.034722222223,37.0
2023-10-22 20:07:02.931,6803,95,3,0,False,0,car,0 days 00:01:10.634000,0 days 02:06:00.698000,3945.645833333334,37.0
2023-10-22 20:07:03.171,6514,93,3,0,False,0,car,0 days 00:01:10.874000,0 days 02:06:00.938000,3951.8458333333338,37.0
2023-10-22 20:07:03.451,6563,90,3,0,False,0,car,0 days 00:01:11.154000,0 days 02:06:01.218000,3958.8458333333338,37.0
2023-10-22 20:07:03.771,6408,89,3,14,False,0,car,0 days 00:01:11.474000,0 days 02:06:01.538000,3966.7569444444453,37.0
2023-10-22 20:07:03.931,6856,91,3,32,False,0,car,0 days 00:01:11.634000,0 days 02:06:01.698000,3970.8013888888895,37.0
2023-10-22 20:07:04.171,7017,95,3,39,False,0,car,0 days 00:01:11.874000,0 days 02:06:01.938000,3977.1347222222225,37.0
2023-10-22 20:07:04.531,7795,104,3,46,False,0,car,0 days 00:01:12.234000,0 days 02:06:02.298000,3987.5347222222226,37.0
2023-10-22 20:07:04.811,8239,108,3,51,False,0,car,0 days 00:01:12.514000,0 days 02:06:02.578000,3995.9347222222227,37.0
2023-10-22 20:07:05.131,8815,119,3,53,False,0,car,0 days 00:01:12.834000,0 days 02:06:02.898000,4006.5125000000007,37.0
2023-10-22 20:07:05.811,10523,142,3,83,False,0,car,0 days 00:01:13.514000,0 days 02:06:03.578000,4033.334722222223,37.0
2023-10-22 20:07:06.051,11425,153,3,100,False,0,car,0 days 00:01:13.754000,0 days 02:06:03.818000,4043.534722222223,37.0
2023-10-22 20:07:06.251,10585,161,3,100,False,0,car,0 days 00:01:13.954000,0 days 02:06:04.018000,4052.479166666667,37.0
2023-10-22 20:07:06.611,10780,170,4,99,False,0,car,0 days 00:01:14.314000,0 days 02:06:04.378000,4069.479166666667,37.0
2023-10-22 20:07:06.931,11128,182,4,100,False,0,car,0 days 00:01:14.634000,0 days 02:06:04.698000,4085.6569444444453,37.0
2023-10-22 20:07:07.211,10265,187,5,100,False,0,car,0 days 00:01:14.914000,0 days 02:06:04.978000,4100.20138888889,37.0
2023-10-22 20:07:07.451,9624,191,5,5,False,0,car,0 days 00:01:15.154000,0 days 02:06:05.218000,4112.934722222222,37.0
2023-10-22 20:07:07.891,9815,172,5,0,True,0,car,0 days 00:01:15.594000,0 days 02:06:05.658000,4133.956944444444,37.0
2023-10-22 20:07:08.090,9770,162,4,0,True,0,car,0 days 00:01:15.793000,0 days 02:06:05.857000,4142.911944444445,37.0
2023-10-22 20:07:08.370,9490,152,4,0,True,0,car,0 days 00:01:16.073000,0 days 02:06:06.137000,4154.734166666667,37.0
2023-10-22 20:07:08.730,9551,131,3,0,True,0,car,0 days 00:01:16.433000,0 days 02:06:06.497000,4167.834166666667,37.0
2023-10-22 20:07:08.891,8932,127,3,0,True,0,car,0 days 00:01:16.594000,0 days 02:06:06.658000,4173.51388888889,37.0
2023-10-22 20:07:09.131,8408,120,3,0,True,0,car,0 days 00:01:16.834000,0 days 02:06:06.898000,4181.51388888889,37.0
2023-10-22 20:07:09.371,7738,110,3,0,True,0,car,0 days 00:01:17.074000,0 days 02:06:07.138000,4188.847222222223,37.0
2023-10-22 20:07:09.811,8315,100,2,0,True,0,car,0 days 00:01:17.514000,0 days 02:06:07.578000,4201.069444444444,37.0
2023-10-22 20:07:10.171,7590,93,2,0,True,0,car,0 days 00:01:17.874000,0 days 02:06:07.938000,4210.3694444444445,37.0
2023-10-22 20:07:10.531,7089,84,2,0,True,0,car,0 days 00:01:18.234000,0 days 02:06:08.298000,4218.769444444444,37.0
2023-10-22 20:07:10.731,6759,82,2,0,False,0,car,0 days 00:01:18.434000,0 days 02:06:08.498000,4223.325,37.0
2023-10-22 20:07:10.971,6702,77,2,0,False,0,car,0 days 00:01:18.674000,0 days 02:06:08.738000,4228.458333333333,37.0
2023-10-22 20:07:11.131,6639,78,2,9,False,0,car,0 days 00:01:18.834000,0 days 02:06:08.898000,4231.924999999999,37.0
2023-10-22 20:07:11.291,7077,78,2,19,False,0,car,0 days 00:01:18.994000,0 days 02:06:09.058000,4235.3916666666655,37.0
2023-10-22 20:07:11.491,7224,79,2,27,False,0,car,0 days 00:01:19.194000,0 days 02:06:09.258000,4239.780555555554,37.0
2023-10-22 20:07:11.691,7578,82,2,37,False,0,car,0 days 00:01:19.394000,0 days 02:06:09.458000,4244.33611111111,37.0
2023-10-22 20:07:11.931,7877,89,2,39,False,0,car,0 days 00:01:19.634000,0 days 02:06:09.698000,4250.269444444443,37.0
2023-10-22 20:07:12.171,7131,95,2,46,False,0,car,0 days 00:01:19.874000,0 days 02:06:09.938000,4256.602777777776,37.0
2023-10-22 20:07:12.451,8042,104,3,53,False,0,car,0 days 00:01:20.154000,0 days 02:06:10.218000,4264.691666666665,37.0
2023-10-22 20:07:12.691,8522,111,3,61,False,0,car,0 days 00:01:20.394000,0 days 02:06:10.458000,4272.091666666665,37.0
2023-10-22 20:07:13.051,9702,122,3,75,False,0,car,0 days 00:01:20.754000,0 days 02:06:10.818000,4284.291666666665,37.0
2023-10-22 20:07:13.291,10406,137,3,86,False,0,car,0 days 00:01:20.994000,0 days 02:06:11.058000,4293.424999999998,37.0
2023-10-22 20:07:13.531,11297,149,3,100,False,0,car,0 days 00:01:21.234000,0 days 02:06:11.298000,4303.358333333332,37.0
2023-10-22 20:07:13.851,10041,161,3,100,False,0,car,0 days 00:01:21.554000,0 days 02:06:11.618000,4317.669444444443,37.0
2023-10-22 20:07:14.131,10846,170,4,100,False,0,car,0 days 00:01:21.834000,0 days 02:06:11.898000,4330.8916666666655,37.0
2023-10-22 20:07:14.451,11273,190,4,100,False,0,car,0 days 00:01:22.154000,0 days 02:06:12.218000,4347.780555555554,37.0
2023-10-22 20:07:14.651,10688,193,4,99,False,0,car,0 days 00:01:22.354000,0 days 02:06:12.418000,4358.502777777777,37.0
2023-10-22 20:07:14.810,10849,196,5,100,False,0,car,0 days 00:01:22.513000,0 days 02:06:12.577000,4367.159444444444,37.0
2023-10-22 20:07:15.130,11358,208,5,100,False,0,car,0 days 00:01:22.833000,0 days 02:06:12.897000,4385.648333333332,37.0
2023-10-22 20:07:15.290,11568,211,5,100,False,0,car,0 days 00:01:22.993000,0 days 02:06:13.057000,4395.0261111111095,37.0
2023-10-22 20:07:15.491,10588,215,5,100,False,0,car,0 days 00:01:23.194000,0 days 02:06:13.258000,4407.030277777777,37.0
2023-10-22 20:07:15.731,10361,223,6,100,False,0,car,0 days 00:01:23.434000,0 days 02:06:13.498000,4421.896944444444,37.0
2023-10-22 20:07:16.011,10804,224,6,100,False,0,car,0 days 00:01:23.714000,0 days 02:06:13.778000,4439.319166666666,37.0
2023-10-22 20:07:16.331,10983,231,6,100,False,0,car,0 days 00:01:24.034000,0 days 02:06:14.098000,4459.8525,37.0
2023-10-22 20:07:16.491,10987,231,6,100,False,0,car,0 days 00:01:24.194000,0 days 02:06:14.258000,4470.119166666666,37.0
2023-10-22 20:07:16.691,11094,232,6,100,False,0,car,0 days 00:01:24.394000,0 days 02:06:14.458000,4483.008055555555,37.0
2023-10-22 20:07:17.011,11112,234,6,100,False,0,car,0 days 00:01:24.714000,0 days 02:06:14.778000,4503.808055555554,37.0
2023-10-22 20:07:17.211,11212,235,6,100,False,0,car,0 days 00:01:24.914000,0 days 02:06:14.978000,4516.86361111111,37.0
2023-10-22 20:07:17.611,11283,237,6,100,False,0,car,0 days 00:01:25.314000,0 days 02:06:15.378000,4543.196944444443,37.0
2023-10-22 20:07:17.811,11299,238,6,100,False,0,car,0 days 00:01:25.514000,0 days 02:06:15.578000,4556.419166666666,37.0
2023-10-22 20:07:18.051,11404,238,6,100,False,0,car,0 days 00:01:25.754000,0 days 02:06:15.818000,4572.285833333333,37.0
2023-10-22 20:07:18.451,11482,240,6,100,False,0,car,0 days 00:01:26.154000,0 days 02:06:16.218000,4598.952499999999,37.0
2023-10-22 20:07:18.611,11405,241,6,100,False,0,car,0 days 00:01:26.314000,0 days 02:06:16.378000,4609.66361111111,37.0
2023-10-22 20:07:18.771,11497,241,6,100,False,0,car,0 days 00:01:26.474000,0 days 02:06:16.538000,4620.374722222222,37.0
2023-10-22 20:07:19.011,11492,242,6,100,False,0,car,0 days 00:01:26.714000,0 days 02:06:16.778000,4636.508055555555,37.0
2023-10-22 20:07:19.211,11072,243,6,99,False,0,car,0 days 00:01:26.914000,0 days 02:06:16.978000,4650.008055555555,37.0
2023-10-22 20:07:19.411,10252,245,6,100,False,0,car,0 days 00:01:27.114000,0 days 02:06:17.178000,4663.619166666666,37.0
2023-10-22 20:07:19.651,10328,248,7,100,False,0,car,0 days 00:01:27.354000,0 days 02:06:17.418000,4680.152499999999,37.0
2023-10-22 20:07:20.011,10373,250,7,100,False,0,car,0 days 00:01:27.714000,0 days 02:06:17.778000,4705.152499999999,37.0
2023-10-22 20:07:20.411,10471,253,7,100,False,0,car,0 days 00:01:28.114000,0 days 02:06:18.178000,4733.263611111111,37.0
2023-10-22 20:07:20.571,10568,253,7,100,False,0,car,0 days 00:01:28.274000,0 days 02:06:18.338000,4744.508055555555,37.0
2023-10-22 20:07:20.731,10568,255,7,100,False,0,car,0 days 00:01:28.434000,0 days 02:06:18.498000,4755.841388888888,37.0
2023-10-22 20:07:21.251,10740,258,7,100,False,0,car,0 days 00:01:28.954000,0 days 02:06:19.018000,4793.1080555555545,37.0
2023-10-22 20:07:21.530,10808,260,7,100,False,0,car,0 days 00:01:29.233000,0 days 02:06:19.297000,4813.258055555555,37.0
2023-10-22 20:07:21.770,10787,260,7,100,False,0,car,0 days 00:01:29.473000,0 days 02:06:19.537000,4830.591388888888,37.0
2023-10-22 20:07:22.011,10854,262,7,100,False,0,car,0 days 00:01:29.714000,0 days 02:06:19.778000,4848.130833333333,37.0
2023-10-22 20:07:22.211,10920,263,7,98,True,0,car,0 days 00:01:29.914000,0 days 02:06:19.978000,4862.741944444444,37.0
2023-10-22 20:07:22.371,11009,256,7,0,True,0,car,0 days 00:01:30.074000,0 days 02:06:20.138000,4874.119722222222,37.0
2023-10-22 20:07:22.571,10157,243,7,0,True,0,car,0 days 00:01:30.274000,0 days 02:06:20.338000,4887.619722222222,37.0
2023-10-22 20:07:22.891,9850,225,7,0,True,0,car,0 days 00:01:30.594000,0 days 02:06:20.658000,4907.619722222222,37.0
2023-10-22 20:07:23.051,9807,213,7,0,True,0,car,0 days 00:01:30.754000,0 days 02:06:20.818000,4917.086388888889,37.0
2023-10-22 20:07:23.211,9608,208,6,0,True,0,car,0 days 00:01:30.914000,0 days 02:06:20.978000,4926.330833333333,37.0
2023-10-22 20:07:23.411,9388,201,6,0,True,0,car,0 days 00:01:31.114000,0 days 02:06:21.178000,4937.4975,37.0
2023-10-22 20:07:23.691,10157,193,5,0,False,0,car,0 days 00:01:31.394000,0 days 02:06:21.458000,4952.508611111111,37.0
2023-10-22 20:07:23.971,9968,187,5,0,False,0,car,0 days 00:01:31.674000,0 days 02:06:21.738000,4967.053055555556,37.0
2023-10-22 20:07:24.251,9850,182,5,22,False,0,car,0 days 00:01:31.954000,0 days 02:06:22.018000,4981.208611111111,37.0
2023-10-22 20:07:24.411,10101,182,5,46,False,0,car,0 days 00:01:32.114000,0 days 02:06:22.178000,4989.297500000001,37.0
2023-10-22 20:07:24.731,9962,186,5,76,False,0,car,0 days 00:01:32.434000,0 days 02:06:22.498000,5005.830833333333,37.0
2023-10-22 20:07:25.051,10615,195,5,100,False,0,car,0 days 00:01:32.754000,0 days 02:06:22.818000,5023.164166666667,37.0
2023-10-22 20:07:25.251,10968,202,5,100,False,0,car,0 days 00:01:32.954000,0 days 02:06:23.018000,5034.386388888889,37.0
2023-10-22 20:07:25.571,11469,210,5,100,False,0,car,0 days 00:01:33.274000,0 days 02:06:23.338000,5053.053055555556,37.0
2023-10-22 20:07:25.771,11301,217,5,100,False,0,car,0 days 00:01:33.474000,0 days 02:06:23.538000,5065.108611111112,37.0
2023-10-22 20:07:25.931,10724,221,5,100,False,0,car,0 days 00:01:33.634000,0 days 02:06:23.698000,5074.930833333334,37.0
2023-10-22 20:07:26.131,10500,224,6,100,False,0,car,0 days 00:01:33.834000,0 days 02:06:23.898000,5087.375277777778,37.0
2023-10-22 20:07:26.291,10652,226,6,100,False,0,car,0 days 00:01:33.994000,0 days 02:06:24.058000,5097.419722222222,37.0
2023-10-22 20:07:26.531,10872,231,6,100,False,0,car,0 days 00:01:34.234000,0 days 02:06:24.298000,5112.819722222222,37.0
2023-10-22 20:07:26.931,11099,236,6,100,False,0,car,0 days 00:01:34.634000,0 days 02:06:24.698000,5139.041944444444,37.0
2023-10-22 20:07:27.091,11218,238,6,100,False,0,car,0 days 00:01:34.794000,0 days 02:06:24.858000,5149.619722222222,37.0
2023-10-22 20:07:27.291,11346,240,6,100,False,0,car,0 days 00:01:34.994000,0 days 02:06:25.058000,5162.953055555556,37.0
2023-10-22 20:07:27.531,10603,227,6,0,True,0,car,0 days 00:01:35.234000,0 days 02:06:25.298000,5178.086388888889,37.0
2023-10-22 20:07:27.851,10797,206,6,0,True,0,car,0 days 00:01:35.554000,0 days 02:06:25.618000,5196.3975,37.0
2023-10-22 20:07:28.171,10346,167,5,0,True,0,car,0 days 00:01:35.874000,0 days 02:06:25.938000,5211.241944444444,37.0
2023-10-22 20:07:28.450,10441,142,4,0,True,0,car,0 days 00:01:36.153000,0 days 02:06:26.217000,5222.246944444444,37.0
2023-10-22 20:07:28.691,9359,133,3,0,True,0,car,0 days 00:01:36.394000,0 days 02:06:26.458000,5231.150555555555,37.0
2023-10-22 20:07:28.971,8374,119,3,0,True,0,car,0 days 00:01:36.674000,0 days 02:06:26.738000,5240.4061111111105,37.0
2023-10-22 20:07:29.171,8084,112,3,0,True,0,car,0 days 00:01:36.874000,0 days 02:06:26.938000,5246.628333333332,37.0
2023-10-22 20:07:29.371,7441,105,3,0,True,0,car,0 days 00:01:37.074000,0 days 02:06:27.138000,5252.461666666665,37.0
2023-10-22 20:07:29.571,6975,100,3,0,True,0,car,0 days 00:01:37.274000,0 days 02:06:27.338000,5258.017222222221,37.0
2023-10-22 20:07:29.731,6725,96,3,0,True,0,car,0 days 00:01:37.434000,0 days 02:06:27.498000,5262.283888888887,37.0
2023-10-22 20:07:29.931,6697,91,3,0,False,0,car,0 days 00:01:37.634000,0 days 02:06:27.698000,5267.339444444443,37.0
2023-10-22 20:07:30.291,6636,87,3,17,False,0,car,0 days 00:01:37.994000,0 days 02:06:28.058000,5276.039444444443,37.0
2023-10-22 20:07:30.691,6802,90,3,30,False,0,car,0 days 00:01:38.394000,0 days 02:06:28.458000,5286.039444444443,37.0
2023-10-22 20:07:31.091,7454,97,3,42,False,0,car,0 days 00:01:38.794000,0 days 02:06:28.858000,5296.81722222222,37.0
2023-10-22 20:07:31.291,7599,103,3,48,False,0,car,0 days 00:01:38.994000,0 days 02:06:29.058000,5302.539444444443,37.0
2023-10-22 20:07:31.531,8454,113,3,57,False,0,car,0 days 00:01:39.234000,0 days 02:06:29.298000,5310.072777777776,37.0
2023-10-22 20:07:31.691,9027,117,3,64,False,0,car,0 days 00:01:39.394000,0 days 02:06:29.458000,5315.272777777776,37.0
2023-10-22 20:07:32.011,9606,129,3,72,False,0,car,0 days 00:01:39.714000,0 days 02:06:29.778000,5326.739444444443,37.0
2023-10-22 20:07:32.171,10497,138,3,78,False,0,car,0 days 00:01:39.874000,0 days 02:06:29.938000,5332.872777777776,37.0
2023-10-22 20:07:32.371,11019,147,3,87,False,0,car,0 days 00:01:40.074000,0 days 02:06:30.138000,5341.039444444443,37.0
2023-10-22 20:07:32.731,10539,161,3,100,False,0,car,0 days 00:01:40.434000,0 days 02:06:30.498000,5357.139444444443,37.0
2023-10-22 20:07:32.931,10927,171,4,100,False,0,car,0 days 00:01:40.634000,0 days 02:06:30.698000,5366.639444444443,37.0
2023-10-22 20:07:33.211,11560,179,4,100,False,0,car,0 days 00:01:40.914000,0 days 02:06:30.978000,5380.561666666666,37.0
2023-10-22 20:07:33.491,10616,193,4,99,False,0,car,0 days 00:01:41.194000,0 days 02:06:31.258000,5395.5727777777765,37.0
2023-10-22 20:07:33.851,11241,206,5,100,False,0,car,0 days 00:01:41.554000,0 days 02:06:31.618000,5416.172777777777,37.0
2023-10-22 20:07:34.091,11583,210,5,100,False,0,car,0 days 00:01:41.794000,0 days 02:06:31.858000,5430.172777777777,37.0
2023-10-22 20:07:34.251,10743,215,5,100,False,0,car,0 days 00:00:00.049000,0 days 02:06:32.018000,2.926388888888889,38.0
2023-10-22 20:07:34.491,10582,223,6,100,False,0,car,0 days 00:00:00.289000,0 days 02:06:32.258000,17.793055555555554,38.0
2023-10-22 20:07:34.731,10812,230,6,100,False,0,car,0 days 00:00:00.529000,0 days 02:06:32.498000,33.12638888888889,38.0
2023-10-22 20:07:35.091,11253,236,6,100,False,0,car,0 days 00:00:00.889000,0 days 02:06:32.858000,56.72638888888889,38.0
2023-10-22 20:07:35.251,11392,240,6,100,False,0,car,0 days 00:00:01.049000,0 days 02:06:33.018000,67.39305555555555,38.0
2023-10-22 20:07:35.611,11601,246,6,100,False,0,car,0 days 00:00:01.409000,0 days 02:06:33.378000,91.99305555555556,38.0
2023-10-22 20:07:36.051,10527,252,7,100,False,0,car,0 days 00:00:01.849000,0 days 02:06:33.818000,122.79305555555555,38.0
2023-10-22 20:07:36.411,10707,257,7,100,False,0,car,0 days 00:00:02.209000,0 days 02:06:34.178000,148.49305555555557,38.0
2023-10-22 20:07:36.571,10884,261,7,100,False,0,car,0 days 00:00:02.369000,0 days 02:06:34.338000,160.0930555555556,38.0
2023-10-22 20:07:36.811,11017,262,7,100,False,0,car,0 days 00:00:02.609000,0 days 02:06:34.578000,177.55972222222223,38.0
2023-10-22 20:07:37.091,11081,268,7,100,False,0,car,0 days 00:00:02.889000,0 days 02:06:34.858000,198.40416666666667,38.0
2023-10-22 20:07:37.411,11238,270,7,100,False,0,car,0 days 00:00:03.209000,0 days 02:06:35.178000,222.4041666666667,38.0
2023-10-22 20:07:37.731,11323,275,7,100,False,0,car,0 days 00:00:03.529000,0 days 02:06:35.498000,246.84861111111113,38.0
2023-10-22 20:07:38.091,11509,275,7,100,False,0,car,0 days 00:00:03.889000,0 days 02:06:35.858000,274.3486111111111,38.0
2023-10-22 20:07:38.251,11596,279,7,100,False,0,car,0 days 00:00:04.049000,0 days 02:06:36.018000,286.74861111111113,38.0
2023-10-22 20:07:38.691,10430,281,8,100,False,0,car,0 days 00:00:04.489000,0 days 02:06:36.458000,321.09305555555557,38.0
2023-10-22 20:07:38.931,10415,283,8,100,False,0,car,0 days 00:00:04.729000,0 days 02:06:36.698000,339.95972222222224,38.0
2023-10-22 20:07:39.131,10475,285,8,100,False,0,car,0 days 00:00:04.929000,0 days 02:06:36.898000,355.7930555555556,38.0
2023-10-22 20:07:39.371,10563,285,8,100,False,0,car,0 days 00:00:05.169000,0 days 02:06:37.138000,374.79305555555555,38.0
2023-10-22 20:07:39.731,10561,286,8,100,False,0,car,0 days 00:00:05.529000,0 days 02:06:37.498000,403.3930555555556,38.0
2023-10-22 20:07:39.891,10514,287,8,100,False,0,car,0 days 00:00:05.689000,0 days 02:06:37.658000,416.14861111111117,38.0
2023-10-22 20:07:40.051,10510,286,8,100,False,0,car,0 days 00:00:05.849000,0 days 02:06:37.818000,428.8597222222223,38.0
2023-10-22 20:07:40.251,10475,285,8,100,False,0,car,0 days 00:00:06.049000,0 days 02:06:38.018000,444.69305555555565,38.0
2023-10-22 20:07:40.451,10436,284,8,99,False,0,car,0 days 00:00:06.249000,0 days 02:06:38.218000,460.47083333333336,38.0
2023-10-22 20:07:40.611,10324,284,8,100,False,0,car,0 days 00:00:06.409000,0 days 02:06:38.378000,473.09305555555557,38.0
2023-10-22 20:07:41.011,9975,276,8,0,False,0,car,0 days 00:00:06.809000,0 days 02:06:38.778000,503.75972222222225,38.0
2023-10-22 20:07:41.411,8880,245,8,0,True,0,car,0 days 00:00:07.209000,0 days 02:06:39.178000,530.9819444444445,38.0
2023-10-22 20:07:41.571,8553,221,8,0,True,0,car,0 days 00:00:07.369000,0 days 02:06:39.338000,540.8041666666667,38.0
2023-10-22 20:07:41.971,8914,179,7,0,True,0,car,0 days 00:00:07.769000,0 days 02:06:39.738000,560.6930555555556,38.0
2023-10-22 20:07:42.171,8634,160,7,0,True,0,car,0 days 00:00:07.969000,0 days 02:06:39.938000,569.5819444444445,38.0
2023-10-22 20:07:42.331,8175,145,6,0,True,0,car,0 days 00:00:08.129000,0 days 02:06:40.098000,576.026388888889,38.0
2023-10-22 20:07:42.571,8175,133,5,0,True,0,car,0 days 00:00:08.369000,0 days 02:06:40.338000,584.8930555555556,38.0
2023-10-22 20:07:42.771,8595,133,5,0,True,0,car,0 days 00:00:08.569000,0 days 02:06:40.538000,592.2819444444445,38.0
2023-10-22 20:07:43.051,8123,112,3,0,True,0,car,0 days 00:00:08.849000,0 days 02:06:40.818000,600.9930555555557,38.0
2023-10-22 20:07:43.411,6950,99,3,0,True,0,car,0 days 00:00:09.209000,0 days 02:06:41.178000,610.8930555555556,38.0
2023-10-22 20:07:43.731,6457,92,3,0,True,0,car,0 days 00:00:09.529000,0 days 02:06:41.498000,619.0708333333334,38.0
2023-10-22 20:07:44.051,5849,84,3,0,True,0,car,0 days 00:00:09.849000,0 days 02:06:41.818000,626.5375000000001,38.0
2023-10-22 20:07:44.531,5630,78,3,0,False,0,car,0 days 00:00:10.329000,0 days 02:06:42.298000,636.9375000000001,38.0
2023-10-22 20:07:44.931,5618,76,3,14,False,0,car,0 days 00:00:10.729000,0 days 02:06:42.698000,645.3819444444446,38.0
2023-10-22 20:07:45.251,6144,81,3,30,False,0,car,0 days 00:00:11.049000,0 days 02:06:43.018000,652.5819444444446,38.0
2023-10-22 20:07:45.611,6828,87,3,39,False,0,car,0 days 00:00:11.409000,0 days 02:06:43.378000,661.2819444444447,38.0
2023-10-22 20:07:46.411,8349,110,3,55,False,0,car,0 days 00:00:12.209000,0 days 02:06:44.178000,685.7263888888891,38.0
2023-10-22 20:07:46.611,9056,118,3,60,False,0,car,0 days 00:00:12.409000,0 days 02:06:44.378000,692.2819444444447,38.0
2023-10-22 20:07:46.771,9822,121,3,63,False,0,car,0 days 00:00:12.569000,0 days 02:06:44.538000,697.6597222222224,38.0
2023-10-22 20:07:46.971,10270,133,3,68,False,0,car,0 days 00:00:12.769000,0 days 02:06:44.738000,705.0486111111113,38.0
2023-10-22 20:07:47.211,11350,142,3,82,False,0,car,0 days 00:00:13.009000,0 days 02:06:44.978000,714.515277777778,38.0
2023-10-22 20:07:47.651,10565,167,3,99,False,0,car,0 days 00:00:13.449000,0 days 02:06:45.418000,734.926388888889,38.0
2023-10-22 20:07:47.851,11165,177,4,100,False,0,car,0 days 00:00:13.649000,0 days 02:06:45.618000,744.7597222222223,38.0
2023-10-22 20:07:48.131,9938,185,4,99,False,0,car,0 days 00:00:13.929000,0 days 02:06:45.898000,759.1486111111112,38.0
2023-10-22 20:07:48.412,10706,193,5,100,False,0,car,0 days 00:00:14.210000,0 days 02:06:46.179000,774.2133333333335,38.0
2023-10-22 20:07:48.851,11459,210,5,99,False,0,car,0 days 00:00:14.649000,0 days 02:06:46.618000,799.8216666666667,38.0
2023-10-22 20:07:49.251,10542,216,6,99,False,0,car,0 days 00:00:15.049000,0 days 02:06:47.018000,823.8216666666667,38.0
2023-10-22 20:07:49.531,10924,227,6,99,False,0,car,0 days 00:00:15.329000,0 days 02:06:47.298000,841.4772222222224,38.0
2023-10-22 20:07:49.811,11159,231,6,100,False,0,car,0 days 00:00:15.609000,0 days 02:06:47.578000,859.443888888889,38.0
2023-10-22 20:07:50.051,11373,238,6,100,False,0,car,0 days 00:00:15.849000,0 days 02:06:47.818000,875.3105555555557,38.0
2023-10-22 20:07:50.251,11525,241,6,99,False,0,car,0 days 00:00:16.049000,0 days 02:06:48.018000,888.6994444444445,38.0
2023-10-22 20:07:50.731,10333,248,6,100,False,0,car,0 days 00:00:16.529000,0 days 02:06:48.498000,921.7661111111112,38.0
2023-10-22 20:07:51.091,10592,253,7,99,False,0,car,0 days 00:00:16.889000,0 days 02:06:48.858000,947.0661111111111,38.0
2023-10-22 20:07:51.331,10649,256,7,100,False,0,car,0 days 00:00:17.129000,0 days 02:06:49.098000,964.132777777778,38.0
2023-10-22 20:07:51.531,10813,260,7,100,False,0,car,0 days 00:00:17.329000,0 days 02:06:49.298000,978.5772222222223,38.0
2023-10-22 20:07:51.771,10832,260,7,100,False,0,car,0 days 00:00:17.569000,0 days 02:06:49.538000,995.9105555555556,38.0
2023-10-22 20:07:52.091,11066,266,7,100,False,0,car,0 days 00:00:17.889000,0 days 02:06:49.858000,1019.5550000000001,38.0
2023-10-22 20:07:52.331,11134,267,7,100,False,0,car,0 days 00:00:18.129000,0 days 02:06:50.098000,1037.3550000000002,38.0
2023-10-22 20:07:52.531,11189,270,7,100,False,0,car,0 days 00:00:18.329000,0 days 02:06:50.298000,1052.3550000000002,38.0
2023-10-22 20:07:52.731,11243,273,7,100,False,0,car,0 days 00:00:18.529000,0 days 02:06:50.498000,1067.5216666666668,38.0
2023-10-22 20:07:53.011,11320,273,7,100,False,0,car,0 days 00:00:18.809000,0 days 02:06:50.778000,1088.755,38.0
2023-10-22 20:07:53.331,11345,274,7,100,False,0,car,0 days 00:00:19.129000,0 days 02:06:51.098000,1113.1105555555557,38.0
2023-10-22 20:07:53.611,11325,273,7,100,False,0,car,0 days 00:00:19.409000,0 days 02:06:51.378000,1134.3438888888888,38.0
2023-10-22 20:07:53.971,11508,274,7,100,False,0,car,0 days 00:00:19.769000,0 days 02:06:51.738000,1161.7438888888887,38.0
2023-10-22 20:07:54.131,11508,273,7,99,False,0,car,0 days 00:00:19.929000,0 days 02:06:51.898000,1173.8772222222221,38.0
2023-10-22 20:07:54.411,11335,273,7,93,False,0,car,0 days 00:00:20.209000,0 days 02:06:52.178000,1195.1105555555555,38.0
2023-10-22 20:07:54.651,11358,274,7,42,False,0,car,0 days 00:00:20.449000,0 days 02:06:52.418000,1213.3772222222224,38.0
2023-10-22 20:07:54.812,11201,271,7,44,False,0,car,0 days 00:00:20.610000,0 days 02:06:52.579000,1225.4969444444444,38.0
2023-10-22 20:07:55.052,10864,264,7,40,False,0,car,0 days 00:00:20.850000,0 days 02:06:52.819000,1243.0969444444445,38.0
2023-10-22 20:07:55.251,10783,261,7,54,False,0,car,0 days 00:00:21.049000,0 days 02:06:53.018000,1257.5244444444443,38.0
2023-10-22 20:07:55.491,10827,259,7,82,False,0,car,0 days 00:00:21.289000,0 days 02:06:53.258000,1274.7911111111111,38.0
2023-10-22 20:07:55.691,10481,260,7,3,True,0,car,0 days 00:00:21.489000,0 days 02:06:53.458000,1289.2355555555555,38.0
2023-10-22 20:07:55.931,10946,245,7,0,True,0,car,0 days 00:00:21.729000,0 days 02:06:53.698000,1305.5688888888888,38.0
2023-10-22 20:07:56.171,11044,240,7,0,True,0,car,0 days 00:00:21.969000,0 days 02:06:53.938000,1321.568888888889,38.0
2023-10-22 20:07:56.411,10982,233,6,35,False,0,car,0 days 00:00:22.209000,0 days 02:06:54.178000,1337.1022222222223,38.0
2023-10-22 20:07:56.571,10896,227,6,45,False,0,car,0 days 00:00:22.369000,0 days 02:06:54.338000,1347.1911111111112,38.0
2023-10-22 20:07:56.811,10863,228,6,70,False,0,car,0 days 00:00:22.609000,0 days 02:06:54.578000,1362.3911111111113,38.0
2023-10-22 20:07:57.051,10964,230,6,76,False,0,car,0 days 00:00:22.849000,0 days 02:06:54.818000,1377.7244444444445,38.0
2023-10-22 20:07:57.411,11210,235,6,25,True,0,car,0 days 00:00:23.209000,0 days 02:06:55.178000,1401.2244444444445,38.0
2023-10-22 20:07:57.571,10795,230,6,25,True,0,car,0 days 00:00:23.369000,0 days 02:06:55.338000,1411.4466666666667,38.0
2023-10-22 20:07:57.931,10495,223,6,43,False,0,car,0 days 00:00:23.729000,0 days 02:06:55.698000,1433.7466666666667,38.0
2023-10-22 20:07:58.131,10495,219,6,43,False,0,car,0 days 00:00:23.929000,0 days 02:06:55.898000,1445.9133333333332,38.0
2023-10-22 20:07:58.291,10495,219,6,43,False,0,car,0 days 00:00:24.089000,0 days 02:06:56.058000,1455.6466666666665,38.0
2023-10-22 20:07:58.571,10088,218,6,43,False,0,car,0 days 00:00:24.369000,0 days 02:06:56.338000,1472.602222222222,38.0
2023-10-22 20:07:58.971,10194,212,6,54,False,0,car,0 days 00:00:24.769000,0 days 02:06:56.738000,1496.1577777777775,38.0
2023-10-22 20:07:59.371,9748,211,6,57,False,0,car,0 days 00:00:25.169000,0 days 02:06:57.138000,1519.602222222222,38.0
2023-10-22 20:07:59.611,9875,211,6,42,False,0,car,0 days 00:00:25.409000,0 days 02:06:57.378000,1533.6688888888887,38.0
2023-10-22 20:08:00.011,9958,208,6,53,False,0,car,0 days 00:00:25.809000,0 days 02:06:57.778000,1556.78,38.0
2023-10-22 20:08:00.411,10113,207,6,80,False,0,car,0 days 00:00:26.209000,0 days 02:06:58.178000,1579.78,38.0
2023-10-22 20:08:00.691,10280,212,6,100,False,0,car,0 days 00:00:26.489000,0 days 02:06:58.458000,1596.268888888889,38.0
2023-10-22 20:08:00.971,10291,217,6,100,False,0,car,0 days 00:00:26.769000,0 days 02:06:58.738000,1613.1466666666668,38.0
2023-10-22 20:08:01.251,9674,218,6,0,True,0,car,0 days 00:00:27.049000,0 days 02:06:59.018000,1630.1022222222223,38.0
2023-10-22 20:08:01.452,10514,204,6,0,True,0,car,0 days 00:00:27.250000,0 days 02:06:59.219000,1641.4922222222224,38.0
2023-10-22 20:08:01.892,10177,195,5,7,False,0,car,0 days 00:00:27.690000,0 days 02:06:59.659000,1665.3255555555559,38.0
2023-10-22 20:08:02.171,9920,189,5,0,False,0,car,0 days 00:00:27.969000,0 days 02:06:59.938000,1679.973055555556,38.0
2023-10-22 20:08:02.331,9920,185,5,1,True,0,car,0 days 00:00:28.129000,0 days 02:07:00.098000,1688.195277777778,38.0
2023-10-22 20:08:02.611,10033,180,5,46,False,0,car,0 days 00:00:28.409000,0 days 02:07:00.378000,1702.1952777777778,38.0
2023-10-22 20:08:02.811,9981,181,5,60,False,0,car,0 days 00:00:28.609000,0 days 02:07:00.578000,1712.2508333333335,38.0
2023-10-22 20:08:03.011,10200,182,5,67,False,0,car,0 days 00:00:28.809000,0 days 02:07:00.778000,1722.3619444444446,38.0
2023-10-22 20:08:03.291,10299,186,5,71,False,0,car,0 days 00:00:29.089000,0 days 02:07:01.058000,1736.828611111111,38.0
2023-10-22 20:08:03.491,10516,189,5,77,False,0,car,0 days 00:00:29.289000,0 days 02:07:01.258000,1747.3286111111113,38.0
2023-10-22 20:08:03.691,10786,196,5,76,False,0,car,0 days 00:00:29.489000,0 days 02:07:01.458000,1758.2175000000002,38.0
2023-10-22 20:08:03.891,9982,195,5,0,True,0,car,0 days 00:00:29.689000,0 days 02:07:01.658000,1769.0508333333335,38.0
2023-10-22 20:08:04.131,10793,184,5,0,True,0,car,0 days 00:00:29.929000,0 days 02:07:01.898000,1781.3175,38.0
2023-10-22 20:08:04.411,10426,171,4,0,True,0,car,0 days 00:00:30.209000,0 days 02:07:02.178000,1794.6175,38.0
2023-10-22 20:08:04.691,9964,165,4,0,True,0,car,0 days 00:00:30.489000,0 days 02:07:02.458000,1807.4508333333335,38.0
2023-10-22 20:08:04.851,9964,159,4,0,True,0,car,0 days 00:00:30.649000,0 days 02:07:02.618000,1814.5175000000002,38.0
2023-10-22 20:08:05.131,9155,149,4,0,True,0,car,0 days 00:00:30.929000,0 days 02:07:02.898000,1826.106388888889,38.0
2023-10-22 20:08:05.371,8570,144,4,0,True,0,car,0 days 00:00:31.169000,0 days 02:07:03.138000,1835.706388888889,38.0
2023-10-22 20:08:05.611,8281,140,4,0,False,0,car,0 days 00:00:31.409000,0 days 02:07:03.378000,1845.0397222222223,38.0
2023-10-22 20:08:05.771,8281,136,4,0,False,0,car,0 days 00:00:31.569000,0 days 02:07:03.538000,1851.0841666666668,38.0
2023-10-22 20:08:06.011,8390,135,4,38,False,0,car,0 days 00:00:31.809000,0 days 02:07:03.778000,1860.0841666666668,38.0
2023-10-22 20:08:06.411,8496,132,4,41,False,0,car,0 days 00:00:32.209000,0 days 02:07:04.178000,1874.7508333333335,38.0
2023-10-22 20:08:06.811,8687,134,4,54,False,0,car,0 days 00:00:32.609000,0 days 02:07:04.578000,1889.6397222222224,38.0
2023-10-22 20:08:07.051,9165,140,4,64,False,0,car,0 days 00:00:32.849000,0 days 02:07:04.818000,1898.9730555555554,38.0
2023-10-22 20:08:07.371,9760,153,4,64,False,0,car,0 days 00:00:33.169000,0 days 02:07:05.138000,1912.5730555555554,38.0
2023-10-22 20:08:07.571,9974,155,4,55,False,0,car,0 days 00:00:33.369000,0 days 02:07:05.338000,1921.1841666666667,38.0
2023-10-22 20:08:07.851,9817,157,4,47,False,0,car,0 days 00:00:33.649000,0 days 02:07:05.618000,1933.395277777778,38.0
2023-10-22 20:08:08.252,10184,158,4,51,False,0,car,0 days 00:00:34.050000,0 days 02:07:06.019000,1950.9947222222222,38.0
2023-10-22 20:08:08.532,10583,164,4,73,False,0,car,0 days 00:00:34.330000,0 days 02:07:06.299000,1963.750277777778,38.0
2023-10-22 20:08:08.731,10972,166,4,86,False,0,car,0 days 00:00:34.529000,0 days 02:07:06.498000,1972.9263888888893,38.0
2023-10-22 20:08:09.011,11486,176,4,100,False,0,car,0 days 00:00:34.809000,0 days 02:07:06.778000,1986.615277777778,38.0
2023-10-22 20:08:09.291,10643,189,4,100,False,0,car,0 days 00:00:35.089000,0 days 02:07:07.058000,2001.315277777778,38.0
2023-10-22 20:08:09.691,10643,192,5,100,False,0,car,0 days 00:00:35.489000,0 days 02:07:07.458000,2022.6486111111112,38.0
2023-10-22 20:08:10.091,11614,209,5,100,False,0,car,0 days 00:00:35.889000,0 days 02:07:07.858000,2045.8708333333338,38.0
2023-10-22 20:08:10.531,10746,229,6,99,False,0,car,0 days 00:00:36.329000,0 days 02:07:08.298000,2073.8597222222224,38.0
2023-10-22 20:08:10.811,11044,231,6,99,False,0,car,0 days 00:00:36.609000,0 days 02:07:08.578000,2091.826388888889,38.0
2023-10-22 20:08:11.091,11464,238,6,99,False,0,car,0 days 00:00:36.889000,0 days 02:07:08.858000,2110.3375000000005,38.0
2023-10-22 20:08:11.291,11620,241,6,99,False,0,car,0 days 00:00:37.089000,0 days 02:07:09.058000,2123.7263888888892,38.0
2023-10-22 20:08:11.571,10691,249,6,100,False,0,car,0 days 00:00:37.369000,0 days 02:07:09.338000,2143.093055555556,38.0
2023-10-22 20:08:11.851,10532,252,7,100,False,0,car,0 days 00:00:37.649000,0 days 02:07:09.618000,2162.693055555556,38.0
2023-10-22 20:08:12.171,10711,256,7,99,False,0,car,0 days 00:00:37.969000,0 days 02:07:09.938000,2185.4486111111114,38.0
2023-10-22 20:08:12.451,10936,261,7,99,False,0,car,0 days 00:00:38.249000,0 days 02:07:10.218000,2205.7486111111116,38.0
2023-10-22 20:08:12.651,11011,264,7,100,False,0,car,0 days 00:00:38.449000,0 days 02:07:10.418000,2220.415277777778,38.0
2023-10-22 20:08:12.891,11156,267,7,100,False,0,car,0 days 00:00:38.689000,0 days 02:07:10.658000,2238.2152777777783,38.0
2023-10-22 20:08:13.091,11249,270,7,99,False,0,car,0 days 00:00:38.889000,0 days 02:07:10.858000,2253.2152777777783,38.0
2023-10-22 20:08:13.331,11310,273,7,99,False,0,car,0 days 00:00:39.129000,0 days 02:07:11.098000,2271.415277777778,38.0
2023-10-22 20:08:13.531,11367,276,7,100,False,0,car,0 days 00:00:39.329000,0 days 02:07:11.298000,2286.7486111111116,38.0
2023-10-22 20:08:13.771,10246,278,8,99,False,0,car,0 days 00:00:39.569000,0 days 02:07:11.538000,2305.281944444445,38.0
2023-10-22 20:08:13.931,10322,279,8,99,False,0,car,0 days 00:00:39.729000,0 days 02:07:11.698000,2317.6819444444445,38.0
2023-10-22 20:08:14.131,10367,281,8,100,False,0,car,0 days 00:00:39.929000,0 days 02:07:11.898000,2333.293055555556,38.0
2023-10-22 20:08:14.331,10432,284,8,100,False,0,car,0 days 00:00:40.129000,0 days 02:07:12.098000,2349.070833333333,38.0
2023-10-22 20:08:14.612,10311,284,8,0,False,0,car,0 days 00:00:40.410000,0 days 02:07:12.379000,2371.238611111111,38.0
2023-10-22 20:08:14.852,9991,276,8,0,False,0,car,0 days 00:00:40.650000,0 days 02:07:12.619000,2389.638611111111,38.0
2023-10-22 20:08:15.052,9572,269,8,0,True,0,car,0 days 00:00:40.850000,0 days 02:07:12.819000,2404.583055555556,38.0
2023-10-22 20:08:15.491,9189,229,8,0,True,0,car,0 days 00:00:41.289000,0 days 02:07:13.258000,2432.5083333333337,38.0
2023-10-22 20:08:15.691,9029,206,8,0,True,0,car,0 days 00:00:41.489000,0 days 02:07:13.458000,2443.952777777778,38.0
2023-10-22 20:08:16.051,9215,169,7,0,True,0,car,0 days 00:00:41.849000,0 days 02:07:13.818000,2460.852777777778,38.0
2023-10-22 20:08:16.291,9504,150,5,0,True,0,car,0 days 00:00:42.089000,0 days 02:07:14.058000,2470.852777777778,38.0
2023-10-22 20:08:16.531,9495,129,5,0,True,0,car,0 days 00:00:42.329000,0 days 02:07:14.298000,2479.452777777778,38.0
2023-10-22 20:08:16.691,8375,122,3,0,True,0,car,0 days 00:00:42.489000,0 days 02:07:14.458000,2484.875,38.0
2023-10-22 20:08:17.091,6800,102,3,0,True,0,car,0 days 00:00:42.889000,0 days 02:07:14.858000,2496.2083333333335,38.0
2023-10-22 20:08:17.371,6077,90,3,0,True,0,car,0 days 00:00:43.169000,0 days 02:07:15.138000,2503.2083333333335,38.0
2023-10-22 20:08:17.531,5851,85,3,0,True,0,car,0 days 00:00:43.329000,0 days 02:07:15.298000,2506.9861111111113,38.0
2023-10-22 20:08:17.811,5484,80,3,0,True,0,car,0 days 00:00:43.609000,0 days 02:07:15.578000,2513.2083333333335,38.0
2023-10-22 20:08:18.011,5105,78,3,0,True,0,car,0 days 00:00:43.809000,0 days 02:07:15.778000,2517.5416666666665,38.0
2023-10-22 20:08:18.291,4936,72,3,0,False,0,car,0 days 00:00:44.089000,0 days 02:07:16.058000,2523.1416666666664,38.0
2023-10-22 20:08:18.571,4739,70,3,0,False,0,car,0 days 00:00:44.369000,0 days 02:07:16.338000,2528.5861111111108,38.0
2023-10-22 20:08:18.771,4786,66,3,0,False,0,car,0 days 00:00:44.569000,0 days 02:07:16.538000,2532.2527777777773,38.0
2023-10-22 20:08:18.931,4649,64,3,4,False,0,car,0 days 00:00:44.729000,0 days 02:07:16.698000,2535.0972222222217,38.0
2023-10-22 20:08:19.211,5009,65,3,19,False,0,car,0 days 00:00:45.009000,0 days 02:07:16.978000,2540.1527777777774,38.0
2023-10-22 20:08:19.531,5597,70,3,27,False,0,car,0 days 00:00:45.329000,0 days 02:07:17.298000,2546.3749999999995,38.0
2023-10-22 20:08:19.811,5979,73,3,28,False,0,car,0 days 00:00:45.609000,0 days 02:07:17.578000,2552.0527777777775,38.0
2023-10-22 20:08:20.011,5925,76,3,29,False,0,car,0 days 00:00:45.809000,0 days 02:07:17.778000,2556.2749999999996,38.0
2023-10-22 20:08:20.371,7382,86,3,42,False,0,car,0 days 00:00:46.169000,0 days 02:07:18.138000,2564.8749999999995,38.0
2023-10-22 20:08:20.531,8082,91,3,45,False,0,car,0 days 00:00:46.329000,0 days 02:07:18.298000,2568.9194444444443,38.0
2023-10-22 20:08:20.771,8159,96,3,36,False,0,car,0 days 00:00:46.569000,0 days 02:07:18.538000,2575.3194444444443,38.0
2023-10-22 20:08:21.051,7675,101,3,46,False,0,car,0 days 00:00:46.849000,0 days 02:07:18.818000,2583.1749999999997,38.0
2023-10-22 20:08:21.212,8235,105,3,62,False,0,car,0 days 00:00:47.010000,0 days 02:07:18.979000,2587.870833333333,38.0
2023-10-22 20:08:21.452,9915,115,3,69,False,0,car,0 days 00:00:47.250000,0 days 02:07:19.219000,2595.5374999999995,38.0
2023-10-22 20:08:21.612,9728,119,3,69,False,0,car,0 days 00:00:47.410000,0 days 02:07:19.379000,2600.8263888888882,38.0
2023-10-22 20:08:21.812,10106,130,3,76,False,0,car,0 days 00:00:47.610000,0 days 02:07:19.579000,2608.0486111111104,38.0
2023-10-22 20:08:22.052,10106,143,3,76,False,0,car,0 days 00:00:47.850000,0 days 02:07:19.819000,2617.5819444444437,38.0
2023-10-22 20:08:22.251,10442,155,3,93,False,0,car,0 days 00:00:48.049000,0 days 02:07:20.018000,2626.149999999999,38.0
2023-10-22 20:08:22.451,10814,162,3,100,False,0,car,0 days 00:00:48.249000,0 days 02:07:20.218000,2635.149999999999,38.0
2023-10-22 20:08:22.611,10759,162,4,100,False,0,car,0 days 00:00:48.409000,0 days 02:07:20.378000,2642.349999999999,38.0
2023-10-22 20:08:22.891,11078,180,4,100,False,0,car,0 days 00:00:48.689000,0 days 02:07:20.658000,2656.349999999999,38.0
2023-10-22 20:08:23.211,10680,191,5,100,False,0,car,0 days 00:00:49.009000,0 days 02:07:20.978000,2673.3277777777766,38.0
2023-10-22 20:08:23.531,11165,206,5,100,False,0,car,0 days 00:00:49.329000,0 days 02:07:21.298000,2691.638888888888,38.0
2023-10-22 20:08:23.771,11619,211,5,100,False,0,car,0 days 00:00:49.569000,0 days 02:07:21.538000,2705.7055555555544,38.0
2023-10-22 20:08:23.971,11339,217,5,100,False,0,car,0 days 00:00:49.769000,0 days 02:07:21.738000,2717.7611111111096,38.0
2023-10-22 20:08:24.331,10775,228,6,100,False,0,car,0 days 00:00:50.129000,0 days 02:07:22.098000,2740.5611111111098,38.0
2023-10-22 20:08:24.531,10963,230,6,100,False,0,car,0 days 00:00:50.329000,0 days 02:07:22.298000,2753.3388888888876,38.0
2023-10-22 20:08:24.891,11250,239,6,100,False,0,car,0 days 00:00:50.689000,0 days 02:07:22.658000,2777.2388888888877,38.0
2023-10-22 20:08:25.171,11700,245,6,100,False,0,car,0 days 00:00:50.969000,0 days 02:07:22.938000,2796.2944444444433,38.0
2023-10-22 20:08:25.451,10440,250,6,100,False,0,car,0 days 00:00:51.249000,0 days 02:07:23.218000,2815.7388888888877,38.0
2023-10-22 20:08:25.691,10580,253,7,100,False,0,car,0 days 00:00:51.489000,0 days 02:07:23.458000,2832.605555555554,38.0
2023-10-22 20:08:25.851,10695,255,7,100,False,0,car,0 days 00:00:51.649000,0 days 02:07:23.618000,2843.9388888888875,38.0
2023-10-22 20:08:26.171,10835,261,7,100,False,0,car,0 days 00:00:51.969000,0 days 02:07:23.938000,2867.1388888888873,38.0
2023-10-22 20:08:26.371,10936,264,7,100,False,0,car,0 days 00:00:52.169000,0 days 02:07:24.138000,2881.805555555554,38.0
2023-10-22 20:08:26.571,11077,266,7,100,False,0,car,0 days 00:00:52.369000,0 days 02:07:24.338000,2896.5833333333317,38.0
2023-10-22 20:08:26.771,11180,269,7,100,False,0,car,0 days 00:00:52.569000,0 days 02:07:24.538000,2911.5277777777765,38.0
2023-10-22 20:08:26.931,11199,270,7,100,False,0,car,0 days 00:00:52.729000,0 days 02:07:24.698000,2923.527777777776,38.0
2023-10-22 20:08:27.371,11401,273,7,100,False,0,car,0 days 00:00:53.169000,0 days 02:07:25.138000,2956.8944444444423,38.0
2023-10-22 20:08:27.571,11467,276,7,100,False,0,car,0 days 00:00:53.369000,0 days 02:07:25.338000,2972.227777777776,38.0
2023-10-22 20:08:27.812,11451,277,7,100,False,0,car,0 days 00:00:53.610000,0 days 02:07:25.579000,2990.771388888887,38.0
2023-10-22 20:08:28.172,10471,280,8,100,False,0,car,0 days 00:00:53.970000,0 days 02:07:25.939000,3018.771388888887,38.0
2023-10-22 20:08:28.412,10355,281,8,99,False,0,car,0 days 00:00:54.210000,0 days 02:07:26.179000,3037.5047222222206,38.0
2023-10-22 20:08:28.612,10394,282,8,100,False,0,car,0 days 00:00:54.410000,0 days 02:07:26.379000,3053.171388888887,38.0
2023-10-22 20:08:28.812,10478,284,8,100,False,0,car,0 days 00:00:54.610000,0 days 02:07:26.579000,3068.949166666665,38.0
2023-10-22 20:08:29.011,10495,285,8,100,False,0,car,0 days 00:00:54.809000,0 days 02:07:26.778000,3084.7033333333316,38.0
2023-10-22 20:08:29.371,10632,287,8,100,False,0,car,0 days 00:00:55.169000,0 days 02:07:27.138000,3113.4033333333314,38.0
2023-10-22 20:08:29.611,10675,289,8,100,False,0,car,0 days 00:00:55.409000,0 days 02:07:27.378000,3132.6699999999983,38.0
2023-10-22 20:08:30.011,10746,292,8,100,False,0,car,0 days 00:00:55.809000,0 days 02:07:27.778000,3165.1144444444426,38.0
2023-10-22 20:08:30.211,10777,292,8,100,False,0,car,0 days 00:00:56.009000,0 days 02:07:27.978000,3181.336666666665,38.0
2023-10-22 20:08:30.451,10790,293,8,100,False,0,car,0 days 00:00:56.249000,0 days 02:07:28.218000,3200.8699999999985,38.0
2023-10-22 20:08:30.811,10854,295,8,100,False,0,car,0 days 00:00:56.609000,0 days 02:07:28.578000,3230.3699999999985,38.0
2023-10-22 20:08:31.051,10879,296,8,100,False,0,car,0 days 00:00:56.849000,0 days 02:07:28.818000,3250.1033333333316,38.0
2023-10-22 20:08:31.451,10966,297,8,100,False,0,car,0 days 00:00:57.249000,0 days 02:07:29.218000,3283.103333333332,38.0
2023-10-22 20:08:31.891,10923,298,8,100,False,0,car,0 days 00:00:57.689000,0 days 02:07:29.658000,3319.525555555554,38.0
2023-10-22 20:08:32.051,10989,298,8,100,False,0,car,0 days 00:00:57.849000,0 days 02:07:29.818000,3332.769999999998,38.0
2023-10-22 20:08:32.211,10973,298,8,100,False,0,car,0 days 00:00:58.009000,0 days 02:07:29.978000,3346.0144444444427,38.0
2023-10-22 20:08:32.411,11002,298,8,100,False,0,car,0 days 00:00:58.209000,0 days 02:07:30.178000,3362.5699999999983,38.0
2023-10-22 20:08:32.611,11002,299,8,100,False,0,car,0 days 00:00:58.409000,0 days 02:07:30.378000,3379.181111111109,38.0
2023-10-22 20:08:32.771,11012,299,8,100,False,0,car,0 days 00:00:58.569000,0 days 02:07:30.538000,3392.4699999999984,38.0
2023-10-22 20:08:33.091,11005,299,8,100,False,0,car,0 days 00:00:58.889000,0 days 02:07:30.858000,3419.0477777777764,38.0
2023-10-22 20:08:33.491,11078,299,8,100,False,0,car,0 days 00:00:59.289000,0 days 02:07:31.258000,3452.2699999999986,38.0
2023-10-22 20:08:33.771,11039,300,8,100,False,0,car,0 days 00:00:59.569000,0 days 02:07:31.538000,3475.603333333332,38.0
2023-10-22 20:08:33.971,11061,300,8,99,False,0,car,0 days 00:00:59.769000,0 days 02:07:31.738000,3492.2699999999986,38.0
2023-10-22 20:08:34.251,11038,301,8,100,False,0,car,0 days 00:01:00.049000,0 days 02:07:32.018000,3515.6811111111097,38.0
2023-10-22 20:08:34.452,11073,300,8,100,False,0,car,0 days 00:01:00.250000,0 days 02:07:32.219000,3532.4311111111097,38.0
2023-10-22 20:08:34.652,11051,300,8,100,False,0,car,0 days 00:01:00.450000,0 days 02:07:32.419000,3549.0977777777766,38.0
2023-10-22 20:08:34.972,10878,297,8,0,False,0,car,0 days 00:01:00.770000,0 days 02:07:32.739000,3575.4977777777767,38.0
2023-10-22 20:08:35.292,10135,286,8,0,True,0,car,0 days 00:01:01.090000,0 days 02:07:33.059000,3600.919999999999,38.0
2023-10-22 20:08:35.731,9270,231,8,0,True,0,car,0 days 00:01:01.529000,0 days 02:07:33.498000,3629.0891666666657,38.0
2023-10-22 20:08:35.891,9726,219,8,0,True,0,car,0 days 00:01:01.689000,0 days 02:07:33.658000,3638.822499999999,38.0
2023-10-22 20:08:36.091,9737,207,6,0,True,0,car,0 days 00:01:01.889000,0 days 02:07:33.858000,3650.322499999999,38.0
2023-10-22 20:08:36.251,9830,173,6,0,True,0,car,0 days 00:01:02.049000,0 days 02:07:34.018000,3658.0113888888877,38.0
2023-10-22 20:08:36.411,9457,163,5,0,True,0,car,0 days 00:01:02.209000,0 days 02:07:34.178000,3665.2558333333322,38.0
2023-10-22 20:08:36.691,9460,139,5,0,True,0,car,0 days 00:01:02.489000,0 days 02:07:34.458000,3676.066944444443,38.0
2023-10-22 20:08:36.851,8793,126,4,0,True,0,car,0 days 00:01:02.649000,0 days 02:07:34.618000,3681.666944444443,38.0
2023-10-22 20:08:37.011,8143,121,3,0,True,0,car,0 days 00:01:02.809000,0 days 02:07:34.778000,3687.0447222222206,38.0
2023-10-22 20:08:37.251,7712,109,3,0,True,0,car,0 days 00:01:03.049000,0 days 02:07:35.018000,3694.3113888888874,38.0
2023-10-22 20:08:37.611,6788,100,3,0,True,0,car,0 days 00:01:03.409000,0 days 02:07:35.378000,3704.3113888888874,38.0
2023-10-22 20:08:38.011,6252,91,3,0,True,0,car,0 days 00:01:03.809000,0 days 02:07:35.778000,3714.4224999999983,38.0
2023-10-22 20:08:38.171,6045,88,3,0,False,0,car,0 days 00:01:03.969000,0 days 02:07:35.938000,3718.3336111111093,38.0
2023-10-22 20:08:38.571,6401,84,3,9,False,0,car,0 days 00:01:04.369000,0 days 02:07:36.338000,3727.666944444443,38.0
2023-10-22 20:08:38.891,6556,85,3,36,False,0,car,0 days 00:01:04.689000,0 days 02:07:36.658000,3735.222499999998,38.0
2023-10-22 20:08:39.171,7115,90,3,44,False,0,car,0 days 00:01:04.969000,0 days 02:07:36.938000,3742.222499999998,38.0
2023-10-22 20:08:39.331,7349,96,3,49,False,0,car,0 days 00:01:05.129000,0 days 02:07:37.098000,3746.489166666665,38.0
2023-10-22 20:08:39.531,7817,103,3,56,False,0,car,0 days 00:01:05.329000,0 days 02:07:37.298000,3752.2113888888866,38.0
2023-10-22 20:08:39.851,8933,114,3,67,False,0,car,0 days 00:01:05.649000,0 days 02:07:37.618000,3762.3447222222203,38.0
2023-10-22 20:08:40.091,9857,123,3,77,False,0,car,0 days 00:01:05.889000,0 days 02:07:37.858000,3770.54472222222,38.0
2023-10-22 20:08:40.451,11417,141,3,99,False,0,car,0 days 00:01:06.249000,0 days 02:07:38.218000,3784.64472222222,38.0
2023-10-22 20:08:40.852,10419,156,3,100,False,0,car,0 days 00:01:06.650000,0 days 02:07:38.619000,3802.021388888887,38.0
2023-10-22 20:08:41.012,10797,165,4,100,False,0,car,0 days 00:01:06.810000,0 days 02:07:38.779000,3809.35472222222,38.0
2023-10-22 20:08:41.252,11411,179,4,100,False,0,car,0 days 00:01:07.050000,0 days 02:07:39.019000,3821.288055555553,38.0
2023-10-22 20:08:41.612,10459,189,5,100,False,0,car,0 days 00:01:07.410000,0 days 02:07:39.379000,3840.188055555553,38.0
2023-10-22 20:08:41.812,10101,195,5,0,False,0,car,0 days 00:01:07.610000,0 days 02:07:39.579000,3851.0213888888866,38.0
2023-10-22 20:08:42.132,10285,185,5,0,True,0,car,0 days 00:01:07.930000,0 days 02:07:39.899000,3867.4658333333314,38.0
2023-10-22 20:08:42.292,10377,178,5,0,True,0,car,0 days 00:01:08.090000,0 days 02:07:40.059000,3875.3769444444424,38.0
2023-10-22 20:08:42.611,10665,157,5,0,True,0,car,0 days 00:01:08.409000,0 days 02:07:40.378000,3889.288888888887,38.0
2023-10-22 20:08:42.771,10227,146,4,0,True,0,car,0 days 00:01:08.569000,0 days 02:07:40.538000,3895.7777777777756,38.0
2023-10-22 20:08:43.011,9166,141,3,0,True,0,car,0 days 00:01:08.809000,0 days 02:07:40.778000,3905.177777777775,38.0
2023-10-22 20:08:43.211,8717,126,3,0,True,0,car,0 days 00:01:09.009000,0 days 02:07:40.978000,3912.177777777775,38.0
2023-10-22 20:08:43.451,8259,123,3,0,True,0,car,0 days 00:01:09.249000,0 days 02:07:41.218000,3920.377777777775,38.0
2023-10-22 20:08:43.731,7739,110,3,0,True,0,car,0 days 00:01:09.529000,0 days 02:07:41.498000,3928.9333333333307,38.0
2023-10-22 20:08:43.931,7509,106,3,0,True,0,car,0 days 00:01:09.729000,0 days 02:07:41.698000,3934.82222222222,38.0
2023-10-22 20:08:44.371,6932,99,3,0,False,0,car,0 days 00:01:10.169000,0 days 02:07:42.138000,3946.9222222222197,38.0
2023-10-22 20:08:44.651,6750,95,3,0,False,0,car,0 days 00:01:10.449000,0 days 02:07:42.418000,3954.311111111109,38.0
2023-10-22 20:08:45.011,6785,91,3,16,False,0,car,0 days 00:01:10.809000,0 days 02:07:42.778000,3963.4111111111088,38.0
2023-10-22 20:08:45.251,7098,93,3,32,False,0,car,0 days 00:01:11.049000,0 days 02:07:43.018000,3969.611111111109,38.0
2023-10-22 20:08:45.531,7379,97,3,37,False,0,car,0 days 00:01:11.329000,0 days 02:07:43.298000,3977.1555555555533,38.0
2023-10-22 20:08:45.731,7706,100,3,40,False,0,car,0 days 00:01:11.529000,0 days 02:07:43.498000,3982.711111111109,38.0
2023-10-22 20:08:45.971,8035,104,3,43,False,0,car,0 days 00:01:11.769000,0 days 02:07:43.738000,3989.6444444444423,38.0
2023-10-22 20:08:46.251,8590,111,3,50,False,0,car,0 days 00:01:12.049000,0 days 02:07:44.018000,3998.2777777777756,38.0
2023-10-22 20:08:46.491,9053,117,3,57,False,0,car,0 days 00:01:12.289000,0 days 02:07:44.258000,4006.0777777777753,38.0
2023-10-22 20:08:46.811,9957,126,3,69,False,0,car,0 days 00:01:12.609000,0 days 02:07:44.578000,4017.277777777775,38.0
2023-10-22 20:08:47.051,9957,137,3,69,False,0,car,0 days 00:01:12.849000,0 days 02:07:44.818000,4026.4111111111088,38.0
2023-10-22 20:08:47.452,11040,154,3,100,False,0,car,0 days 00:01:13.250000,0 days 02:07:45.219000,4043.5649999999973,38.0
2023-10-22 20:08:47.692,10411,161,4,100,False,0,car,0 days 00:01:13.490000,0 days 02:07:45.459000,4054.2983333333304,38.0
2023-10-22 20:08:48.012,10970,170,4,100,False,0,car,0 days 00:01:13.810000,0 days 02:07:45.779000,4069.4094444444418,38.0
2023-10-22 20:08:48.292,10907,179,4,100,False,0,car,0 days 00:01:14.090000,0 days 02:07:46.059000,4083.331666666664,38.0
2023-10-22 20:08:48.652,10361,190,5,99,False,0,car,0 days 00:01:14.450000,0 days 02:07:46.419000,4102.331666666664,38.0
2023-10-22 20:08:48.972,9591,188,5,0,True,0,car,0 days 00:01:14.770000,0 days 02:07:46.739000,4119.042777777775,38.0
2023-10-22 20:08:49.131,9415,178,5,0,True,0,car,0 days 00:01:14.929000,0 days 02:07:46.898000,4126.904444444442,38.0
2023-10-22 20:08:49.411,9792,167,5,0,True,0,car,0 days 00:01:15.209000,0 days 02:07:47.178000,4139.893333333331,38.0
2023-10-22 20:08:49.731,8928,146,4,0,True,0,car,0 days 00:01:15.529000,0 days 02:07:47.498000,4152.871111111108,38.0
2023-10-22 20:08:49.931,9622,139,4,0,True,0,car,0 days 00:01:15.729000,0 days 02:07:47.698000,4160.5933333333305,38.0
2023-10-22 20:08:50.091,9105,134,3,0,True,0,car,0 days 00:01:15.889000,0 days 02:07:47.858000,4166.548888888886,38.0
2023-10-22 20:08:50.531,8365,118,3,0,True,0,car,0 days 00:01:16.329000,0 days 02:07:48.298000,4180.971111111108,38.0
2023-10-22 20:08:50.691,7790,111,3,0,True,0,car,0 days 00:01:16.489000,0 days 02:07:48.458000,4185.904444444442,38.0
2023-10-22 20:08:51.171,6739,102,3,0,True,0,car,0 days 00:01:16.969000,0 days 02:07:48.938000,4199.504444444441,38.0
2023-10-22 20:08:51.451,6469,93,3,0,True,0,car,0 days 00:01:17.249000,0 days 02:07:49.218000,4206.737777777775,38.0
2023-10-22 20:08:51.691,6038,89,3,0,True,0,car,0 days 00:01:17.489000,0 days 02:07:49.458000,4212.671111111108,38.0
2023-10-22 20:08:52.131,5712,82,3,0,False,0,car,0 days 00:01:17.929000,0 days 02:07:49.898000,4222.69333333333,38.0
2023-10-22 20:08:52.291,5557,81,3,0,False,0,car,0 days 00:01:18.089000,0 days 02:07:50.058000,4226.29333333333,38.0
2023-10-22 20:08:52.571,5818,78,3,12,False,0,car,0 days 00:01:18.369000,0 days 02:07:50.338000,4232.359999999997,38.0
2023-10-22 20:08:52.891,5933,79,3,25,False,0,car,0 days 00:01:18.689000,0 days 02:07:50.658000,4239.382222222219,38.0
2023-10-22 20:08:53.131,6294,83,3,37,False,0,car,0 days 00:01:18.929000,0 days 02:07:50.898000,4244.915555555553,38.0
2023-10-22 20:08:53.411,6807,88,3,43,False,0,car,0 days 00:01:19.209000,0 days 02:07:51.178000,4251.7599999999975,38.0
2023-10-22 20:08:53.571,7363,92,3,46,False,0,car,0 days 00:01:19.369000,0 days 02:07:51.338000,4255.848888888886,38.0
2023-10-22 20:08:53.771,7719,98,3,50,False,0,car,0 days 00:01:19.569000,0 days 02:07:51.538000,4261.29333333333,38.0
2023-10-22 20:08:54.052,7852,108,3,55,False,0,car,0 days 00:01:19.850000,0 days 02:07:51.819000,4269.72333333333,38.0
2023-10-22 20:08:54.252,8987,116,3,71,False,0,car,0 days 00:01:20.050000,0 days 02:07:52.019000,4276.167777777774,38.0
2023-10-22 20:08:54.652,10567,131,3,89,False,0,car,0 days 00:01:20.450000,0 days 02:07:52.419000,4290.72333333333,38.0
2023-10-22 20:08:55.052,10716,157,3,100,False,0,car,0 days 00:01:20.850000,0 days 02:07:52.819000,4308.167777777774,38.0
2023-10-22 20:08:55.252,10529,166,3,100,False,0,car,0 days 00:01:21.050000,0 days 02:07:53.019000,4317.389999999997,38.0
2023-10-22 20:08:55.492,11193,174,4,100,False,0,car,0 days 00:01:21.290000,0 days 02:07:53.259000,4328.989999999997,38.0
2023-10-22 20:08:55.851,10375,186,4,100,False,0,car,0 days 00:01:21.649000,0 days 02:07:53.618000,4347.53833333333,38.0
2023-10-22 20:08:56.171,10903,200,5,100,False,0,car,0 days 00:01:21.969000,0 days 02:07:53.938000,4365.316111111108,38.0
2023-10-22 20:08:56.371,11330,206,5,100,False,0,car,0 days 00:01:22.169000,0 days 02:07:54.138000,4376.760555555552,38.0
2023-10-22 20:08:56.691,11723,214,5,100,False,0,car,0 days 00:01:22.489000,0 days 02:07:54.458000,4395.782777777775,38.0
2023-10-22 20:08:56.851,10603,218,5,99,False,0,car,0 days 00:01:22.649000,0 days 02:07:54.618000,4405.471666666664,38.0
2023-10-22 20:08:57.011,10415,218,6,100,False,0,car,0 days 00:01:22.809000,0 days 02:07:54.778000,4415.1605555555525,38.0
2023-10-22 20:08:57.331,10871,227,6,100,False,0,car,0 days 00:01:23.129000,0 days 02:07:55.098000,4435.33833333333,38.0
2023-10-22 20:08:57.731,11147,233,6,100,False,0,car,0 days 00:01:23.529000,0 days 02:07:55.498000,4461.227222222219,38.0
2023-10-22 20:08:58.011,11302,235,6,100,False,0,car,0 days 00:01:23.809000,0 days 02:07:55.778000,4479.504999999997,38.0
2023-10-22 20:08:58.291,11268,236,6,100,False,0,car,0 days 00:01:24.089000,0 days 02:07:56.058000,4497.860555555553,38.0
2023-10-22 20:08:58.491,11268,237,6,100,False,0,car,0 days 00:01:24.289000,0 days 02:07:56.258000,4511.02722222222,38.0
2023-10-22 20:08:58.771,11327,239,6,100,False,0,car,0 days 00:01:24.569000,0 days 02:07:56.538000,4529.61611111111,38.0
2023-10-22 20:08:59.171,11422,241,6,100,False,0,car,0 days 00:01:24.969000,0 days 02:07:56.938000,4556.393888888887,38.0
2023-10-22 20:08:59.531,11494,243,6,100,False,0,car,0 days 00:01:25.329000,0 days 02:07:57.298000,4580.693888888887,38.0
2023-10-22 20:08:59.771,11354,243,6,100,False,0,car,0 days 00:01:25.569000,0 days 02:07:57.538000,4596.893888888888,38.0
2023-10-22 20:08:59.931,10261,243,6,100,False,0,car,0 days 00:01:25.729000,0 days 02:07:57.698000,4607.693888888888,38.0
2023-10-22 20:09:00.211,10264,246,7,100,False,0,car,0 days 00:01:26.009000,0 days 02:07:57.978000,4626.827222222221,38.0
2023-10-22 20:09:00.692,10367,248,7,100,False,0,car,0 days 00:01:26.490000,0 days 02:07:58.459000,4659.962777777777,38.0
2023-10-22 20:09:00.852,10400,249,7,100,False,0,car,0 days 00:01:26.650000,0 days 02:07:58.619000,4671.029444444444,38.0
2023-10-22 20:09:01.292,10514,252,7,100,False,0,car,0 days 00:01:27.090000,0 days 02:07:59.059000,4701.829444444445,38.0
2023-10-22 20:09:01.532,10534,253,7,100,False,0,car,0 days 00:01:27.330000,0 days 02:07:59.299000,4718.69611111111,38.0
2023-10-22 20:09:01.852,10635,254,7,100,False,0,car,0 days 00:01:27.650000,0 days 02:07:59.619000,4741.273888888889,38.0
2023-10-22 20:09:02.292,10706,259,7,99,False,0,car,0 days 00:01:28.090000,0 days 02:08:00.059000,4772.929444444444,38.0
2023-10-22 20:09:02.531,10743,260,7,100,False,0,car,0 days 00:01:28.329000,0 days 02:08:00.298000,4790.190555555554,38.0
2023-10-22 20:09:02.931,10878,263,7,100,False,0,car,0 days 00:01:28.729000,0 days 02:08:00.698000,4819.412777777777,38.0
2023-10-22 20:09:03.211,10964,264,7,100,False,0,car,0 days 00:01:29.009000,0 days 02:08:00.978000,4839.94611111111,38.0
2023-10-22 20:09:03.571,10765,267,7,100,False,0,car,0 days 00:01:29.369000,0 days 02:08:01.338000,4866.64611111111,38.0
2023-10-22 20:09:03.811,10441,263,7,0,True,0,car,0 days 00:01:29.609000,0 days 02:08:01.578000,4884.179444444443,38.0
2023-10-22 20:09:04.131,10471,233,7,0,True,0,car,0 days 00:01:29.929000,0 days 02:08:01.898000,4904.890555555555,38.0
2023-10-22 20:09:04.611,10161,213,6,0,True,0,car,0 days 00:01:30.409000,0 days 02:08:02.378000,4933.290555555555,38.0
2023-10-22 20:09:05.011,10095,192,5,0,True,0,car,0 days 00:01:30.809000,0 days 02:08:02.778000,4954.623888888888,38.0
2023-10-22 20:09:05.331,9767,182,5,14,False,0,car,0 days 00:01:31.129000,0 days 02:08:03.098000,4970.801666666666,38.0
2023-10-22 20:09:05.611,9766,180,5,51,False,0,car,0 days 00:01:31.409000,0 days 02:08:03.378000,4984.801666666666,38.0
2023-10-22 20:09:05.851,9932,179,5,64,False,0,car,0 days 00:01:31.649000,0 days 02:08:03.618000,4996.735,38.0
2023-10-22 20:09:06.051,10377,184,5,82,False,0,car,0 days 00:01:31.849000,0 days 02:08:03.818000,5006.957222222222,38.0
2023-10-22 20:09:06.411,10721,193,5,100,False,0,car,0 days 00:01:32.209000,0 days 02:08:04.178000,5026.2572222222225,38.0
2023-10-22 20:09:06.571,10721,201,5,100,False,0,car,0 days 00:01:32.369000,0 days 02:08:04.338000,5035.190555555556,38.0
2023-10-22 20:09:06.771,10861,201,5,100,False,0,car,0 days 00:01:32.569000,0 days 02:08:04.538000,5046.357222222223,38.0
2023-10-22 20:09:07.051,11341,215,5,100,False,0,car,0 days 00:01:32.849000,0 days 02:08:04.818000,5063.0794444444455,38.0
2023-10-22 20:09:07.212,10395,216,5,100,False,0,car,0 days 00:01:33.010000,0 days 02:08:04.979000,5072.739444444445,38.0
2023-10-22 20:09:07.492,10664,224,6,100,False,0,car,0 days 00:01:33.290000,0 days 02:08:05.259000,5090.161666666668,38.0
2023-10-22 20:09:07.732,10705,227,6,100,False,0,car,0 days 00:01:33.530000,0 days 02:08:05.499000,5105.295000000001,38.0
2023-10-22 20:09:08.012,10977,231,6,100,False,0,car,0 days 00:01:33.810000,0 days 02:08:05.779000,5123.261666666668,38.0
2023-10-22 20:09:08.292,11018,234,6,100,False,0,car,0 days 00:01:34.090000,0 days 02:08:06.059000,5141.461666666668,38.0
2023-10-22 20:09:08.492,11227,237,6,100,False,0,car,0 days 00:01:34.290000,0 days 02:08:06.259000,5154.628333333335,38.0
2023-10-22 20:09:08.732,11512,240,6,0,True,0,car,0 days 00:01:34.530000,0 days 02:08:06.499000,5170.628333333335,38.0
2023-10-22 20:09:09.052,10795,208,6,0,True,0,car,0 days 00:01:34.850000,0 days 02:08:06.819000,5189.117222222223,38.0
2023-10-22 20:09:09.291,10600,187,6,0,True,0,car,0 days 00:01:35.089000,0 days 02:08:07.058000,5201.531944444446,38.0
2023-10-22 20:09:09.531,10962,158,6,0,True,0,car,0 days 00:01:35.329000,0 days 02:08:07.298000,5212.065277777779,38.0
2023-10-22 20:09:09.891,9297,136,3,0,True,0,car,0 days 00:01:35.689000,0 days 02:08:07.658000,5225.665277777779,38.0
2023-10-22 20:09:10.171,8225,121,3,0,True,0,car,0 days 00:01:35.969000,0 days 02:08:07.938000,5235.0763888888905,38.0
2023-10-22 20:09:10.371,7814,113,3,0,True,0,car,0 days 00:01:36.169000,0 days 02:08:08.138000,5241.354166666669,38.0
2023-10-22 20:09:10.691,7235,103,3,0,True,0,car,0 days 00:01:36.489000,0 days 02:08:08.458000,5250.509722222225,38.0
2023-10-22 20:09:10.851,6774,98,3,0,True,0,car,0 days 00:01:36.649000,0 days 02:08:08.618000,5254.865277777781,38.0
2023-10-22 20:09:11.011,6615,95,3,0,True,0,car,0 days 00:01:36.809000,0 days 02:08:08.778000,5259.087500000002,38.0
2023-10-22 20:09:11.371,6225,90,3,0,False,0,car,0 days 00:01:37.169000,0 days 02:08:09.138000,5268.087500000002,38.0
2023-10-22 20:09:11.531,6423,86,3,8,False,0,car,0 days 00:01:37.329000,0 days 02:08:09.298000,5271.909722222224,38.0
2023-10-22 20:09:11.691,6501,86,3,20,False,0,car,0 days 00:01:37.489000,0 days 02:08:09.458000,5275.7319444444465,38.0
2023-10-22 20:09:11.971,6850,88,3,29,False,0,car,0 days 00:01:37.769000,0 days 02:08:09.738000,5282.576388888891,38.0
2023-10-22 20:09:12.131,6856,91,3,35,False,0,car,0 days 00:01:37.929000,0 days 02:08:09.898000,5286.620833333336,38.0
2023-10-22 20:09:12.411,7492,96,3,42,False,0,car,0 days 00:01:38.209000,0 days 02:08:10.178000,5294.087500000002,38.0
2023-10-22 20:09:12.571,7719,98,3,42,False,0,car,0 days 00:01:38.369000,0 days 02:08:10.338000,5298.443055555558,38.0
2023-10-22 20:09:12.851,8300,107,3,55,False,0,car,0 days 00:01:38.649000,0 days 02:08:10.618000,5306.76527777778,38.0
2023-10-22 20:09:13.211,8701,114,3,64,False,0,car,0 days 00:01:39.009000,0 days 02:08:10.978000,5318.16527777778,38.0
2023-10-22 20:09:13.611,10567,134,3,90,False,0,car,0 days 00:01:39.409000,0 days 02:08:11.378000,5333.054166666669,38.0
2023-10-22 20:09:13.932,11607,154,3,100,False,0,car,0 days 00:01:39.730000,0 days 02:08:11.699000,5346.785833333335,38.0
2023-10-22 20:09:14.092,11925,158,3,100,False,0,car,0 days 00:01:39.890000,0 days 02:08:11.859000,5353.808055555557,38.0
2023-10-22 20:09:14.332,11365,172,4,100,False,0,car,0 days 00:01:40.130000,0 days 02:08:12.099000,5365.274722222223,38.0
2023-10-22 20:09:14.692,11270,184,4,100,False,0,car,0 days 00:01:40.490000,0 days 02:08:12.459000,5383.674722222223,38.0
2023-10-22 20:09:14.972,10812,194,4,100,False,0,car,0 days 00:01:40.770000,0 days 02:08:12.739000,5398.7636111111115,38.0
2023-10-22 20:09:15.172,11107,201,5,100,False,0,car,0 days 00:01:40.970000,0 days 02:08:12.939000,5409.930277777778,38.0
2023-10-22 20:09:15.332,11476,206,5,100,False,0,car,0 days 00:01:41.130000,0 days 02:08:13.099000,5419.0858333333335,38.0
2023-10-22 20:09:15.492,11684,210,5,100,False,0,car,0 days 00:01:41.290000,0 days 02:08:13.259000,5428.4191666666675,38.0
2023-10-22 20:09:15.772,10527,218,5,100,False,0,car,0 days 00:00:00.211000,0 days 02:08:13.539000,12.777222222222223,39.0
2023-10-22 20:09:16.171,10948,229,6,100,False,0,car,0 days 00:00:00.610000,0 days 02:08:13.938000,38.158055555555556,39.0
2023-10-22 20:09:16.411,11040,233,6,100,False,0,car,0 days 00:00:00.850000,0 days 02:08:14.178000,53.69138888888889,39.0
2023-10-22 20:09:16.651,11344,239,6,100,False,0,car,0 days 00:00:01.090000,0 days 02:08:14.418000,69.62472222222223,39.0
2023-10-22 20:09:16.851,11589,243,6,100,False,0,car,0 days 00:00:01.290000,0 days 02:08:14.618000,83.12472222222223,39.0
2023-10-22 20:09:17.091,11589,247,6,100,False,0,car,0 days 00:00:01.530000,0 days 02:08:14.858000,99.5913888888889,39.0
2023-10-22 20:09:17.491,10749,253,7,100,False,0,car,0 days 00:00:01.930000,0 days 02:08:15.258000,127.7025,39.0
2023-10-22 20:09:17.771,10559,256,7,100,False,0,car,0 days 00:00:02.210000,0 days 02:08:15.538000,147.6136111111111,39.0
2023-10-22 20:09:18.091,10907,261,7,100,False,0,car,0 days 00:00:02.530000,0 days 02:08:15.858000,170.8136111111111,39.0
2023-10-22 20:09:18.251,10937,263,7,100,False,0,car,0 days 00:00:02.690000,0 days 02:08:16.018000,182.5025,39.0
2023-10-22 20:09:18.531,11042,266,7,100,False,0,car,0 days 00:00:02.970000,0 days 02:08:16.298000,203.1913888888889,39.0
2023-10-22 20:09:18.811,11187,269,7,99,False,0,car,0 days 00:00:03.250000,0 days 02:08:16.578000,224.1136111111111,39.0
2023-10-22 20:09:19.131,11310,273,7,100,False,0,car,0 days 00:00:03.570000,0 days 02:08:16.898000,248.38027777777776,39.0
2023-10-22 20:09:19.371,11636,276,7,100,False,0,car,0 days 00:00:03.810000,0 days 02:08:17.138000,266.78027777777777,39.0
2023-10-22 20:09:19.651,11513,278,7,96,False,0,car,0 days 00:00:04.090000,0 days 02:08:17.418000,288.4025,39.0
2023-10-22 20:09:19.891,11618,279,7,100,False,0,car,0 days 00:00:04.330000,0 days 02:08:17.658000,307.0025,39.0
2023-10-22 20:09:20.091,10638,280,7,100,False,0,car,0 days 00:00:04.530000,0 days 02:08:17.858000,322.55805555555554,39.0
2023-10-22 20:09:20.251,10359,282,8,100,False,0,car,0 days 00:00:04.690000,0 days 02:08:18.018000,335.0913888888889,39.0
2023-10-22 20:09:20.532,10446,284,8,100,False,0,car,0 days 00:00:04.971000,0 days 02:08:18.299000,357.25916666666666,39.0
2023-10-22 20:09:20.772,10450,285,8,100,False,0,car,0 days 00:00:05.211000,0 days 02:08:18.539000,376.25916666666666,39.0
2023-10-22 20:09:21.052,10449,285,8,100,False,0,car,0 days 00:00:05.491000,0 days 02:08:18.819000,398.4258333333333,39.0
2023-10-22 20:09:21.292,10409,284,8,100,False,0,car,0 days 00:00:05.731000,0 days 02:08:19.059000,417.3591666666666,39.0
2023-10-22 20:09:21.532,10449,284,8,100,False,0,car,0 days 00:00:05.971000,0 days 02:08:19.299000,436.29249999999996,39.0
2023-10-22 20:09:21.812,10375,282,8,100,False,0,car,0 days 00:00:06.251000,0 days 02:08:19.579000,458.2258333333333,39.0
2023-10-22 20:09:22.212,9942,281,8,0,False,0,car,0 days 00:00:06.651000,0 days 02:08:19.979000,489.44805555555547,39.0
2023-10-22 20:09:22.412,9766,280,8,0,False,0,car,0 days 00:00:06.851000,0 days 02:08:20.179000,505.003611111111,39.0
2023-10-22 20:09:22.771,9729,262,8,0,True,0,car,0 days 00:00:07.210000,0 days 02:08:20.538000,531.1308333333333,39.0
2023-10-22 20:09:23.091,9069,223,8,0,True,0,car,0 days 00:00:07.530000,0 days 02:08:20.858000,550.9530555555555,39.0
2023-10-22 20:09:23.331,8911,190,8,0,True,0,car,0 days 00:00:07.770000,0 days 02:08:21.098000,563.6197222222221,39.0
2023-10-22 20:09:23.651,9091,160,7,0,True,0,car,0 days 00:00:08.090000,0 days 02:08:21.418000,577.8419444444444,39.0
2023-10-22 20:09:24.051,9237,131,4,0,True,0,car,0 days 00:00:08.490000,0 days 02:08:21.818000,592.3974999999999,39.0
2023-10-22 20:09:24.251,8421,119,3,0,True,0,car,0 days 00:00:08.690000,0 days 02:08:22.018000,599.008611111111,39.0
2023-10-22 20:09:24.451,7659,110,3,0,True,0,car,0 days 00:00:08.890000,0 days 02:08:22.218000,605.1197222222222,39.0
2023-10-22 20:09:24.611,7312,105,3,0,True,0,car,0 days 00:00:09.050000,0 days 02:08:22.378000,609.7863888888888,39.0
2023-10-22 20:09:24.851,6605,95,3,0,True,0,car,0 days 00:00:09.290000,0 days 02:08:22.618000,616.1197222222221,39.0
2023-10-22 20:09:25.211,5970,87,3,0,True,0,car,0 days 00:00:09.650000,0 days 02:08:22.978000,624.8197222222221,39.0
2023-10-22 20:09:25.611,5499,80,3,0,False,0,car,0 days 00:00:10.050000,0 days 02:08:23.378000,633.708611111111,39.0
2023-10-22 20:09:26.051,5346,73,3,7,False,0,car,0 days 00:00:10.490000,0 days 02:08:23.818000,642.6308333333333,39.0
2023-10-22 20:09:26.211,5249,73,3,14,False,0,car,0 days 00:00:10.650000,0 days 02:08:23.978000,645.8752777777777,39.0
2023-10-22 20:09:26.451,5616,76,3,25,False,0,car,0 days 00:00:10.890000,0 days 02:08:24.218000,650.9419444444444,39.0
2023-10-22 20:09:26.771,6359,81,3,34,False,0,car,0 days 00:00:11.210000,0 days 02:08:24.538000,658.1419444444444,39.0
2023-10-22 20:09:27.012,6769,85,3,42,False,0,car,0 days 00:00:11.451000,0 days 02:08:24.779000,663.8322222222222,39.0
2023-10-22 20:09:27.412,7651,96,3,47,False,0,car,0 days 00:00:11.851000,0 days 02:08:25.179000,674.4988888888888,39.0
2023-10-22 20:09:27.692,8211,105,3,52,False,0,car,0 days 00:00:12.131000,0 days 02:08:25.459000,682.6655555555554,39.0
2023-10-22 20:09:27.972,8851,115,3,56,False,0,car,0 days 00:00:12.411000,0 days 02:08:25.739000,691.6099999999999,39.0
2023-10-22 20:09:28.132,9326,122,3,60,False,0,car,0 days 00:00:12.571000,0 days 02:08:25.899000,697.0322222222221,39.0
2023-10-22 20:09:28.452,10264,133,3,74,False,0,car,0 days 00:00:12.891000,0 days 02:08:26.219000,708.8544444444443,39.0
2023-10-22 20:09:28.732,11114,147,3,91,False,0,car,0 days 00:00:13.171000,0 days 02:08:26.499000,720.2877777777776,39.0
2023-10-22 20:09:28.972,10112,157,3,99,False,0,car,0 days 00:00:13.411000,0 days 02:08:26.739000,730.7544444444443,39.0
2023-10-22 20:09:29.212,11080,167,4,100,False,0,car,0 days 00:00:13.651000,0 days 02:08:26.979000,741.8877777777776,39.0
2023-10-22 20:09:29.531,10776,185,4,99,False,0,car,0 days 00:00:13.970000,0 days 02:08:27.298000,758.2808333333332,39.0
2023-10-22 20:09:29.691,10513,189,5,99,False,0,car,0 days 00:00:14.130000,0 days 02:08:27.458000,766.6808333333332,39.0
2023-10-22 20:09:29.931,10903,201,5,99,False,0,car,0 days 00:00:14.370000,0 days 02:08:27.698000,780.0808333333331,39.0
2023-10-22 20:09:30.091,11272,201,5,99,False,0,car,0 days 00:00:14.530000,0 days 02:08:27.858000,789.0141666666665,39.0
2023-10-22 20:09:30.531,10417,218,5,99,False,0,car,0 days 00:00:14.970000,0 days 02:08:28.298000,815.658611111111,39.0
2023-10-22 20:09:30.931,10730,225,6,100,False,0,car,0 days 00:00:15.370000,0 days 02:08:28.698000,840.6586111111109,39.0
2023-10-22 20:09:31.171,11158,231,6,99,False,0,car,0 days 00:00:15.610000,0 days 02:08:28.938000,856.0586111111108,39.0
2023-10-22 20:09:31.331,11194,233,6,99,False,0,car,0 days 00:00:15.770000,0 days 02:08:29.098000,866.4141666666665,39.0
2023-10-22 20:09:31.651,11336,239,6,100,False,0,car,0 days 00:00:16.090000,0 days 02:08:29.418000,887.6586111111109,39.0
2023-10-22 20:09:31.971,11651,244,6,100,False,0,car,0 days 00:00:16.410000,0 days 02:08:29.738000,909.3474999999997,39.0
2023-10-22 20:09:32.211,10447,247,6,99,False,0,car,0 days 00:00:16.650000,0 days 02:08:29.978000,925.8141666666663,39.0
2023-10-22 20:09:32.451,10516,252,7,100,False,0,car,0 days 00:00:16.890000,0 days 02:08:30.218000,942.6141666666665,39.0
2023-10-22 20:09:32.811,10594,254,7,100,False,0,car,0 days 00:00:17.250000,0 days 02:08:30.578000,968.0141666666665,39.0
2023-10-22 20:09:33.011,10724,256,7,100,False,0,car,0 days 00:00:17.450000,0 days 02:08:30.778000,982.2363888888887,39.0
2023-10-22 20:09:33.171,10779,259,7,100,False,0,car,0 days 00:00:17.610000,0 days 02:08:30.938000,993.7474999999998,39.0
2023-10-22 20:09:33.331,10864,261,7,100,False,0,car,0 days 00:00:17.770000,0 days 02:08:31.098000,1005.3474999999999,39.0
2023-10-22 20:09:33.572,10986,263,7,100,False,0,car,0 days 00:00:18.011000,0 days 02:08:31.339000,1022.9538888888887,39.0
2023-10-22 20:09:33.812,11099,266,7,100,False,0,car,0 days 00:00:18.251000,0 days 02:08:31.579000,1040.6872222222223,39.0
2023-10-22 20:09:34.172,11192,270,7,100,False,0,car,0 days 00:00:18.611000,0 days 02:08:31.939000,1067.6872222222223,39.0
2023-10-22 20:09:34.332,11192,272,7,100,False,0,car,0 days 00:00:18.771000,0 days 02:08:32.099000,1079.7761111111113,39.0
2023-10-22 20:09:34.652,11320,273,7,99,False,0,car,0 days 00:00:19.091000,0 days 02:08:32.419000,1104.042777777778,39.0
2023-10-22 20:09:34.812,11320,273,7,99,False,0,car,0 days 00:00:19.251000,0 days 02:08:32.579000,1116.1761111111114,39.0
2023-10-22 20:09:35.092,11366,273,7,100,False,0,car,0 days 00:00:19.531000,0 days 02:08:32.859000,1137.4094444444445,39.0
2023-10-22 20:09:35.252,11309,272,7,100,False,0,car,0 days 00:00:19.691000,0 days 02:08:33.019000,1149.4983333333334,39.0
2023-10-22 20:09:35.452,11233,273,7,99,False,0,car,0 days 00:00:19.891000,0 days 02:08:33.219000,1164.665,39.0
2023-10-22 20:09:35.892,11263,273,7,100,False,0,car,0 days 00:00:20.331000,0 days 02:08:33.659000,1198.0316666666668,39.0
2023-10-22 20:09:36.131,11230,273,7,52,False,0,car,0 days 00:00:20.570000,0 days 02:08:33.898000,1216.1558333333335,39.0
2023-10-22 20:09:36.291,10970,273,7,26,False,0,car,0 days 00:00:20.730000,0 days 02:08:34.058000,1228.289166666667,39.0
2023-10-22 20:09:36.491,11125,267,7,23,False,0,car,0 days 00:00:20.930000,0 days 02:08:34.258000,1243.1225000000002,39.0
2023-10-22 20:09:36.891,10767,256,7,52,False,0,car,0 days 00:00:21.330000,0 days 02:08:34.658000,1271.5669444444445,39.0
2023-10-22 20:09:37.051,10067,255,7,0,True,0,car,0 days 00:00:21.490000,0 days 02:08:34.818000,1282.9002777777778,39.0
2023-10-22 20:09:37.251,10568,247,7,0,True,0,car,0 days 00:00:21.690000,0 days 02:08:35.018000,1296.6225000000002,39.0
2023-10-22 20:09:37.451,11127,239,7,0,True,0,car,0 days 00:00:21.890000,0 days 02:08:35.218000,1309.900277777778,39.0
2023-10-22 20:09:37.771,10811,232,6,36,False,0,car,0 days 00:00:22.210000,0 days 02:08:35.538000,1330.5225000000003,39.0
2023-10-22 20:09:37.931,10811,227,6,36,False,0,car,0 days 00:00:22.370000,0 days 02:08:35.698000,1340.6113888888892,39.0
2023-10-22 20:09:38.171,10895,226,6,64,False,0,car,0 days 00:00:22.610000,0 days 02:08:35.938000,1355.6780555555558,39.0
2023-10-22 20:09:38.371,11001,228,6,73,False,0,car,0 days 00:00:22.810000,0 days 02:08:36.138000,1368.3447222222223,39.0
2023-10-22 20:09:38.611,11023,228,6,89,False,0,car,0 days 00:00:23.050000,0 days 02:08:36.378000,1383.5447222222224,39.0
2023-10-22 20:09:38.851,10999,236,6,60,False,0,car,0 days 00:00:23.290000,0 days 02:08:36.618000,1399.2780555555555,39.0
2023-10-22 20:09:39.211,10771,233,6,23,True,0,car,0 days 00:00:23.650000,0 days 02:08:36.978000,1422.5780555555555,39.0
2023-10-22 20:09:39.451,10336,223,6,16,True,0,car,0 days 00:00:23.890000,0 days 02:08:37.218000,1437.4447222222223,39.0
2023-10-22 20:09:39.811,10134,216,6,37,False,0,car,0 days 00:00:24.250000,0 days 02:08:37.578000,1459.0447222222222,39.0
2023-10-22 20:09:39.971,10134,213,6,37,False,0,car,0 days 00:00:24.410000,0 days 02:08:37.738000,1468.5113888888889,39.0
2023-10-22 20:09:40.172,10049,212,6,55,False,0,car,0 days 00:00:24.611000,0 days 02:08:37.939000,1480.3480555555554,39.0
2023-10-22 20:09:40.452,10135,210,6,0,False,0,car,0 days 00:00:24.891000,0 days 02:08:38.219000,1496.6813888888887,39.0
2023-10-22 20:09:40.652,9613,206,6,7,False,0,car,0 days 00:00:25.091000,0 days 02:08:38.419000,1508.1258333333333,39.0
2023-10-22 20:09:40.972,9569,200,6,41,False,0,car,0 days 00:00:25.411000,0 days 02:08:38.739000,1525.903611111111,39.0
2023-10-22 20:09:41.292,9722,203,6,62,False,0,car,0 days 00:00:25.731000,0 days 02:08:39.059000,1543.9480555555556,39.0
2023-10-22 20:09:41.452,9804,203,6,69,False,0,car,0 days 00:00:25.891000,0 days 02:08:39.219000,1552.9702777777777,39.0
2023-10-22 20:09:41.772,9961,205,6,82,False,0,car,0 days 00:00:26.211000,0 days 02:08:39.539000,1571.1924999999999,39.0
2023-10-22 20:09:42.052,10010,209,6,100,False,0,car,0 days 00:00:26.491000,0 days 02:08:39.819000,1587.4480555555556,39.0
2023-10-22 20:09:42.252,10183,212,6,100,False,0,car,0 days 00:00:26.691000,0 days 02:08:40.019000,1599.2258333333334,39.0
2023-10-22 20:09:42.452,10220,215,6,100,False,0,car,0 days 00:00:26.891000,0 days 02:08:40.219000,1611.1702777777778,39.0
2023-10-22 20:09:42.812,9671,212,6,0,True,0,car,0 days 00:00:27.251000,0 days 02:08:40.579000,1632.370277777778,39.0
2023-10-22 20:09:42.971,9811,204,6,0,True,0,car,0 days 00:00:27.410000,0 days 02:08:40.738000,1641.380277777778,39.0
2023-10-22 20:09:43.211,10379,204,5,0,True,0,car,0 days 00:00:27.650000,0 days 02:08:40.978000,1654.980277777778,39.0
2023-10-22 20:09:43.371,10008,191,5,0,True,0,car,0 days 00:00:27.810000,0 days 02:08:41.138000,1663.4691666666668,39.0
2023-10-22 20:09:43.651,9815,183,5,0,True,0,car,0 days 00:00:28.090000,0 days 02:08:41.418000,1677.7025,39.0
2023-10-22 20:09:43.891,9526,181,5,28,False,0,car,0 days 00:00:28.330000,0 days 02:08:41.658000,1689.7691666666667,39.0
2023-10-22 20:09:44.051,9443,175,5,37,False,0,car,0 days 00:00:28.490000,0 days 02:08:41.818000,1697.5469444444445,39.0
2023-10-22 20:09:44.491,9771,177,5,57,False,0,car,0 days 00:00:28.930000,0 days 02:08:42.258000,1719.180277777778,39.0
2023-10-22 20:09:44.691,9918,179,5,68,False,0,car,0 days 00:00:29.130000,0 days 02:08:42.458000,1729.1247222222223,39.0
2023-10-22 20:09:45.131,10269,188,5,76,False,0,car,0 days 00:00:29.570000,0 days 02:08:42.898000,1752.1025000000002,39.0
2023-10-22 20:09:45.291,10503,190,5,80,False,0,car,0 days 00:00:29.730000,0 days 02:08:43.058000,1760.5469444444445,39.0
2023-10-22 20:09:45.491,9872,195,5,0,True,0,car,0 days 00:00:29.930000,0 days 02:08:43.258000,1771.3802777777778,39.0
2023-10-22 20:09:45.691,10518,188,5,0,True,0,car,0 days 00:00:30.130000,0 days 02:08:43.458000,1781.8247222222221,39.0
2023-10-22 20:09:45.931,10587,172,4,0,True,0,car,0 days 00:00:30.370000,0 days 02:08:43.698000,1793.2913888888888,39.0
2023-10-22 20:09:46.131,10027,163,4,0,True,0,car,0 days 00:00:30.570000,0 days 02:08:43.898000,1802.3469444444443,39.0
2023-10-22 20:09:46.611,9315,154,4,9,False,0,car,0 days 00:00:31.050000,0 days 02:08:44.378000,1822.8802777777776,39.0
2023-10-22 20:09:46.892,8802,147,4,0,False,0,car,0 days 00:00:31.331000,0 days 02:08:44.659000,1834.3544444444442,39.0
2023-10-22 20:09:47.172,8802,142,4,0,False,0,car,0 days 00:00:31.611000,0 days 02:08:44.939000,1845.3988888888887,39.0
2023-10-22 20:09:47.412,8410,137,4,5,False,0,car,0 days 00:00:31.851000,0 days 02:08:45.179000,1854.532222222222,39.0
2023-10-22 20:09:47.572,8454,135,4,25,False,0,car,0 days 00:00:32.011000,0 days 02:08:45.339000,1860.5322222222221,39.0
2023-10-22 20:09:48.012,8531,133,4,34,False,0,car,0 days 00:00:32.451000,0 days 02:08:45.779000,1876.7877777777776,39.0
2023-10-22 20:09:48.172,8491,134,4,38,False,0,car,0 days 00:00:32.611000,0 days 02:08:45.939000,1882.743333333333,39.0
2023-10-22 20:09:48.452,8604,133,4,46,False,0,car,0 days 00:00:32.891000,0 days 02:08:46.219000,1893.0877777777775,39.0
2023-10-22 20:09:48.652,9211,137,4,68,False,0,car,0 days 00:00:33.091000,0 days 02:08:46.419000,1900.6988888888889,39.0
2023-10-22 20:09:48.972,9582,147,4,71,False,0,car,0 days 00:00:33.411000,0 days 02:08:46.739000,1913.7655555555555,39.0
2023-10-22 20:09:49.132,9739,153,4,61,False,0,car,0 days 00:00:33.571000,0 days 02:08:46.899000,1920.5655555555554,39.0
2023-10-22 20:09:49.412,9735,154,4,43,False,0,car,0 days 00:00:33.851000,0 days 02:08:47.179000,1932.5433333333333,39.0
2023-10-22 20:09:49.611,9966,155,4,48,False,0,car,0 days 00:00:34.050000,0 days 02:08:47.378000,1941.1113888888888,39.0
2023-10-22 20:09:49.851,10213,157,4,62,False,0,car,0 days 00:00:34.290000,0 days 02:08:47.618000,1951.5780555555555,39.0
2023-10-22 20:09:50.131,10667,166,4,76,False,0,car,0 days 00:00:34.570000,0 days 02:08:47.898000,1964.4891666666667,39.0
2023-10-22 20:09:50.451,11380,176,4,100,False,0,car,0 days 00:00:34.890000,0 days 02:08:48.218000,1980.1336111111111,39.0
2023-10-22 20:09:50.691,11573,183,4,100,False,0,car,0 days 00:00:35.130000,0 days 02:08:48.458000,1992.3336111111112,39.0
2023-10-22 20:09:51.011,10506,183,5,100,False,0,car,0 days 00:00:35.450000,0 days 02:08:48.778000,2008.6002777777778,39.0
2023-10-22 20:09:51.331,10926,199,5,99,False,0,car,0 days 00:00:35.770000,0 days 02:08:49.098000,2026.2891666666667,39.0
2023-10-22 20:09:51.531,11078,199,5,99,False,0,car,0 days 00:00:35.970000,0 days 02:08:49.298000,2037.3447222222221,39.0
2023-10-22 20:09:51.731,11229,214,5,100,False,0,car,0 days 00:00:36.170000,0 days 02:08:49.498000,2049.2336111111113,39.0
2023-10-22 20:09:51.891,10578,219,5,100,False,0,car,0 days 00:00:36.330000,0 days 02:08:49.658000,2058.9669444444444,39.0
2023-10-22 20:09:52.331,10978,230,6,100,False,0,car,0 days 00:00:36.770000,0 days 02:08:50.098000,2087.0780555555557,39.0
2023-10-22 20:09:52.731,11772,242,6,99,False,0,car,0 days 00:00:37.170000,0 days 02:08:50.498000,2113.9669444444444,39.0
2023-10-22 20:09:53.051,11110,246,6,99,False,0,car,0 days 00:00:37.490000,0 days 02:08:50.818000,2135.833611111111,39.0
2023-10-22 20:09:53.332,10359,252,7,100,False,0,car,0 days 00:00:37.771000,0 days 02:08:51.099000,2155.5036111111112,39.0
2023-10-22 20:09:53.572,10633,254,7,99,False,0,car,0 days 00:00:38.011000,0 days 02:08:51.339000,2172.4369444444446,39.0
2023-10-22 20:09:54.932,11240,272,7,100,False,0,car,0 days 00:00:39.371000,0 days 02:08:52.699000,2275.1925,39.0
2023-10-22 20:09:55.292,10424,276,7,99,False,0,car,0 days 00:00:39.731000,0 days 02:08:53.059000,2302.7925,39.0
2023-10-22 20:09:55.612,10293,279,8,100,False,0,car,0 days 00:00:40.051000,0 days 02:08:53.379000,2327.5925,39.0
2023-10-22 20:09:55.852,10363,281,8,100,False,0,car,0 days 00:00:40.291000,0 days 02:08:53.619000,2346.3258333333333,39.0
2023-10-22 20:09:56.132,10398,283,8,100,False,0,car,0 days 00:00:40.571000,0 days 02:08:53.899000,2368.3369444444447,39.0
2023-10-22 20:09:56.371,10258,283,8,0,False,0,car,0 days 00:00:40.810000,0 days 02:08:54.138000,2387.1250000000005,39.0
2023-10-22 20:09:56.531,10137,276,8,0,False,0,car,0 days 00:00:40.970000,0 days 02:08:54.298000,2399.391666666667,39.0
2023-10-22 20:09:56.811,9559,263,8,0,True,0,car,0 days 00:00:41.250000,0 days 02:08:54.578000,2419.8472222222226,39.0
2023-10-22 20:09:57.131,9117,215,8,0,True,0,car,0 days 00:00:41.570000,0 days 02:08:54.898000,2438.958333333334,39.0
2023-10-22 20:09:57.331,9002,195,7,0,True,0,car,0 days 00:00:41.770000,0 days 02:08:55.098000,2449.7916666666674,39.0
2023-10-22 20:09:57.531,9142,172,6,0,True,0,car,0 days 00:00:41.970000,0 days 02:08:55.298000,2459.3472222222226,39.0
2023-10-22 20:09:57.731,9340,159,5,0,True,0,car,0 days 00:00:42.170000,0 days 02:08:55.498000,2468.180555555556,39.0
2023-10-22 20:09:58.131,9185,130,4,0,True,0,car,0 days 00:00:42.570000,0 days 02:08:55.898000,2482.6250000000005,39.0
2023-10-22 20:09:58.331,8670,117,3,0,True,0,car,0 days 00:00:42.770000,0 days 02:08:56.098000,2489.1250000000005,39.0
2023-10-22 20:09:58.571,7347,106,3,0,True,0,car,0 days 00:00:43.010000,0 days 02:08:56.338000,2496.191666666667,39.0
2023-10-22 20:09:58.811,6526,97,3,0,True,0,car,0 days 00:00:43.250000,0 days 02:08:56.578000,2502.6583333333338,39.0
2023-10-22 20:09:59.011,6257,91,3,0,True,0,car,0 days 00:00:43.450000,0 days 02:08:56.778000,2507.7138888888894,39.0
2023-10-22 20:09:59.171,5854,86,3,0,True,0,car,0 days 00:00:43.610000,0 days 02:08:56.938000,2511.5361111111115,39.0
2023-10-22 20:09:59.331,5548,82,3,0,True,0,car,0 days 00:00:43.770000,0 days 02:08:57.098000,2515.180555555556,39.0
2023-10-22 20:09:59.611,4979,76,3,0,True,0,car,0 days 00:00:44.050000,0 days 02:08:57.378000,2521.091666666667,39.0
2023-10-22 20:09:59.892,4928,70,3,0,False,0,car,0 days 00:00:44.331000,0 days 02:08:57.659000,2526.555555555556,39.0
2023-10-22 20:10:00.172,4657,69,3,0,False,0,car,0 days 00:00:44.611000,0 days 02:08:57.939000,2531.9222222222224,39.0
2023-10-22 20:10:00.532,4967,63,3,8,False,0,car,0 days 00:00:44.971000,0 days 02:08:58.299000,2538.2222222222226,39.0
2023-10-22 20:10:00.692,4898,64,3,17,False,0,car,0 days 00:00:45.131000,0 days 02:08:58.459000,2541.066666666667,39.0
2023-10-22 20:10:01.012,5185,68,3,23,False,0,car,0 days 00:00:45.451000,0 days 02:08:58.779000,2547.1111111111113,39.0
2023-10-22 20:10:01.292,5505,71,3,30,False,0,car,0 days 00:00:45.731000,0 days 02:08:59.059000,2552.6333333333337,39.0
2023-10-22 20:10:01.532,6008,75,3,35,False,0,car,0 days 00:00:45.971000,0 days 02:08:59.299000,2557.6333333333337,39.0
2023-10-22 20:10:01.692,6288,80,3,35,False,0,car,0 days 00:00:46.131000,0 days 02:08:59.459000,2561.1888888888893,39.0
2023-10-22 20:10:01.972,7048,86,3,39,False,0,car,0 days 00:00:46.411000,0 days 02:08:59.739000,2567.877777777778,39.0
2023-10-22 20:10:02.212,8025,92,3,46,False,0,car,0 days 00:00:46.651000,0 days 02:08:59.979000,2574.0111111111114,39.0
2023-10-22 20:10:02.452,8307,100,3,46,False,0,car,0 days 00:00:46.891000,0 days 02:09:00.219000,2580.677777777778,39.0
2023-10-22 20:10:02.772,8614,106,3,57,False,0,car,0 days 00:00:47.211000,0 days 02:09:00.539000,2590.1000000000004,39.0
2023-10-22 20:10:03.211,9697,126,3,75,False,0,car,0 days 00:00:47.650000,0 days 02:09:00.978000,2605.465,39.0
2023-10-22 20:10:03.451,10873,141,3,92,False,0,car,0 days 00:00:47.890000,0 days 02:09:01.218000,2614.8650000000002,39.0
2023-10-22 20:10:03.611,11184,147,3,96,False,0,car,0 days 00:00:48.050000,0 days 02:09:01.378000,2621.3983333333335,39.0
2023-10-22 20:10:03.811,10344,154,3,100,False,0,car,0 days 00:00:48.250000,0 days 02:09:01.578000,2629.953888888889,39.0
2023-10-22 20:10:03.971,11184,166,3,100,False,0,car,0 days 00:00:48.410000,0 days 02:09:01.738000,2637.331666666667,39.0
2023-10-22 20:10:04.211,11388,175,4,100,False,0,car,0 days 00:00:48.650000,0 days 02:09:01.978000,2648.998333333334,39.0
2023-10-22 20:10:04.451,10688,187,4,100,False,0,car,0 days 00:00:48.890000,0 days 02:09:02.218000,2661.4650000000006,39.0
2023-10-22 20:10:04.731,10829,198,5,100,False,0,car,0 days 00:00:49.170000,0 days 02:09:02.498000,2676.8650000000007,39.0
2023-10-22 20:10:04.931,11220,205,5,100,False,0,car,0 days 00:00:49.370000,0 days 02:09:02.698000,2688.2538888888894,39.0
2023-10-22 20:10:05.171,11656,211,5,100,False,0,car,0 days 00:00:49.610000,0 days 02:09:02.938000,2702.320555555556,39.0
2023-10-22 20:10:05.371,10868,217,5,99,False,0,car,0 days 00:00:49.810000,0 days 02:09:03.138000,2714.3761111111116,39.0
2023-10-22 20:10:05.691,10836,225,6,100,False,0,car,0 days 00:00:50.130000,0 days 02:09:03.458000,2734.3761111111116,39.0
2023-10-22 20:10:06.051,11120,235,6,100,False,0,car,0 days 00:00:50.490000,0 days 02:09:03.818000,2757.8761111111116,39.0
2023-10-22 20:10:06.412,11497,242,6,100,False,0,car,0 days 00:00:50.851000,0 days 02:09:04.179000,2782.143333333334,39.0
2023-10-22 20:10:06.612,11746,246,6,100,False,0,car,0 days 00:00:51.051000,0 days 02:09:04.379000,2795.810000000001,39.0
2023-10-22 20:10:06.772,10906,249,6,99,False,0,car,0 days 00:00:51.211000,0 days 02:09:04.539000,2806.8766666666675,39.0
2023-10-22 20:10:07.052,10526,254,7,100,False,0,car,0 days 00:00:51.491000,0 days 02:09:04.819000,2826.632222222223,39.0
2023-10-22 20:10:07.492,10793,259,7,100,False,0,car,0 days 00:00:51.931000,0 days 02:09:05.259000,2858.2877777777785,39.0
2023-10-22 20:10:07.772,11018,264,7,100,False,0,car,0 days 00:00:52.211000,0 days 02:09:05.539000,2878.821111111112,39.0
2023-10-22 20:10:08.092,11160,268,7,100,False,0,car,0 days 00:00:52.531000,0 days 02:09:05.859000,2902.643333333334,39.0
2023-10-22 20:10:08.332,11260,272,7,100,False,0,car,0 days 00:00:52.771000,0 days 02:09:06.099000,2920.7766666666676,39.0
2023-10-22 20:10:08.532,11230,273,7,100,False,0,car,0 days 00:00:52.971000,0 days 02:09:06.299000,2935.943333333334,39.0
2023-10-22 20:10:08.772,11409,274,7,100,False,0,car,0 days 00:00:53.211000,0 days 02:09:06.539000,2954.210000000001,39.0
2023-10-22 20:10:09.012,11438,276,7,100,False,0,car,0 days 00:00:53.451000,0 days 02:09:06.779000,2972.610000000001,39.0
2023-10-22 20:10:09.292,11289,278,7,100,False,0,car,0 days 00:00:53.731000,0 days 02:09:07.059000,2994.2322222222233,39.0
2023-10-22 20:10:09.532,10302,281,8,100,False,0,car,0 days 00:00:53.971000,0 days 02:09:07.299000,3012.9655555555564,39.0
2023-10-22 20:10:09.731,10367,283,8,100,False,0,car,0 days 00:00:54.170000,0 days 02:09:07.498000,3028.609166666668,39.0
2023-10-22 20:10:10.051,10500,285,8,100,False,0,car,0 days 00:00:54.490000,0 days 02:09:07.818000,3053.9425000000015,39.0
2023-10-22 20:10:10.331,10538,287,8,100,False,0,car,0 days 00:00:54.770000,0 days 02:09:08.098000,3076.264722222224,39.0
2023-10-22 20:10:10.531,10654,288,8,100,False,0,car,0 days 00:00:54.970000,0 days 02:09:08.298000,3092.2647222222236,39.0
2023-10-22 20:10:10.731,10668,289,8,100,False,0,car,0 days 00:00:55.170000,0 days 02:09:08.498000,3108.320277777779,39.0
2023-10-22 20:10:11.131,10709,291,8,100,False,0,car,0 days 00:00:55.570000,0 days 02:09:08.898000,3140.6536111111122,39.0
2023-10-22 20:10:11.371,10785,293,8,100,False,0,car,0 days 00:00:55.810000,0 days 02:09:09.138000,3160.1869444444455,39.0
2023-10-22 20:10:11.611,10828,294,8,100,False,0,car,0 days 00:00:56.050000,0 days 02:09:09.378000,3179.786944444445,39.0
2023-10-22 20:10:11.811,10858,295,8,100,False,0,car,0 days 00:00:56.250000,0 days 02:09:09.578000,3196.175833333334,39.0
2023-10-22 20:10:12.011,10887,296,8,100,False,0,car,0 days 00:00:56.450000,0 days 02:09:09.778000,3212.620277777779,39.0
2023-10-22 20:10:12.171,10903,296,8,100,False,0,car,0 days 00:00:56.610000,0 days 02:09:09.938000,3225.775833333334,39.0
2023-10-22 20:10:12.371,10975,297,8,100,False,0,car,0 days 00:00:56.810000,0 days 02:09:10.138000,3242.2758333333345,39.0
2023-10-22 20:10:12.651,10962,298,8,100,False,0,car,0 days 00:00:57.090000,0 days 02:09:10.418000,3265.4536111111124,39.0
2023-10-22 20:10:12.972,11011,299,8,100,False,0,car,0 days 00:00:57.411000,0 days 02:09:10.739000,3292.114444444446,39.0
2023-10-22 20:10:13.172,11030,299,8,100,False,0,car,0 days 00:00:57.611000,0 days 02:09:10.939000,3308.7255555555566,39.0
2023-10-22 20:10:13.372,11034,299,8,100,False,0,car,0 days 00:00:57.811000,0 days 02:09:11.139000,3325.336666666668,39.0
2023-10-22 20:10:13.652,11072,301,8,100,False,0,car,0 days 00:00:58.091000,0 days 02:09:11.419000,3348.747777777779,39.0
2023-10-22 20:10:13.852,11072,301,8,100,False,0,car,0 days 00:00:58.291000,0 days 02:09:11.619000,3365.4700000000007,39.0
2023-10-22 20:10:14.092,11070,301,8,100,False,0,car,0 days 00:00:58.531000,0 days 02:09:11.859000,3385.5366666666678,39.0
2023-10-22 20:10:14.452,11066,301,8,100,False,0,car,0 days 00:00:58.891000,0 days 02:09:12.219000,3415.6366666666677,39.0
2023-10-22 20:10:14.612,11091,301,8,100,False,0,car,0 days 00:00:59.051000,0 days 02:09:12.379000,3429.014444444446,39.0
2023-10-22 20:10:15.412,11059,301,8,100,False,0,car,0 days 00:00:59.851000,0 days 02:09:13.179000,3495.9033333333346,39.0
2023-10-22 20:10:15.692,11082,301,8,100,False,0,car,0 days 00:01:00.131000,0 days 02:09:13.459000,3519.3144444444456,39.0
2023-10-22 20:10:15.932,11098,301,8,98,False,0,car,0 days 00:01:00.371000,0 days 02:09:13.699000,3539.3811111111127,39.0
2023-10-22 20:10:16.132,10757,299,8,50,False,0,car,0 days 00:01:00.571000,0 days 02:09:13.899000,3555.9922222222235,39.0
2023-10-22 20:10:16.412,10638,293,8,0,False,0,car,0 days 00:01:00.851000,0 days 02:09:14.179000,3578.7811111111123,39.0
2023-10-22 20:10:16.851,9827,273,8,0,True,0,car,0 days 00:01:01.290000,0 days 02:09:14.618000,3612.0719444444458,39.0
2023-10-22 20:10:17.011,9023,262,8,0,True,0,car,0 days 00:01:01.450000,0 days 02:09:14.778000,3623.7163888888904,39.0
2023-10-22 20:10:17.411,9167,219,8,0,True,0,car,0 days 00:01:01.850000,0 days 02:09:15.178000,3648.0497222222234,39.0
2023-10-22 20:10:17.571,9077,187,8,0,True,0,car,0 days 00:01:02.010000,0 days 02:09:15.338000,3656.3608333333345,39.0
2023-10-22 20:10:17.811,9019,166,7,0,True,0,car,0 days 00:01:02.250000,0 days 02:09:15.578000,3667.427500000001,39.0
2023-10-22 20:10:18.011,8902,149,5,0,True,0,car,0 days 00:01:02.450000,0 days 02:09:15.778000,3675.705277777779,39.0
2023-10-22 20:10:18.531,8661,117,3,0,True,0,car,0 days 00:01:02.970000,0 days 02:09:16.298000,3692.605277777779,39.0
2023-10-22 20:10:18.691,7681,111,3,0,True,0,car,0 days 00:01:03.130000,0 days 02:09:16.458000,3697.5386111111125,39.0
2023-10-22 20:10:18.891,6971,104,3,0,True,0,car,0 days 00:01:03.330000,0 days 02:09:16.658000,3703.3163888888903,39.0
2023-10-22 20:10:19.251,6514,92,3,0,True,0,car,0 days 00:01:03.690000,0 days 02:09:17.018000,3712.51638888889,39.0
2023-10-22 20:10:19.491,6179,89,3,0,True,0,car,0 days 00:01:03.930000,0 days 02:09:17.258000,3718.4497222222235,39.0
2023-10-22 20:10:19.892,6360,83,3,11,False,0,car,0 days 00:01:04.331000,0 days 02:09:17.659000,3727.6950000000015,39.0
2023-10-22 20:10:20.052,6210,84,3,17,False,0,car,0 days 00:01:04.491000,0 days 02:09:17.819000,3731.4283333333346,39.0
2023-10-22 20:10:20.252,6507,85,3,31,False,0,car,0 days 00:01:04.691000,0 days 02:09:18.019000,3736.150555555557,39.0
2023-10-22 20:10:20.532,6530,91,3,32,False,0,car,0 days 00:01:04.971000,0 days 02:09:18.299000,3743.228333333335,39.0
2023-10-22 20:10:20.892,7719,99,3,51,False,0,car,0 days 00:01:05.331000,0 days 02:09:18.659000,3753.128333333335,39.0
2023-10-22 20:10:21.172,8354,108,3,59,False,0,car,0 days 00:01:05.611000,0 days 02:09:18.939000,3761.528333333335,39.0
2023-10-22 20:10:21.572,9833,126,3,71,False,0,car,0 days 00:01:06.011000,0 days 02:09:19.339000,3775.5283333333346,39.0
2023-10-22 20:10:21.732,10105,134,3,81,False,0,car,0 days 00:01:06.171000,0 days 02:09:19.499000,3781.4838888888903,39.0
2023-10-22 20:10:21.892,11011,139,3,100,False,0,car,0 days 00:01:06.331000,0 days 02:09:19.659000,3787.6616666666678,39.0
2023-10-22 20:10:22.172,11428,156,3,100,False,0,car,0 days 00:01:06.611000,0 days 02:09:19.939000,3799.795000000001,39.0
2023-10-22 20:10:22.332,10504,163,3,100,False,0,car,0 days 00:01:06.771000,0 days 02:09:20.099000,3807.039444444445,39.0
2023-10-22 20:10:22.772,11439,180,4,100,False,0,car,0 days 00:01:07.211000,0 days 02:09:20.539000,3829.039444444445,39.0
2023-10-22 20:10:23.052,10345,190,4,100,False,0,car,0 days 00:01:07.491000,0 days 02:09:20.819000,3843.817222222223,39.0
2023-10-22 20:10:23.211,9950,193,5,6,False,0,car,0 days 00:01:07.650000,0 days 02:09:20.978000,3852.34138888889,39.0
2023-10-22 20:10:23.411,10178,194,5,0,False,0,car,0 days 00:01:07.850000,0 days 02:09:21.178000,3863.1191666666673,39.0
2023-10-22 20:10:23.611,10314,191,5,0,True,0,car,0 days 00:01:08.050000,0 days 02:09:21.378000,3873.7302777777786,39.0
2023-10-22 20:10:23.971,11127,165,5,0,True,0,car,0 days 00:01:08.410000,0 days 02:09:21.738000,3890.2302777777786,39.0
2023-10-22 20:10:24.131,10580,152,4,0,True,0,car,0 days 00:01:08.570000,0 days 02:09:21.898000,3896.985833333334,39.0
2023-10-22 20:10:24.411,9630,138,3,0,True,0,car,0 days 00:01:08.850000,0 days 02:09:22.178000,3907.7191666666677,39.0
2023-10-22 20:10:24.651,8782,125,3,0,True,0,car,0 days 00:01:09.090000,0 days 02:09:22.418000,3916.052500000001,39.0
2023-10-22 20:10:24.851,8351,117,3,0,True,0,car,0 days 00:01:09.290000,0 days 02:09:22.618000,3922.552500000001,39.0
2023-10-22 20:10:25.051,8108,112,3,0,True,0,car,0 days 00:01:09.490000,0 days 02:09:22.818000,3928.774722222223,39.0
2023-10-22 20:10:25.331,7435,108,3,0,True,0,car,0 days 00:01:09.770000,0 days 02:09:23.098000,3937.174722222223,39.0
2023-10-22 20:10:25.611,7335,103,3,0,False,0,car,0 days 00:01:10.050000,0 days 02:09:23.378000,3945.185833333334,39.0
2023-10-22 20:10:25.811,7072,102,3,0,False,0,car,0 days 00:01:10.250000,0 days 02:09:23.578000,3950.852500000001,39.0
2023-10-22 20:10:26.011,6845,99,3,0,False,0,car,0 days 00:01:10.450000,0 days 02:09:23.778000,3956.352500000001,39.0
2023-10-22 20:10:26.292,6928,94,3,17,False,0,car,0 days 00:01:10.731000,0 days 02:09:24.059000,3963.689722222223,39.0
2023-10-22 20:10:26.612,6995,93,3,23,False,0,car,0 days 00:01:11.051000,0 days 02:09:24.379000,3971.9563888888897,39.0
2023-10-22 20:10:26.972,7603,99,3,37,False,0,car,0 days 00:01:11.411000,0 days 02:09:24.739000,3981.85638888889,39.0
2023-10-22 20:10:27.132,7731,102,3,42,False,0,car,0 days 00:01:11.571000,0 days 02:09:24.899000,3986.389722222223,39.0
2023-10-22 20:10:27.332,8026,105,3,45,False,0,car,0 days 00:01:11.771000,0 days 02:09:25.099000,3992.2230555555566,39.0
2023-10-22 20:10:27.652,8588,113,3,50,False,0,car,0 days 00:01:12.091000,0 days 02:09:25.419000,4002.267500000001,39.0
2023-10-22 20:10:27.972,9183,121,3,57,False,0,car,0 days 00:01:12.411000,0 days 02:09:25.739000,4013.0230555555568,39.0
2023-10-22 20:10:28.172,9988,128,3,70,False,0,car,0 days 00:01:12.611000,0 days 02:09:25.939000,4020.134166666668,39.0
2023-10-22 20:10:28.412,10837,136,3,78,False,0,car,0 days 00:01:12.851000,0 days 02:09:26.179000,4029.2008333333347,39.0
2023-10-22 20:10:28.812,11599,150,3,87,False,0,car,0 days 00:01:13.251000,0 days 02:09:26.579000,4045.8675000000017,39.0
2023-10-22 20:10:29.172,10598,164,4,100,False,0,car,0 days 00:01:13.611000,0 days 02:09:26.939000,4062.2675000000017,39.0
2023-10-22 20:10:29.412,10869,167,4,100,False,0,car,0 days 00:01:13.851000,0 days 02:09:27.179000,4073.400833333335,39.0
2023-10-22 20:10:29.612,11156,174,4,100,False,0,car,0 days 00:01:14.051000,0 days 02:09:27.379000,4083.067500000002,39.0
2023-10-22 20:10:29.772,10865,182,4,99,False,0,car,0 days 00:01:14.211000,0 days 02:09:27.539000,4091.1563888888904,39.0
2023-10-22 20:10:30.011,10346,188,5,61,False,0,car,0 days 00:01:14.450000,0 days 02:09:27.778000,4103.637500000002,39.0
2023-10-22 20:10:30.251,10480,190,5,0,False,0,car,0 days 00:01:14.690000,0 days 02:09:28.018000,4116.304166666668,39.0
2023-10-22 20:10:30.411,9867,187,5,0,True,0,car,0 days 00:01:14.850000,0 days 02:09:28.178000,4124.615277777779,39.0
2023-10-22 20:10:30.611,9148,179,5,0,True,0,car,0 days 00:01:15.050000,0 days 02:09:28.378000,4134.559722222223,39.0
2023-10-22 20:10:30.811,9806,168,5,0,True,0,car,0 days 00:01:15.250000,0 days 02:09:28.578000,4143.893055555556,39.0
2023-10-22 20:10:31.011,9429,156,4,0,True,0,car,0 days 00:01:15.450000,0 days 02:09:28.778000,4152.559722222223,39.0
2023-10-22 20:10:31.171,9038,151,4,0,True,0,car,0 days 00:01:15.610000,0 days 02:09:28.938000,4159.270833333334,39.0
2023-10-22 20:10:31.531,9363,128,3,0,True,0,car,0 days 00:01:15.970000,0 days 02:09:29.298000,4172.070833333334,39.0
2023-10-22 20:10:31.771,8291,119,3,0,True,0,car,0 days 00:01:16.210000,0 days 02:09:29.538000,4180.0041666666675,39.0
2023-10-22 20:10:32.131,7471,107,3,0,True,0,car,0 days 00:01:16.570000,0 days 02:09:29.898000,4190.704166666667,39.0
2023-10-22 20:10:32.491,7209,102,3,0,True,0,car,0 days 00:01:16.930000,0 days 02:09:30.258000,4200.904166666668,39.0
2023-10-22 20:10:32.972,6315,90,3,0,True,0,car,0 days 00:01:17.411000,0 days 02:09:30.739000,4212.929166666668,39.0
2023-10-22 20:10:33.292,5889,84,3,0,True,0,car,0 days 00:01:17.731000,0 days 02:09:31.059000,4220.395833333334,39.0
2023-10-22 20:10:33.572,5550,80,3,0,False,0,car,0 days 00:01:18.011000,0 days 02:09:31.339000,4226.618055555557,39.0
2023-10-22 20:10:33.732,5443,79,3,0,False,0,car,0 days 00:01:18.171000,0 days 02:09:31.499000,4230.1291666666675,39.0
2023-10-22 20:10:33.932,5678,78,3,8,False,0,car,0 days 00:01:18.371000,0 days 02:09:31.699000,4234.462500000001,39.0
2023-10-22 20:10:34.172,5835,76,3,22,False,0,car,0 days 00:01:18.611000,0 days 02:09:31.939000,4239.529166666667,39.0
2023-10-22 20:10:34.572,6362,83,3,39,False,0,car,0 days 00:01:19.011000,0 days 02:09:32.339000,4248.751388888889,39.0
2023-10-22 20:10:34.972,7293,93,3,45,False,0,car,0 days 00:01:19.411000,0 days 02:09:32.739000,4259.084722222222,39.0
2023-10-22 20:10:35.172,7753,99,3,49,False,0,car,0 days 00:01:19.611000,0 days 02:09:32.939000,4264.584722222222,39.0
2023-10-22 20:10:35.572,8825,112,3,68,False,0,car,0 days 00:01:20.011000,0 days 02:09:33.339000,4277.029166666666,39.0
2023-10-22 20:10:35.732,9212,121,3,72,False,0,car,0 days 00:01:20.171000,0 days 02:09:33.499000,4282.406944444444,39.0
2023-10-22 20:10:36.052,10307,137,3,87,False,0,car,0 days 00:01:20.491000,0 days 02:09:33.819000,4294.584722222222,39.0
2023-10-22 20:10:36.252,11212,146,3,99,False,0,car,0 days 00:01:20.691000,0 days 02:09:34.019000,4302.695833333333,39.0
2023-10-22 20:10:36.651,10441,165,3,99,False,0,car,0 days 00:01:21.090000,0 days 02:09:34.418000,4320.983333333334,39.0
2023-10-22 20:10:36.811,10935,169,4,100,False,0,car,0 days 00:01:21.250000,0 days 02:09:34.578000,4328.4944444444445,39.0
2023-10-22 20:10:37.011,11417,177,4,100,False,0,car,0 days 00:01:21.450000,0 days 02:09:34.778000,4338.327777777778,39.0
2023-10-22 20:10:37.211,11347,185,4,99,False,0,car,0 days 00:01:21.650000,0 days 02:09:34.978000,4348.605555555556,39.0
2023-10-22 20:10:37.531,10800,198,4,99,False,0,car,0 days 00:01:21.970000,0 days 02:09:35.298000,4366.205555555555,39.0
2023-10-22 20:10:37.851,11341,208,5,100,False,0,car,0 days 00:01:22.290000,0 days 02:09:35.618000,4384.694444444444,39.0
2023-10-22 20:10:38.131,11702,214,5,100,False,0,car,0 days 00:01:22.570000,0 days 02:09:35.898000,4401.338888888888,39.0
2023-10-22 20:10:38.331,10862,218,5,100,False,0,car,0 days 00:01:22.770000,0 days 02:09:36.098000,4413.449999999999,39.0
2023-10-22 20:10:38.691,10755,224,6,100,False,0,car,0 days 00:01:23.130000,0 days 02:09:36.458000,4435.8499999999985,39.0
2023-10-22 20:10:38.891,10968,227,6,100,False,0,car,0 days 00:01:23.330000,0 days 02:09:36.658000,4448.46111111111,39.0
2023-10-22 20:10:39.091,10922,230,6,100,False,0,car,0 days 00:01:23.530000,0 days 02:09:36.858000,4461.238888888888,39.0
2023-10-22 20:10:39.252,11021,231,6,100,False,0,car,0 days 00:01:23.691000,0 days 02:09:37.019000,4471.569722222222,39.0
2023-10-22 20:10:39.612,11060,233,6,100,False,0,car,0 days 00:01:24.051000,0 days 02:09:37.379000,4494.869722222222,39.0
2023-10-22 20:10:40.052,11221,236,6,100,False,0,car,0 days 00:01:24.491000,0 days 02:09:37.819000,4523.714166666666,39.0
2023-10-22 20:10:40.332,11272,237,6,100,False,0,car,0 days 00:01:24.771000,0 days 02:09:38.099000,4542.147499999999,39.0
2023-10-22 20:10:40.652,11253,238,6,100,False,0,car,0 days 00:01:25.091000,0 days 02:09:38.419000,4563.303055555554,39.0
2023-10-22 20:10:40.892,11365,239,6,100,False,0,car,0 days 00:01:25.331000,0 days 02:09:38.659000,4579.2363888888885,39.0
2023-10-22 20:10:41.092,11405,240,6,100,False,0,car,0 days 00:01:25.531000,0 days 02:09:38.859000,4592.5697222222225,39.0
2023-10-22 20:10:41.452,11490,242,6,100,False,0,car,0 days 00:01:25.891000,0 days 02:09:39.219000,4616.769722222222,39.0
2023-10-22 20:10:41.612,11555,242,6,100,False,0,car,0 days 00:01:26.051000,0 days 02:09:39.379000,4627.525277777778,39.0
2023-10-22 20:10:41.852,10435,244,6,100,False,0,car,0 days 00:01:26.291000,0 days 02:09:39.619000,4643.791944444444,39.0
2023-10-22 20:10:42.092,10247,245,6,100,False,0,car,0 days 00:01:26.531000,0 days 02:09:39.859000,4660.125277777778,39.0
2023-10-22 20:10:42.252,10287,246,6,100,False,0,car,0 days 00:01:26.691000,0 days 02:09:40.019000,4671.0586111111115,39.0
2023-10-22 20:10:42.412,10306,246,7,99,False,0,car,0 days 00:01:26.851000,0 days 02:09:40.179000,4681.991944444445,39.0
2023-10-22 20:10:42.692,10354,248,7,100,False,0,car,0 days 00:01:27.131000,0 days 02:09:40.459000,4701.280833333334,39.0
2023-10-22 20:10:43.052,10485,251,7,100,False,0,car,0 days 00:01:27.491000,0 days 02:09:40.819000,4726.3808333333345,39.0
2023-10-22 20:10:43.331,10533,252,7,100,False,0,car,0 days 00:01:27.770000,0 days 02:09:41.098000,4745.910833333334,39.0
2023-10-22 20:10:43.771,10706,256,7,99,False,0,car,0 days 00:01:28.210000,0 days 02:09:41.538000,4777.199722222223,39.0
2023-10-22 20:10:43.931,10748,256,7,100,False,0,car,0 days 00:01:28.370000,0 days 02:09:41.698000,4788.577500000001,39.0
2023-10-22 20:10:44.171,10797,259,7,99,False,0,car,0 days 00:01:28.610000,0 days 02:09:41.938000,4805.844166666668,39.0
2023-10-22 20:10:44.451,10811,260,7,100,False,0,car,0 days 00:01:28.890000,0 days 02:09:42.218000,4826.06638888889,39.0
2023-10-22 20:10:44.651,10827,261,7,99,False,0,car,0 days 00:01:29.090000,0 days 02:09:42.418000,4840.56638888889,39.0
2023-10-22 20:10:45.011,10342,263,7,20,False,0,car,0 days 00:01:29.450000,0 days 02:09:42.778000,4866.8663888888905,39.0
2023-10-22 20:10:45.171,10218,262,7,20,False,0,car,0 days 00:01:29.610000,0 days 02:09:42.938000,4878.510833333335,39.0
2023-10-22 20:10:45.411,10068,251,7,0,True,0,car,0 days 00:01:29.850000,0 days 02:09:43.178000,4895.244166666667,39.0
2023-10-22 20:10:45.691,10348,239,7,0,True,0,car,0 days 00:01:30.130000,0 days 02:09:43.458000,4913.833055555557,39.0
2023-10-22 20:10:46.052,9620,214,6,0,True,0,car,0 days 00:01:30.491000,0 days 02:09:43.819000,4935.292500000001,39.0
2023-10-22 20:10:46.332,10617,201,6,0,True,0,car,0 days 00:01:30.771000,0 days 02:09:44.099000,4950.925833333335,39.0
2023-10-22 20:10:46.572,10371,198,5,0,True,0,car,0 days 00:01:31.011000,0 days 02:09:44.339000,4964.125833333334,39.0
2023-10-22 20:10:46.852,10052,188,5,7,False,0,car,0 days 00:01:31.291000,0 days 02:09:44.619000,4978.748055555557,39.0
2023-10-22 20:10:47.012,10003,188,5,27,False,0,car,0 days 00:01:31.451000,0 days 02:09:44.779000,4987.103611111112,39.0
2023-10-22 20:10:47.412,10195,182,5,67,False,0,car,0 days 00:01:31.851000,0 days 02:09:45.179000,5007.325833333334,39.0
2023-10-22 20:10:47.812,10581,192,5,90,False,0,car,0 days 00:01:32.251000,0 days 02:09:45.579000,5028.659166666668,39.0
2023-10-22 20:10:48.012,11124,198,5,100,False,0,car,0 days 00:01:32.451000,0 days 02:09:45.779000,5039.659166666667,39.0
2023-10-22 20:10:48.252,11309,207,5,100,False,0,car,0 days 00:01:32.691000,0 days 02:09:46.019000,5053.459166666667,39.0
2023-10-22 20:10:48.572,10987,211,5,100,False,0,car,0 days 00:01:33.011000,0 days 02:09:46.339000,5072.214722222223,39.0
2023-10-22 20:10:48.772,10670,220,5,100,False,0,car,0 days 00:01:33.211000,0 days 02:09:46.539000,5084.4369444444455,39.0
2023-10-22 20:10:49.052,10694,226,6,100,False,0,car,0 days 00:01:33.491000,0 days 02:09:46.819000,5102.014722222223,39.0
2023-10-22 20:10:49.252,10794,229,6,100,False,0,car,0 days 00:01:33.691000,0 days 02:09:47.019000,5114.736944444446,39.0
2023-10-22 20:10:49.532,11070,233,6,99,False,0,car,0 days 00:01:33.971000,0 days 02:09:47.299000,5132.859166666668,39.0
2023-10-22 20:10:50.291,10465,230,6,0,True,0,car,0 days 00:01:34.730000,0 days 02:09:48.058000,5181.350833333335,39.0
2023-10-22 20:10:50.451,10033,225,6,0,True,0,car,0 days 00:01:34.890000,0 days 02:09:48.218000,5191.350833333335,39.0
2023-10-22 20:10:50.731,10313,183,6,0,True,0,car,0 days 00:01:35.170000,0 days 02:09:48.498000,5205.584166666668,39.0
2023-10-22 20:10:51.011,9890,163,5,0,True,0,car,0 days 00:01:35.450000,0 days 02:09:48.778000,5218.261944444446,39.0
2023-10-22 20:10:51.171,9862,148,4,0,True,0,car,0 days 00:01:35.610000,0 days 02:09:48.938000,5224.839722222224,39.0
2023-10-22 20:10:51.411,9041,135,3,0,True,0,car,0 days 00:01:35.850000,0 days 02:09:49.178000,5233.839722222224,39.0
2023-10-22 20:10:51.731,8151,116,3,0,True,0,car,0 days 00:01:36.170000,0 days 02:09:49.498000,5244.150833333335,39.0
2023-10-22 20:10:52.091,7254,104,3,0,True,0,car,0 days 00:01:36.530000,0 days 02:09:49.858000,5254.550833333335,39.0
2023-10-22 20:10:52.452,7254,100,3,0,True,0,car,0 days 00:01:36.891000,0 days 02:09:50.219000,5264.578611111113,39.0
2023-10-22 20:10:52.612,6727,95,3,0,False,0,car,0 days 00:01:37.051000,0 days 02:09:50.379000,5268.800833333335,39.0
2023-10-22 20:10:52.852,6609,92,3,8,False,0,car,0 days 00:01:37.291000,0 days 02:09:50.619000,5274.934166666668,39.0
2023-10-22 20:10:53.012,6643,89,3,19,False,0,car,0 days 00:01:37.451000,0 days 02:09:50.779000,5278.889722222223,39.0
2023-10-22 20:10:53.332,6856,91,3,31,False,0,car,0 days 00:01:37.771000,0 days 02:09:51.099000,5286.9786111111125,39.0
2023-10-22 20:10:53.492,7106,92,3,38,False,0,car,0 days 00:01:37.931000,0 days 02:09:51.259000,5291.067500000001,39.0
2023-10-22 20:10:53.972,7953,102,3,46,False,0,car,0 days 00:01:38.411000,0 days 02:09:51.739000,5304.667500000001,39.0
2023-10-22 20:10:54.252,8523,111,3,56,False,0,car,0 days 00:01:38.691000,0 days 02:09:52.019000,5313.300833333335,39.0
2023-10-22 20:10:54.572,9355,120,3,64,False,0,car,0 days 00:01:39.011000,0 days 02:09:52.339000,5323.967500000001,39.0
2023-10-22 20:10:55.012,10810,137,3,100,False,0,car,0 days 00:01:39.451000,0 days 02:09:52.779000,5340.711944444445,39.0
2023-10-22 20:10:55.212,11424,141,3,100,False,0,car,0 days 00:01:39.651000,0 days 02:09:52.979000,5348.545277777778,39.0
2023-10-22 20:10:55.412,10330,156,3,100,False,0,car,0 days 00:01:39.851000,0 days 02:09:53.179000,5357.211944444445,39.0
2023-10-22 20:10:55.652,10675,166,4,100,False,0,car,0 days 00:01:40.091000,0 days 02:09:53.419000,5368.278611111112,39.0
2023-10-22 20:10:55.972,11312,182,4,100,False,0,car,0 days 00:01:40.411000,0 days 02:09:53.739000,5384.45638888889,39.0
2023-10-22 20:10:56.212,10582,189,4,100,False,0,car,0 days 00:01:40.651000,0 days 02:09:53.979000,5397.056388888889,39.0
2023-10-22 20:10:56.452,10937,200,5,100,False,0,car,0 days 00:01:40.891000,0 days 02:09:54.219000,5410.389722222223,39.0
2023-10-22 20:10:56.612,11237,200,5,100,False,0,car,0 days 00:01:41.051000,0 days 02:09:54.379000,5419.278611111112,39.0
2023-10-22 20:10:56.811,11237,209,5,100,False,0,car,0 days 00:01:41.250000,0 days 02:09:54.578000,5430.831666666667,39.0
2023-10-22 20:10:57.011,11189,214,5,100,False,0,car,0 days 00:00:00.031000,0 days 02:09:54.778000,1.8427777777777776,40.0
2023-10-22 20:10:57.251,10602,223,5,100,False,0,car,0 days 00:00:00.271000,0 days 02:09:55.018000,16.709444444444443,40.0
2023-10-22 20:10:57.451,10840,225,6,100,False,0,car,0 days 00:00:00.471000,0 days 02:09:55.218000,29.20944444444444,40.0
2023-10-22 20:10:57.691,11104,232,6,100,False,0,car,0 days 00:00:00.711000,0 days 02:09:55.458000,44.676111111111105,40.0
2023-10-22 20:10:57.891,11303,236,6,100,False,0,car,0 days 00:00:00.911000,0 days 02:09:55.658000,57.78722222222222,40.0
2023-10-22 20:10:58.171,11590,242,6,100,False,0,car,0 days 00:00:01.191000,0 days 02:09:55.938000,76.60944444444445,40.0
2023-10-22 20:10:58.451,10966,246,6,100,False,0,car,0 days 00:00:01.471000,0 days 02:09:56.218000,95.74277777777777,40.0
2023-10-22 20:10:58.851,10568,254,7,100,False,0,car,0 days 00:00:01.871000,0 days 02:09:56.618000,123.96499999999999,40.0
2023-10-22 20:10:59.052,10684,257,7,100,False,0,car,0 days 00:00:02.072000,0 days 02:09:56.819000,138.31416666666667,40.0
2023-10-22 20:10:59.252,10821,260,7,100,False,0,car,0 days 00:00:02.272000,0 days 02:09:57.019000,152.7586111111111,40.0
2023-10-22 20:10:59.572,11022,264,7,100,False,0,car,0 days 00:00:02.592000,0 days 02:09:57.339000,176.2252777777778,40.0
2023-10-22 20:10:59.852,11119,268,7,100,False,0,car,0 days 00:00:02.872000,0 days 02:09:57.619000,197.06972222222223,40.0
2023-10-22 20:11:00.172,11283,271,7,100,False,0,car,0 days 00:00:03.192000,0 days 02:09:57.939000,221.15861111111113,40.0
2023-10-22 20:11:00.372,11373,273,7,100,False,0,car,0 days 00:00:03.392000,0 days 02:09:58.139000,236.32527777777779,40.0
2023-10-22 20:11:00.812,11419,277,7,100,False,0,car,0 days 00:00:03.832000,0 days 02:09:58.579000,270.18083333333334,40.0
2023-10-22 20:11:00.972,10719,278,7,96,False,0,car,0 days 00:00:03.992000,0 days 02:09:58.739000,282.5363888888889,40.0
2023-10-22 20:11:01.132,10269,279,7,100,False,0,car,0 days 00:00:04.152000,0 days 02:09:58.899000,294.9363888888889,40.0
2023-10-22 20:11:01.452,10345,281,8,100,False,0,car,0 days 00:00:04.472000,0 days 02:09:59.219000,319.91416666666674,40.0
2023-10-22 20:11:01.772,10416,282,8,100,False,0,car,0 days 00:00:04.792000,0 days 02:09:59.539000,344.98083333333335,40.0
2023-10-22 20:11:02.052,10464,283,8,100,False,0,car,0 days 00:00:05.072000,0 days 02:09:59.819000,366.99194444444447,40.0
2023-10-22 20:11:02.332,10544,285,8,100,False,0,car,0 days 00:00:05.352000,0 days 02:10:00.099000,389.15861111111116,40.0
2023-10-22 20:11:02.612,10443,285,8,100,False,0,car,0 days 00:00:05.632000,0 days 02:10:00.379000,411.3252777777778,40.0
2023-10-22 20:11:02.892,10454,284,8,100,False,0,car,0 days 00:00:05.912000,0 days 02:10:00.659000,433.4141666666667,40.0
2023-10-22 20:11:03.212,10367,283,8,100,False,0,car,0 days 00:00:06.232000,0 days 02:10:00.979000,458.56972222222225,40.0
2023-10-22 20:11:03.372,10367,281,8,100,False,0,car,0 days 00:00:06.392000,0 days 02:10:01.139000,471.05861111111113,40.0
2023-10-22 20:11:03.651,10537,279,8,0,False,0,car,0 days 00:00:06.671000,0 days 02:10:01.418000,492.68111111111114,40.0
2023-10-22 20:11:03.931,9964,271,8,0,False,0,car,0 days 00:00:06.951000,0 days 02:10:01.698000,513.7588888888889,40.0
2023-10-22 20:11:04.371,9046,233,8,0,True,0,car,0 days 00:00:07.391000,0 days 02:10:02.138000,542.2366666666667,40.0
2023-10-22 20:11:04.651,9292,208,8,0,True,0,car,0 days 00:00:07.671000,0 days 02:10:02.418000,558.4144444444445,40.0
2023-10-22 20:11:04.931,8858,166,8,0,True,0,car,0 days 00:00:07.951000,0 days 02:10:02.698000,571.3255555555555,40.0
2023-10-22 20:11:05.211,8758,151,5,0,True,0,car,0 days 00:00:08.231000,0 days 02:10:02.978000,583.0699999999999,40.0
2023-10-22 20:11:05.612,9149,125,3,0,True,0,car,0 days 00:00:08.632000,0 days 02:10:03.379000,596.993611111111,40.0
2023-10-22 20:11:05.812,7749,115,3,0,True,0,car,0 days 00:00:08.832000,0 days 02:10:03.579000,603.3824999999999,40.0
2023-10-22 20:11:06.172,6938,104,3,0,True,0,car,0 days 00:00:09.192000,0 days 02:10:03.939000,613.7824999999999,40.0
2023-10-22 20:11:06.532,6251,90,3,0,True,0,car,0 days 00:00:09.552000,0 days 02:10:04.299000,622.7824999999999,40.0
2023-10-22 20:11:06.732,5808,87,3,0,True,0,car,0 days 00:00:09.752000,0 days 02:10:04.499000,627.6158333333333,40.0
2023-10-22 20:11:06.972,5797,83,3,0,False,0,car,0 days 00:00:09.992000,0 days 02:10:04.739000,633.1491666666666,40.0
2023-10-22 20:11:07.132,5567,78,3,0,False,0,car,0 days 00:00:10.152000,0 days 02:10:04.899000,636.6158333333332,40.0
2023-10-22 20:11:07.412,5643,76,3,7,False,0,car,0 days 00:00:10.432000,0 days 02:10:05.179000,642.5269444444443,40.0
2023-10-22 20:11:07.612,5819,74,3,18,False,0,car,0 days 00:00:10.632000,0 days 02:10:05.379000,646.6380555555554,40.0
2023-10-22 20:11:08.052,6330,81,3,32,False,0,car,0 days 00:00:11.072000,0 days 02:10:05.819000,656.5380555555554,40.0
2023-10-22 20:11:08.332,6647,86,3,39,False,0,car,0 days 00:00:11.352000,0 days 02:10:06.099000,663.2269444444443,40.0
2023-10-22 20:11:08.572,7039,88,3,41,False,0,car,0 days 00:00:11.592000,0 days 02:10:06.339000,669.0936111111109,40.0
2023-10-22 20:11:08.852,7466,100,3,46,False,0,car,0 days 00:00:11.872000,0 days 02:10:06.619000,676.8713888888886,40.0
2023-10-22 20:11:09.012,8029,102,3,50,False,0,car,0 days 00:00:12.032000,0 days 02:10:06.779000,681.404722222222,40.0
2023-10-22 20:11:09.252,8545,113,3,57,False,0,car,0 days 00:00:12.272000,0 days 02:10:07.019000,688.9380555555553,40.0
2023-10-22 20:11:09.452,9263,120,3,62,False,0,car,0 days 00:00:12.472000,0 days 02:10:07.219000,695.6047222222219,40.0
2023-10-22 20:11:09.772,10394,132,3,72,False,0,car,0 days 00:00:12.792000,0 days 02:10:07.539000,707.3380555555552,40.0
2023-10-22 20:11:10.891,10479,183,4,99,False,0,car,0 days 00:00:13.911000,0 days 02:10:08.658000,764.2205555555552,40.0
2023-10-22 20:11:11.051,10447,191,4,99,False,0,car,0 days 00:00:14.071000,0 days 02:10:08.818000,772.7094444444441,40.0
2023-10-22 20:11:11.291,11053,200,5,100,False,0,car,0 days 00:00:14.311000,0 days 02:10:09.058000,786.0427777777775,40.0
2023-10-22 20:11:11.451,11207,204,5,99,False,0,car,0 days 00:00:14.471000,0 days 02:10:09.218000,795.1094444444442,40.0
2023-10-22 20:11:11.611,10787,209,5,100,False,0,car,0 days 00:00:14.631000,0 days 02:10:09.378000,804.3983333333331,40.0
2023-10-22 20:11:11.811,10397,214,6,99,False,0,car,0 days 00:00:14.831000,0 days 02:10:09.578000,816.2872222222219,40.0
2023-10-22 20:11:12.091,10423,222,6,100,False,0,car,0 days 00:00:15.111000,0 days 02:10:09.858000,833.5538888888887,40.0
2023-10-22 20:11:12.292,10864,227,6,100,False,0,car,0 days 00:00:15.312000,0 days 02:10:10.059000,846.2280555555552,40.0
2023-10-22 20:11:12.532,10991,232,6,99,False,0,car,0 days 00:00:15.552000,0 days 02:10:10.299000,861.6947222222219,40.0
2023-10-22 20:11:12.772,11275,232,6,99,False,0,car,0 days 00:00:15.792000,0 days 02:10:10.539000,877.1613888888886,40.0
2023-10-22 20:11:12.932,11329,240,6,100,False,0,car,0 days 00:00:15.952000,0 days 02:10:10.699000,887.8280555555552,40.0
2023-10-22 20:11:13.132,11608,243,6,99,False,0,car,0 days 00:00:16.152000,0 days 02:10:10.899000,901.3280555555554,40.0
2023-10-22 20:11:13.452,11125,246,6,100,False,0,car,0 days 00:00:16.472000,0 days 02:10:11.219000,923.194722222222,40.0
2023-10-22 20:11:13.772,10506,250,7,100,False,0,car,0 days 00:00:16.792000,0 days 02:10:11.539000,945.4169444444443,40.0
2023-10-22 20:11:14.012,10768,254,7,100,False,0,car,0 days 00:00:17.032000,0 days 02:10:11.779000,962.3502777777776,40.0
2023-10-22 20:11:14.212,10741,257,7,100,False,0,car,0 days 00:00:17.232000,0 days 02:10:11.979000,976.6280555555553,40.0
2023-10-22 20:11:14.612,10883,260,7,99,False,0,car,0 days 00:00:17.632000,0 days 02:10:12.379000,1005.5169444444443,40.0
2023-10-22 20:11:15.052,11115,266,7,99,False,0,car,0 days 00:00:18.072000,0 days 02:10:12.819000,1038.0280555555553,40.0
2023-10-22 20:11:15.212,11159,268,7,99,False,0,car,0 days 00:00:18.232000,0 days 02:10:12.979000,1049.9391666666663,40.0
2023-10-22 20:11:15.452,11275,271,7,100,False,0,car,0 days 00:00:18.472000,0 days 02:10:13.219000,1068.0058333333332,40.0
2023-10-22 20:11:15.612,11235,273,7,100,False,0,car,0 days 00:00:18.632000,0 days 02:10:13.379000,1080.1391666666666,40.0
2023-10-22 20:11:15.892,11284,274,7,99,False,0,car,0 days 00:00:18.912000,0 days 02:10:13.659000,1101.4502777777775,40.0
2023-10-22 20:11:16.212,11343,273,7,99,False,0,car,0 days 00:00:19.232000,0 days 02:10:13.979000,1125.7169444444442,40.0
2023-10-22 20:11:16.452,11322,273,7,99,False,0,car,0 days 00:00:19.472000,0 days 02:10:14.219000,1143.9169444444442,40.0
2023-10-22 20:11:16.612,11420,272,7,99,False,0,car,0 days 00:00:19.632000,0 days 02:10:14.379000,1156.0058333333332,40.0
2023-10-22 20:11:16.892,11281,272,7,99,False,0,car,0 days 00:00:19.912000,0 days 02:10:14.659000,1177.1613888888885,40.0
2023-10-22 20:11:17.091,11276,273,7,99,False,0,car,0 days 00:00:20.111000,0 days 02:10:14.858000,1192.252222222222,40.0
2023-10-22 20:11:17.411,11046,273,7,7,True,0,car,0 days 00:00:20.431000,0 days 02:10:15.178000,1216.5188888888886,40.0
2023-10-22 20:11:17.651,10718,262,7,0,True,0,car,0 days 00:00:20.671000,0 days 02:10:15.418000,1233.985555555555,40.0
2023-10-22 20:11:17.851,10414,255,7,25,False,0,car,0 days 00:00:20.871000,0 days 02:10:15.618000,1248.1522222222216,40.0
2023-10-22 20:11:18.131,10349,252,7,46,False,0,car,0 days 00:00:21.151000,0 days 02:10:15.898000,1267.7522222222217,40.0
2023-10-22 20:11:18.491,10035,247,7,0,True,0,car,0 days 00:00:21.511000,0 days 02:10:16.258000,1292.4522222222217,40.0
2023-10-22 20:11:18.772,10972,241,7,0,True,0,car,0 days 00:00:21.792000,0 days 02:10:16.539000,1311.2636111111108,40.0
2023-10-22 20:11:19.172,10472,227,6,20,False,0,car,0 days 00:00:22.192000,0 days 02:10:16.939000,1336.485833333333,40.0
2023-10-22 20:11:19.412,10376,219,6,58,False,0,car,0 days 00:00:22.432000,0 days 02:10:17.179000,1351.0858333333329,40.0
2023-10-22 20:11:19.732,10767,221,6,78,False,0,car,0 days 00:00:22.752000,0 days 02:10:17.499000,1370.7302777777772,40.0
2023-10-22 20:11:19.972,10722,224,6,87,False,0,car,0 days 00:00:22.992000,0 days 02:10:17.739000,1385.6636111111106,40.0
2023-10-22 20:11:20.172,10846,228,6,84,False,0,car,0 days 00:00:23.192000,0 days 02:10:17.939000,1398.3302777777772,40.0
2023-10-22 20:11:20.692,10472,225,6,30,False,0,car,0 days 00:00:23.712000,0 days 02:10:18.459000,1430.8302777777772,40.0
2023-10-22 20:11:20.892,10277,222,6,38,False,0,car,0 days 00:00:23.912000,0 days 02:10:18.659000,1443.1636111111104,40.0
2023-10-22 20:11:21.092,10262,217,6,49,False,0,car,0 days 00:00:24.112000,0 days 02:10:18.859000,1455.2191666666658,40.0
2023-10-22 20:11:21.332,10270,216,6,60,False,0,car,0 days 00:00:24.352000,0 days 02:10:19.099000,1469.619166666666,40.0
2023-10-22 20:11:21.612,10228,217,6,60,False,0,car,0 days 00:00:24.632000,0 days 02:10:19.379000,1486.4969444444437,40.0
2023-10-22 20:11:21.812,10350,217,6,68,False,0,car,0 days 00:00:24.832000,0 days 02:10:19.579000,1498.552499999999,40.0
2023-10-22 20:11:22.012,10117,218,6,5,False,0,car,0 days 00:00:25.032000,0 days 02:10:19.779000,1510.6636111111102,40.0
2023-10-22 20:11:22.292,10162,214,6,0,False,0,car,0 days 00:00:25.312000,0 days 02:10:20.059000,1527.3080555555548,40.0
2023-10-22 20:11:22.452,9602,208,6,16,False,0,car,0 days 00:00:25.472000,0 days 02:10:20.219000,1536.5524999999993,40.0
2023-10-22 20:11:22.652,9714,204,6,46,False,0,car,0 days 00:00:25.672000,0 days 02:10:20.419000,1547.8858333333326,40.0
2023-10-22 20:11:23.012,9658,202,6,56,False,0,car,0 days 00:00:26.032000,0 days 02:10:20.779000,1568.0858333333326,40.0
2023-10-22 20:11:23.332,9825,205,6,89,False,0,car,0 days 00:00:26.352000,0 days 02:10:21.099000,1586.3080555555548,40.0
2023-10-22 20:11:23.731,10089,211,6,100,False,0,car,0 days 00:00:26.751000,0 days 02:10:21.498000,1609.6938888888883,40.0
2023-10-22 20:11:23.971,10145,212,6,100,False,0,car,0 days 00:00:26.991000,0 days 02:10:21.738000,1623.8272222222215,40.0
2023-10-22 20:11:24.291,10044,214,6,0,True,0,car,0 days 00:00:27.311000,0 days 02:10:22.058000,1642.8494444444436,40.0
2023-10-22 20:11:24.451,10258,207,6,0,True,0,car,0 days 00:00:27.471000,0 days 02:10:22.218000,1652.0494444444437,40.0
2023-10-22 20:11:24.691,10672,200,5,0,True,0,car,0 days 00:00:27.711000,0 days 02:10:22.458000,1665.382777777777,40.0
2023-10-22 20:11:25.051,9955,190,5,3,False,0,car,0 days 00:00:28.071000,0 days 02:10:22.818000,1684.3827777777772,40.0
2023-10-22 20:11:25.332,10024,185,5,39,False,0,car,0 days 00:00:28.352000,0 days 02:10:23.099000,1698.823055555555,40.0
2023-10-22 20:11:25.772,10034,183,5,58,False,0,car,0 days 00:00:28.792000,0 days 02:10:23.539000,1721.1897222222217,40.0
2023-10-22 20:11:25.932,10163,185,5,65,False,0,car,0 days 00:00:28.952000,0 days 02:10:23.699000,1729.4119444444439,40.0
2023-10-22 20:11:26.332,10694,193,5,75,False,0,car,0 days 00:00:29.352000,0 days 02:10:24.099000,1750.8563888888882,40.0
2023-10-22 20:11:26.692,10654,197,5,73,False,0,car,0 days 00:00:29.712000,0 days 02:10:24.459000,1770.5563888888883,40.0
2023-10-22 20:11:26.972,11120,193,5,0,True,0,car,0 days 00:00:29.992000,0 days 02:10:24.739000,1785.5674999999994,40.0
2023-10-22 20:11:27.172,10816,177,5,0,True,0,car,0 days 00:00:30.192000,0 days 02:10:24.939000,1795.4008333333327,40.0
2023-10-22 20:11:27.452,10073,170,4,0,True,0,car,0 days 00:00:30.472000,0 days 02:10:25.219000,1808.6230555555549,40.0
2023-10-22 20:11:27.652,9757,161,4,0,True,0,car,0 days 00:00:30.672000,0 days 02:10:25.419000,1817.5674999999992,40.0
2023-10-22 20:11:27.932,9315,157,4,0,False,0,car,0 days 00:00:30.952000,0 days 02:10:25.699000,1829.7786111111104,40.0
2023-10-22 20:11:28.132,9224,150,4,0,False,0,car,0 days 00:00:31.152000,0 days 02:10:25.899000,1838.1119444444437,40.0
2023-10-22 20:11:28.372,8976,147,4,21,False,0,car,0 days 00:00:31.392000,0 days 02:10:26.139000,1847.9119444444436,40.0
2023-10-22 20:11:28.692,8688,142,4,0,False,0,car,0 days 00:00:31.712000,0 days 02:10:26.459000,1860.534166666666,40.0
2023-10-22 20:11:29.012,8644,138,4,22,False,0,car,0 days 00:00:32.032000,0 days 02:10:26.779000,1872.8008333333325,40.0
2023-10-22 20:11:29.172,8628,134,4,28,False,0,car,0 days 00:00:32.192000,0 days 02:10:26.939000,1878.7563888888883,40.0
2023-10-22 20:11:29.412,8240,134,4,31,False,0,car,0 days 00:00:32.432000,0 days 02:10:27.179000,1887.6897222222217,40.0
2023-10-22 20:11:29.612,8537,133,4,48,False,0,car,0 days 00:00:32.632000,0 days 02:10:27.379000,1895.0786111111104,40.0
2023-10-22 20:11:29.812,8986,136,4,48,False,0,car,0 days 00:00:32.832000,0 days 02:10:27.579000,1902.634166666666,40.0
2023-10-22 20:11:30.212,9425,142,4,59,False,0,car,0 days 00:00:33.232000,0 days 02:10:27.979000,1918.4119444444439,40.0
2023-10-22 20:11:30.411,9526,151,4,45,False,0,car,0 days 00:00:33.431000,0 days 02:10:28.178000,1926.7588888888881,40.0
2023-10-22 20:11:30.731,9730,152,4,42,False,0,car,0 days 00:00:33.751000,0 days 02:10:28.498000,1940.2699999999993,40.0
2023-10-22 20:11:31.011,9697,153,4,52,False,0,car,0 days 00:00:34.031000,0 days 02:10:28.778000,1952.1699999999994,40.0
2023-10-22 20:11:31.291,9937,155,4,59,False,0,car,0 days 00:00:34.311000,0 days 02:10:29.058000,1964.225555555555,40.0
2023-10-22 20:11:31.491,10333,160,4,63,False,0,car,0 days 00:00:34.511000,0 days 02:10:29.258000,1973.114444444444,40.0
2023-10-22 20:11:31.651,10510,165,4,64,False,0,car,0 days 00:00:34.671000,0 days 02:10:29.418000,1980.4477777777772,40.0
2023-10-22 20:11:31.851,10720,168,4,74,False,0,car,0 days 00:00:34.871000,0 days 02:10:29.618000,1989.7811111111107,40.0
2023-10-22 20:11:32.132,11167,175,4,89,False,0,car,0 days 00:00:35.152000,0 days 02:10:29.899000,2003.4408333333329,40.0
2023-10-22 20:11:32.372,11517,175,4,100,False,0,car,0 days 00:00:35.392000,0 days 02:10:30.139000,2015.1074999999996,40.0
2023-10-22 20:11:32.732,10677,190,5,99,False,0,car,0 days 00:00:35.752000,0 days 02:10:30.499000,2034.1074999999996,40.0
2023-10-22 20:11:33.092,11340,207,5,100,False,0,car,0 days 00:00:36.112000,0 days 02:10:30.859000,2054.8074999999994,40.0
2023-10-22 20:11:33.252,11340,212,5,100,False,0,car,0 days 00:00:36.272000,0 days 02:10:31.019000,2064.2297222222214,40.0
2023-10-22 20:11:33.492,10833,215,5,100,False,0,car,0 days 00:00:36.512000,0 days 02:10:31.259000,2078.563055555555,40.0
2023-10-22 20:11:33.732,10726,226,6,100,False,0,car,0 days 00:00:36.752000,0 days 02:10:31.499000,2093.6297222222215,40.0
2023-10-22 20:11:33.892,10936,226,6,99,False,0,car,0 days 00:00:36.912000,0 days 02:10:31.659000,2103.6741666666658,40.0
2023-10-22 20:11:34.052,11035,233,6,99,False,0,car,0 days 00:00:37.072000,0 days 02:10:31.819000,2114.0297222222216,40.0
2023-10-22 20:11:34.332,11455,240,6,99,False,0,car,0 days 00:00:37.352000,0 days 02:10:32.099000,2132.6963888888877,40.0
2023-10-22 20:11:34.692,10163,243,7,99,False,0,car,0 days 00:00:37.712000,0 days 02:10:32.459000,2156.9963888888883,40.0
2023-10-22 20:11:34.892,10372,247,7,99,False,0,car,0 days 00:00:37.912000,0 days 02:10:32.659000,2170.71861111111,40.0
2023-10-22 20:11:35.092,10485,251,7,99,False,0,car,0 days 00:00:38.112000,0 days 02:10:32.859000,2184.663055555555,40.0
2023-10-22 20:11:35.292,10625,254,7,99,False,0,car,0 days 00:00:38.312000,0 days 02:10:33.059000,2198.7741666666657,40.0
2023-10-22 20:11:35.492,10761,256,7,99,False,0,car,0 days 00:00:38.512000,0 days 02:10:33.259000,2212.9963888888883,40.0
2023-10-22 20:11:35.972,10971,266,7,99,False,0,car,0 days 00:00:38.992000,0 days 02:10:33.739000,2248.4630555555545,40.0
2023-10-22 20:11:36.132,11140,269,7,100,False,0,car,0 days 00:00:39.152000,0 days 02:10:33.899000,2260.4186111111103,40.0
2023-10-22 20:11:36.452,11274,271,7,100,False,0,car,0 days 00:00:39.472000,0 days 02:10:34.219000,2284.5074999999993,40.0
2023-10-22 20:11:36.772,10629,276,7,99,False,0,car,0 days 00:00:39.792000,0 days 02:10:34.539000,2309.0408333333326,40.0
2023-10-22 20:11:36.972,10211,277,7,100,False,0,car,0 days 00:00:39.992000,0 days 02:10:34.739000,2324.4297222222212,40.0
2023-10-22 20:11:37.131,10271,279,8,99,False,0,car,0 days 00:00:40.151000,0 days 02:10:34.898000,2336.752222222222,40.0
2023-10-22 20:11:37.371,10358,281,8,99,False,0,car,0 days 00:00:40.391000,0 days 02:10:35.138000,2355.485555555555,40.0
2023-10-22 20:11:37.531,9819,279,8,0,False,0,car,0 days 00:00:40.551000,0 days 02:10:35.298000,2367.885555555555,40.0
2023-10-22 20:11:37.811,9951,275,8,0,False,0,car,0 days 00:00:40.831000,0 days 02:10:35.578000,2389.2744444444443,40.0
2023-10-22 20:11:38.011,9810,269,8,0,True,0,car,0 days 00:00:41.031000,0 days 02:10:35.778000,2404.2188888888886,40.0
2023-10-22 20:11:38.331,8872,231,8,0,True,0,car,0 days 00:00:41.351000,0 days 02:10:36.098000,2424.752222222222,40.0
2023-10-22 20:11:38.652,9381,199,7,0,True,0,car,0 days 00:00:41.672000,0 days 02:10:36.419000,2442.4963888888883,40.0
2023-10-22 20:11:39.052,8774,184,6,0,True,0,car,0 days 00:00:42.072000,0 days 02:10:36.819000,2462.940833333333,40.0
2023-10-22 20:11:39.212,8494,184,5,0,True,0,car,0 days 00:00:42.232000,0 days 02:10:36.979000,2471.1186111111106,40.0
2023-10-22 20:11:39.492,8527,146,5,0,True,0,car,0 days 00:00:42.512000,0 days 02:10:37.259000,2482.474166666666,40.0
2023-10-22 20:11:39.652,8909,131,5,0,True,0,car,0 days 00:00:42.672000,0 days 02:10:37.419000,2488.296388888888,40.0
2023-10-22 20:11:39.932,7623,110,3,0,True,0,car,0 days 00:00:42.952000,0 days 02:10:37.699000,2496.8519444444437,40.0
2023-10-22 20:11:40.252,6928,99,3,0,True,0,car,0 days 00:00:43.272000,0 days 02:10:38.019000,2505.651944444444,40.0
2023-10-22 20:11:40.692,6300,93,3,0,True,0,car,0 days 00:00:43.712000,0 days 02:10:38.459000,2517.0186111111107,40.0
2023-10-22 20:11:41.132,5580,79,3,0,True,0,car,0 days 00:00:44.152000,0 days 02:10:38.899000,2526.674166666666,40.0
2023-10-22 20:11:41.372,5168,75,3,0,True,0,car,0 days 00:00:44.392000,0 days 02:10:39.139000,2531.674166666666,40.0
2023-10-22 20:11:41.572,5128,72,3,0,False,0,car,0 days 00:00:44.592000,0 days 02:10:39.339000,2535.674166666666,40.0
2023-10-22 20:11:41.892,4721,68,3,0,False,0,car,0 days 00:00:44.912000,0 days 02:10:39.659000,2541.7186111111105,40.0
2023-10-22 20:11:42.092,4672,66,3,0,False,0,car,0 days 00:00:45.112000,0 days 02:10:39.859000,2545.385277777777,40.0
2023-10-22 20:11:42.452,4560,65,3,1,False,0,car,0 days 00:00:45.472000,0 days 02:10:40.219000,2551.885277777777,40.0
2023-10-22 20:11:42.772,5275,69,3,18,False,0,car,0 days 00:00:45.792000,0 days 02:10:40.539000,2558.01861111111,40.0
2023-10-22 20:11:43.172,5793,76,3,29,False,0,car,0 days 00:00:46.192000,0 days 02:10:40.939000,2566.4630555555545,40.0
2023-10-22 20:11:43.372,6206,80,3,35,False,0,car,0 days 00:00:46.392000,0 days 02:10:41.139000,2570.907499999999,40.0
2023-10-22 20:11:43.772,7528,90,3,46,False,0,car,0 days 00:00:46.792000,0 days 02:10:41.539000,2580.907499999999,40.0
2023-10-22 20:11:44.131,7781,102,3,51,False,0,car,0 days 00:00:47.151000,0 days 02:10:41.898000,2591.0791666666655,40.0
2023-10-22 20:11:44.371,8481,109,3,62,False,0,car,0 days 00:00:47.391000,0 days 02:10:42.138000,2598.345833333332,40.0
2023-10-22 20:11:44.531,9049,114,3,69,False,0,car,0 days 00:00:47.551000,0 days 02:10:42.298000,2603.4124999999985,40.0
2023-10-22 20:11:44.771,9629,128,3,76,False,0,car,0 days 00:00:47.791000,0 days 02:10:42.538000,2611.945833333332,40.0
2023-10-22 20:11:45.212,11387,143,3,100,False,0,car,0 days 00:00:48.232000,0 days 02:10:42.979000,2629.463333333332,40.0
2023-10-22 20:11:45.612,10855,160,4,100,False,0,car,0 days 00:00:48.632000,0 days 02:10:43.379000,2647.2411111111096,40.0
2023-10-22 20:11:45.852,11171,177,4,100,False,0,car,0 days 00:00:48.872000,0 days 02:10:43.619000,2659.04111111111,40.0
2023-10-22 20:11:46.132,10487,193,4,100,False,0,car,0 days 00:00:49.152000,0 days 02:10:43.899000,2674.0522222222207,40.0
2023-10-22 20:11:46.412,10866,200,5,100,False,0,car,0 days 00:00:49.432000,0 days 02:10:44.179000,2689.6077777777764,40.0
2023-10-22 20:11:46.852,11694,217,5,100,False,0,car,0 days 00:00:49.872000,0 days 02:10:44.619000,2716.1299999999983,40.0
2023-10-22 20:11:47.132,10654,222,5,100,False,0,car,0 days 00:00:50.152000,0 days 02:10:44.899000,2733.396666666665,40.0
2023-10-22 20:11:47.452,10981,233,6,100,False,0,car,0 days 00:00:50.472000,0 days 02:10:45.219000,2754.1077777777764,40.0
2023-10-22 20:11:47.732,11381,240,6,100,False,0,car,0 days 00:00:50.752000,0 days 02:10:45.499000,2772.7744444444434,40.0
2023-10-22 20:11:47.932,11536,243,6,100,False,0,car,0 days 00:00:50.952000,0 days 02:10:45.699000,2786.274444444443,40.0
2023-10-22 20:11:48.092,11631,245,6,100,False,0,car,0 days 00:00:51.112000,0 days 02:10:45.859000,2797.163333333332,40.0
2023-10-22 20:11:48.292,10791,248,6,100,False,0,car,0 days 00:00:51.312000,0 days 02:10:46.059000,2810.9411111111094,40.0
2023-10-22 20:11:48.492,10489,252,6,100,False,0,car,0 days 00:00:51.512000,0 days 02:10:46.259000,2824.9411111111094,40.0
2023-10-22 20:11:48.692,10629,255,7,100,False,0,car,0 days 00:00:51.712000,0 days 02:10:46.459000,2839.1077777777764,40.0
2023-10-22 20:11:48.852,10744,258,7,100,False,0,car,0 days 00:00:51.872000,0 days 02:10:46.619000,2850.5744444444426,40.0
2023-10-22 20:11:49.132,10883,263,7,100,False,0,car,0 days 00:00:52.152000,0 days 02:10:46.899000,2871.0299999999984,40.0
2023-10-22 20:11:49.292,10940,264,7,100,False,0,car,0 days 00:00:52.312000,0 days 02:10:47.059000,2882.7633333333315,40.0
2023-10-22 20:11:49.532,11093,268,7,100,False,0,car,0 days 00:00:52.552000,0 days 02:10:47.299000,2900.6299999999983,40.0
2023-10-22 20:11:49.772,11202,270,7,100,False,0,car,0 days 00:00:52.792000,0 days 02:10:47.539000,2918.6299999999983,40.0
2023-10-22 20:11:49.972,11208,271,7,100,False,0,car,0 days 00:00:52.992000,0 days 02:10:47.739000,2933.6855555555535,40.0
2023-10-22 20:11:50.252,11440,275,7,100,False,0,car,0 days 00:00:53.272000,0 days 02:10:48.019000,2955.0744444444426,40.0
2023-10-22 20:11:50.452,11481,276,7,100,False,0,car,0 days 00:00:53.472000,0 days 02:10:48.219000,2970.407777777776,40.0
2023-10-22 20:11:50.691,11359,279,7,100,False,0,car,0 days 00:00:53.711000,0 days 02:10:48.458000,2988.9302777777757,40.0
2023-10-22 20:11:50.931,10371,282,8,100,False,0,car,0 days 00:00:53.951000,0 days 02:10:48.698000,3007.730277777776,40.0
2023-10-22 20:11:51.171,10418,283,8,100,False,0,car,0 days 00:00:54.191000,0 days 02:10:48.938000,3026.5969444444427,40.0
2023-10-22 20:11:51.491,10530,285,8,100,False,0,car,0 days 00:00:54.511000,0 days 02:10:49.258000,3051.930277777776,40.0
2023-10-22 20:11:51.652,10530,287,8,100,False,0,car,0 days 00:00:54.672000,0 days 02:10:49.419000,3064.7655555555534,40.0
2023-10-22 20:11:51.972,10666,288,8,100,False,0,car,0 days 00:00:54.992000,0 days 02:10:49.739000,3090.3655555555533,40.0
2023-10-22 20:11:52.332,10730,291,8,100,False,0,car,0 days 00:00:55.352000,0 days 02:10:50.099000,3119.4655555555532,40.0
2023-10-22 20:11:52.492,10736,291,8,100,False,0,car,0 days 00:00:55.512000,0 days 02:10:50.259000,3132.398888888887,40.0
2023-10-22 20:11:52.732,10796,294,8,100,False,0,car,0 days 00:00:55.752000,0 days 02:10:50.499000,3151.9988888888874,40.0
2023-10-22 20:11:52.932,10819,295,8,100,False,0,car,0 days 00:00:55.952000,0 days 02:10:50.699000,3168.387777777776,40.0
2023-10-22 20:11:53.172,10855,295,8,100,False,0,car,0 days 00:00:56.192000,0 days 02:10:50.939000,3188.054444444443,40.0
2023-10-22 20:11:53.492,10963,297,8,100,False,0,car,0 days 00:00:56.512000,0 days 02:10:51.259000,3214.454444444443,40.0
2023-10-22 20:11:53.732,10971,298,8,100,False,0,car,0 days 00:00:56.752000,0 days 02:10:51.499000,3234.32111111111,40.0
2023-10-22 20:11:54.012,11052,300,8,100,False,0,car,0 days 00:00:57.032000,0 days 02:10:51.779000,3257.654444444443,40.0
2023-10-22 20:11:54.212,11067,300,8,99,False,0,car,0 days 00:00:57.232000,0 days 02:10:51.979000,3274.32111111111,40.0
2023-10-22 20:11:54.412,11043,300,8,100,False,0,car,0 days 00:00:57.432000,0 days 02:10:52.179000,3290.987777777777,40.0
2023-10-22 20:11:54.652,11093,301,8,100,False,0,car,0 days 00:00:57.672000,0 days 02:10:52.419000,3311.054444444443,40.0
2023-10-22 20:11:54.892,11053,301,8,100,False,0,car,0 days 00:00:57.912000,0 days 02:10:52.659000,3331.1211111111097,40.0
2023-10-22 20:11:55.292,11093,302,8,99,False,0,car,0 days 00:00:58.312000,0 days 02:10:53.059000,3364.6766666666654,40.0
2023-10-22 20:11:55.532,11125,302,8,100,False,0,car,0 days 00:00:58.552000,0 days 02:10:53.299000,3384.809999999999,40.0
2023-10-22 20:11:55.772,11149,303,8,100,False,0,car,0 days 00:00:58.792000,0 days 02:10:53.539000,3405.0099999999993,40.0
2023-10-22 20:11:56.012,11126,303,8,100,False,0,car,0 days 00:00:59.032000,0 days 02:10:53.779000,3425.2099999999987,40.0
2023-10-22 20:11:56.172,11147,303,8,100,False,0,car,0 days 00:00:59.192000,0 days 02:10:53.939000,3438.676666666666,40.0
2023-10-22 20:11:56.452,11124,303,8,100,False,0,car,0 days 00:00:59.472000,0 days 02:10:54.219000,3462.2433333333324,40.0
2023-10-22 20:11:56.692,11139,303,8,99,False,0,car,0 days 00:00:59.712000,0 days 02:10:54.459000,3482.4433333333327,40.0
2023-10-22 20:11:56.932,11191,304,8,100,False,0,car,0 days 00:00:59.952000,0 days 02:10:54.699000,3502.709999999999,40.0
2023-10-22 20:11:57.092,11131,304,8,100,False,0,car,0 days 00:01:00.112000,0 days 02:10:54.859000,3516.2211111111105,40.0
2023-10-22 20:11:57.252,11179,304,8,100,False,0,car,0 days 00:01:00.272000,0 days 02:10:55.019000,3529.7322222222215,40.0
2023-10-22 20:11:57.451,11181,304,8,99,False,0,car,0 days 00:01:00.471000,0 days 02:10:55.218000,3546.536666666666,40.0
2023-10-22 20:11:57.691,11164,303,8,100,False,0,car,0 days 00:01:00.711000,0 days 02:10:55.458000,3566.736666666666,40.0
2023-10-22 20:11:58.051,10619,295,8,0,False,0,car,0 days 00:01:01.071000,0 days 02:10:55.818000,3596.236666666666,40.0
2023-10-22 20:11:58.332,10214,288,8,0,True,0,car,0 days 00:01:01.352000,0 days 02:10:56.099000,3618.7166666666662,40.0
2023-10-22 20:11:58.492,9478,266,8,0,True,0,car,0 days 00:01:01.512000,0 days 02:10:56.259000,3630.538888888889,40.0
2023-10-22 20:11:58.772,8935,227,8,0,True,0,car,0 days 00:01:01.792000,0 days 02:10:56.539000,3648.1944444444443,40.0
2023-10-22 20:11:59.052,9608,193,7,0,True,0,car,0 days 00:01:02.072000,0 days 02:10:56.819000,3663.2055555555553,40.0
2023-10-22 20:11:59.252,9104,182,7,0,True,0,car,0 days 00:01:02.272000,0 days 02:10:57.019000,3673.316666666666,40.0
2023-10-22 20:11:59.532,9166,150,6,0,True,0,car,0 days 00:01:02.552000,0 days 02:10:57.299000,3684.9833333333327,40.0
2023-10-22 20:11:59.932,8398,121,3,0,True,0,car,0 days 00:01:02.952000,0 days 02:10:57.699000,3698.427777777777,40.0
2023-10-22 20:12:00.172,7809,111,3,0,True,0,car,0 days 00:01:03.192000,0 days 02:10:57.939000,3705.827777777777,40.0
2023-10-22 20:12:00.372,7362,108,3,0,True,0,car,0 days 00:01:03.392000,0 days 02:10:58.139000,3711.827777777777,40.0
2023-10-22 20:12:00.692,6762,99,3,0,True,0,car,0 days 00:01:03.712000,0 days 02:10:58.459000,3720.6277777777773,40.0
2023-10-22 20:12:00.852,6523,93,3,0,True,0,car,0 days 00:01:03.872000,0 days 02:10:58.619000,3724.7611111111105,40.0
2023-10-22 20:12:01.212,6198,88,3,3,False,0,car,0 days 00:01:04.232000,0 days 02:10:58.979000,3733.5611111111107,40.0
2023-10-22 20:12:01.572,6269,85,3,20,False,0,car,0 days 00:01:04.592000,0 days 02:10:59.339000,3742.0611111111107,40.0
2023-10-22 20:12:01.932,6957,90,3,42,False,0,car,0 days 00:01:04.952000,0 days 02:10:59.699000,3751.0611111111107,40.0
2023-10-22 20:12:02.292,7584,98,3,52,False,0,car,0 days 00:01:05.312000,0 days 02:11:00.059000,3760.861111111111,40.0
2023-10-22 20:12:02.612,8405,108,3,61,False,0,car,0 days 00:01:05.632000,0 days 02:11:00.379000,3770.461111111111,40.0
2023-10-22 20:12:02.852,9266,121,3,71,False,0,car,0 days 00:01:05.872000,0 days 02:11:00.619000,3778.527777777778,40.0
2023-10-22 20:12:03.092,10421,128,3,89,False,0,car,0 days 00:01:06.112000,0 days 02:11:00.859000,3787.061111111111,40.0
2023-10-22 20:12:03.412,11062,144,3,100,False,0,car,0 days 00:01:06.432000,0 days 02:11:01.179000,3799.8611111111113,40.0
2023-10-22 20:12:03.692,11860,159,3,100,False,0,car,0 days 00:01:06.712000,0 days 02:11:01.459000,3812.227777777778,40.0
2023-10-22 20:12:03.892,10621,168,4,100,False,0,car,0 days 00:01:06.912000,0 days 02:11:01.659000,3821.5611111111116,40.0
2023-10-22 20:12:04.051,11076,176,4,100,False,0,car,0 days 00:01:07.071000,0 days 02:11:01.818000,3829.3344444444447,40.0
2023-10-22 20:12:04.491,10046,191,5,100,False,0,car,0 days 00:01:07.511000,0 days 02:11:02.258000,3852.678888888889,40.0
2023-10-22 20:12:04.892,9998,195,5,0,True,0,car,0 days 00:01:07.912000,0 days 02:11:02.659000,3874.399722222223,40.0
2023-10-22 20:12:05.132,10022,179,5,0,True,0,car,0 days 00:01:08.152000,0 days 02:11:02.899000,3886.333055555556,40.0
2023-10-22 20:12:05.412,10684,165,5,0,True,0,car,0 days 00:01:08.432000,0 days 02:11:03.179000,3899.1663888888893,40.0
2023-10-22 20:12:05.692,10042,145,3,0,True,0,car,0 days 00:01:08.712000,0 days 02:11:03.459000,3910.444166666667,40.0
2023-10-22 20:12:05.852,9376,135,3,0,True,0,car,0 days 00:01:08.872000,0 days 02:11:03.619000,3916.444166666667,40.0
2023-10-22 20:12:06.052,8841,126,3,0,True,0,car,0 days 00:01:09.072000,0 days 02:11:03.819000,3923.444166666667,40.0
2023-10-22 20:12:06.332,7993,117,3,0,True,0,car,0 days 00:01:09.352000,0 days 02:11:04.099000,3932.544166666667,40.0
2023-10-22 20:12:06.572,7626,108,3,0,True,0,car,0 days 00:01:09.592000,0 days 02:11:04.339000,3939.744166666667,40.0
2023-10-22 20:12:06.732,7265,104,3,0,True,0,car,0 days 00:01:09.752000,0 days 02:11:04.499000,3944.366388888889,40.0
2023-10-22 20:12:06.892,7125,102,3,0,True,0,car,0 days 00:01:09.912000,0 days 02:11:04.659000,3948.899722222223,40.0
2023-10-22 20:12:07.052,6889,99,3,0,False,0,car,0 days 00:01:10.072000,0 days 02:11:04.819000,3953.299722222223,40.0
2023-10-22 20:12:07.332,6750,95,3,0,False,0,car,0 days 00:01:10.352000,0 days 02:11:05.099000,3960.688611111112,40.0
2023-10-22 20:12:07.532,6581,93,3,5,False,0,car,0 days 00:01:10.552000,0 days 02:11:05.299000,3965.8552777777786,40.0
2023-10-22 20:12:07.772,6916,90,3,23,False,0,car,0 days 00:01:10.792000,0 days 02:11:05.539000,3971.8552777777786,40.0
2023-10-22 20:12:08.012,7000,92,3,32,False,0,car,0 days 00:01:11.032000,0 days 02:11:05.779000,3977.988611111112,40.0
2023-10-22 20:12:08.292,7295,96,3,39,False,0,car,0 days 00:01:11.312000,0 days 02:11:06.059000,3985.4552777777785,40.0
2023-10-22 20:12:08.532,7768,102,3,44,False,0,car,0 days 00:01:11.552000,0 days 02:11:06.299000,3992.2552777777787,40.0
2023-10-22 20:12:08.812,8048,106,3,50,False,0,car,0 days 00:01:11.832000,0 days 02:11:06.579000,4000.4997222222228,40.0
2023-10-22 20:12:08.972,8426,112,3,51,False,0,car,0 days 00:01:11.992000,0 days 02:11:06.739000,4005.477500000001,40.0
2023-10-22 20:12:09.212,8942,117,3,55,False,0,car,0 days 00:01:12.232000,0 days 02:11:06.979000,4013.2775000000006,40.0
2023-10-22 20:12:09.492,9864,126,3,67,False,0,car,0 days 00:01:12.512000,0 days 02:11:07.259000,4023.077500000001,40.0
2023-10-22 20:12:09.652,10164,133,3,68,False,0,car,0 days 00:01:12.672000,0 days 02:11:07.419000,4028.988611111112,40.0
2023-10-22 20:12:10.052,11490,149,3,92,False,0,car,0 days 00:01:13.072000,0 days 02:11:07.819000,4045.5441666666675,40.0
2023-10-22 20:12:10.332,11532,160,3,100,False,0,car,0 days 00:01:13.352000,0 days 02:11:08.099000,4057.988611111112,40.0
2023-10-22 20:12:10.731,10993,174,4,100,False,0,car,0 days 00:01:13.751000,0 days 02:11:08.498000,4077.2736111111117,40.0
2023-10-22 20:12:10.971,11523,177,4,99,False,0,car,0 days 00:01:13.991000,0 days 02:11:08.738000,4089.0736111111114,40.0
2023-10-22 20:12:11.291,10350,188,5,93,False,0,car,0 days 00:01:14.311000,0 days 02:11:09.058000,4105.784722222223,40.0
2023-10-22 20:12:11.572,10428,191,5,93,False,0,car,0 days 00:01:14.592000,0 days 02:11:09.339000,4120.693333333334,40.0
2023-10-22 20:12:11.892,9178,175,5,0,True,0,car,0 days 00:01:14.912000,0 days 02:11:09.659000,4136.248888888889,40.0
2023-10-22 20:12:12.132,9649,158,5,0,True,0,car,0 days 00:01:15.152000,0 days 02:11:09.899000,4146.782222222222,40.0
2023-10-22 20:12:12.292,9233,155,4,0,True,0,car,0 days 00:01:15.312000,0 days 02:11:10.059000,4153.671111111111,40.0
2023-10-22 20:12:12.732,9514,135,4,0,True,0,car,0 days 00:01:15.752000,0 days 02:11:10.499000,4170.171111111111,40.0
2023-10-22 20:12:12.892,9165,135,3,0,True,0,car,0 days 00:01:15.912000,0 days 02:11:10.659000,4176.171111111111,40.0
2023-10-22 20:12:13.172,8558,121,3,0,True,0,car,0 days 00:01:16.192000,0 days 02:11:10.939000,4185.582222222221,40.0
2023-10-22 20:12:13.492,7842,113,3,0,True,0,car,0 days 00:01:16.512000,0 days 02:11:11.259000,4195.626666666666,40.0
2023-10-22 20:12:13.652,7586,109,3,0,True,0,car,0 days 00:01:16.672000,0 days 02:11:11.419000,4200.47111111111,40.0
2023-10-22 20:12:13.892,7224,104,3,0,True,0,car,0 days 00:01:16.912000,0 days 02:11:11.659000,4207.4044444444435,40.0
2023-10-22 20:12:14.172,6755,96,3,0,True,0,car,0 days 00:01:17.192000,0 days 02:11:11.939000,4214.87111111111,40.0
2023-10-22 20:12:14.332,6332,91,3,0,True,0,car,0 days 00:01:17.352000,0 days 02:11:12.099000,4218.915555555554,40.0
2023-10-22 20:12:14.572,6044,89,3,0,True,0,car,0 days 00:01:17.592000,0 days 02:11:12.339000,4224.848888888888,40.0
2023-10-22 20:12:14.812,5765,83,3,0,False,0,car,0 days 00:01:17.832000,0 days 02:11:12.579000,4230.382222222221,40.0
2023-10-22 20:12:15.012,5573,82,3,0,False,0,car,0 days 00:01:18.032000,0 days 02:11:12.779000,4234.937777777776,40.0
2023-10-22 20:12:15.372,6857,80,3,11,False,0,car,0 days 00:01:18.392000,0 days 02:11:13.139000,4242.937777777776,40.0
2023-10-22 20:12:15.612,5737,76,3,18,False,0,car,0 days 00:01:18.632000,0 days 02:11:13.379000,4248.004444444443,40.0
2023-10-22 20:12:15.972,6310,79,3,35,False,0,car,0 days 00:01:18.992000,0 days 02:11:13.739000,4255.904444444443,40.0
2023-10-22 20:12:16.172,6555,84,3,43,False,0,car,0 days 00:01:19.192000,0 days 02:11:13.939000,4260.571111111109,40.0
2023-10-22 20:12:16.412,7187,89,3,49,False,0,car,0 days 00:01:19.432000,0 days 02:11:14.179000,4266.504444444442,40.0
2023-10-22 20:12:16.812,8081,102,3,57,False,0,car,0 days 00:01:19.832000,0 days 02:11:14.579000,4277.837777777775,40.0
2023-10-22 20:12:16.972,8351,110,3,70,False,0,car,0 days 00:01:19.992000,0 days 02:11:14.739000,4282.726666666665,40.0
2023-10-22 20:12:17.212,9415,118,3,76,False,0,car,0 days 00:01:20.232000,0 days 02:11:14.979000,4290.593333333331,40.0
2023-10-22 20:12:17.372,9805,128,3,78,False,0,car,0 days 00:01:20.392000,0 days 02:11:15.139000,4296.28222222222,40.0
2023-10-22 20:12:17.651,10966,144,3,89,False,0,car,0 days 00:01:20.671000,0 days 02:11:15.418000,4307.442222222221,40.0
2023-10-22 20:12:17.851,11415,154,3,100,False,0,car,0 days 00:01:20.871000,0 days 02:11:15.618000,4315.997777777776,40.0
2023-10-22 20:12:18.092,11135,154,4,100,False,0,car,0 days 00:01:21.112000,0 days 02:11:15.859000,4326.30722222222,40.0
2023-10-22 20:12:18.412,11304,172,4,100,False,0,car,0 days 00:01:21.432000,0 days 02:11:16.179000,4341.596111111109,40.0
2023-10-22 20:12:18.652,10744,188,4,100,False,0,car,0 days 00:01:21.672000,0 days 02:11:16.419000,4354.129444444442,40.0
2023-10-22 20:12:18.892,10758,195,5,99,False,0,car,0 days 00:01:21.912000,0 days 02:11:16.659000,4367.129444444443,40.0
2023-10-22 20:12:19.172,11129,205,5,100,False,0,car,0 days 00:01:22.192000,0 days 02:11:16.939000,4383.073888888886,40.0
2023-10-22 20:12:19.532,11510,214,5,100,False,0,car,0 days 00:01:22.552000,0 days 02:11:17.299000,4404.473888888887,40.0
2023-10-22 20:12:19.772,11510,219,5,100,False,0,car,0 days 00:01:22.792000,0 days 02:11:17.539000,4419.073888888886,40.0
2023-10-22 20:12:20.172,10824,227,6,100,False,0,car,0 days 00:01:23.192000,0 days 02:11:17.939000,4444.296111111108,40.0
2023-10-22 20:12:20.532,11046,231,6,100,False,0,car,0 days 00:01:23.552000,0 days 02:11:18.299000,4467.396111111109,40.0
2023-10-22 20:12:20.772,11064,231,6,99,False,0,car,0 days 00:01:23.792000,0 days 02:11:18.539000,4482.796111111109,40.0
2023-10-22 20:12:20.932,11107,235,6,100,False,0,car,0 days 00:01:23.952000,0 days 02:11:18.699000,4493.240555555553,40.0
2023-10-22 20:12:21.292,11218,235,6,100,False,0,car,0 days 00:01:24.312000,0 days 02:11:19.059000,4516.740555555553,40.0
2023-10-22 20:12:21.452,11272,236,6,100,False,0,car,0 days 00:01:24.472000,0 days 02:11:19.219000,4527.229444444442,40.0
2023-10-22 20:12:21.692,11340,238,6,100,False,0,car,0 days 00:01:24.712000,0 days 02:11:19.459000,4543.09611111111,40.0
2023-10-22 20:12:21.932,11347,239,6,100,False,0,car,0 days 00:01:24.952000,0 days 02:11:19.699000,4559.0294444444435,40.0
2023-10-22 20:12:22.172,11464,240,6,100,False,0,car,0 days 00:01:25.192000,0 days 02:11:19.939000,4575.0294444444435,40.0
2023-10-22 20:12:22.332,11417,241,6,100,False,0,car,0 days 00:01:25.352000,0 days 02:11:20.099000,4585.740555555555,40.0
2023-10-22 20:12:22.612,11560,242,6,100,False,0,car,0 days 00:01:25.632000,0 days 02:11:20.379000,4604.562777777777,40.0
2023-10-22 20:12:22.772,11609,243,6,100,False,0,car,0 days 00:01:25.792000,0 days 02:11:20.539000,4615.362777777777,40.0
2023-10-22 20:12:23.012,10424,245,6,100,False,0,car,0 days 00:01:26.032000,0 days 02:11:20.779000,4631.69611111111,40.0
2023-10-22 20:12:23.292,10271,246,7,100,False,0,car,0 days 00:01:26.312000,0 days 02:11:21.059000,4650.829444444444,40.0
2023-10-22 20:12:23.612,10404,249,7,100,False,0,car,0 days 00:01:26.632000,0 days 02:11:21.379000,4672.962777777778,40.0
2023-10-22 20:12:23.892,10448,251,7,100,False,0,car,0 days 00:01:26.912000,0 days 02:11:21.659000,4692.485,40.0
2023-10-22 20:12:24.132,10533,253,7,100,False,0,car,0 days 00:01:27.152000,0 days 02:11:21.899000,4709.351666666666,40.0
2023-10-22 20:12:24.411,10624,254,7,99,False,0,car,0 days 00:01:27.431000,0 days 02:11:22.178000,4729.036666666665,40.0
2023-10-22 20:12:24.852,10665,256,7,100,False,0,car,0 days 00:01:27.872000,0 days 02:11:22.619000,4760.396666666666,40.0
2023-10-22 20:12:25.292,10732,258,7,99,False,0,car,0 days 00:01:28.312000,0 days 02:11:23.059000,4791.9299999999985,40.0
2023-10-22 20:12:25.692,10818,260,7,99,False,0,car,0 days 00:01:28.712000,0 days 02:11:23.459000,4820.818888888888,40.0
2023-10-22 20:12:26.052,10904,263,7,99,False,0,car,0 days 00:01:29.072000,0 days 02:11:23.819000,4847.118888888888,40.0
2023-10-22 20:12:26.252,10975,264,7,100,False,0,car,0 days 00:01:29.272000,0 days 02:11:24.019000,4861.785555555555,40.0
2023-10-22 20:12:26.452,10522,263,7,0,False,0,car,0 days 00:01:29.472000,0 days 02:11:24.219000,4876.396666666666,40.0
2023-10-22 20:12:26.692,10445,259,7,0,True,0,car,0 days 00:01:29.712000,0 days 02:11:24.459000,4893.663333333333,40.0
2023-10-22 20:12:26.852,9962,245,7,0,True,0,car,0 days 00:01:29.872000,0 days 02:11:24.619000,4904.552222222222,40.0
2023-10-22 20:12:27.012,9688,238,7,0,True,0,car,0 days 00:01:30.032000,0 days 02:11:24.779000,4915.129999999999,40.0
2023-10-22 20:12:27.212,10220,228,7,0,True,0,car,0 days 00:01:30.232000,0 days 02:11:24.979000,4927.796666666666,40.0
2023-10-22 20:12:27.452,9706,210,6,0,True,0,car,0 days 00:01:30.472000,0 days 02:11:25.219000,4941.796666666666,40.0
2023-10-22 20:12:27.692,10929,205,6,0,False,0,car,0 days 00:01:30.712000,0 days 02:11:25.459000,4955.463333333333,40.0
2023-10-22 20:12:27.932,10335,195,5,0,False,0,car,0 days 00:01:30.952000,0 days 02:11:25.699000,4968.463333333333,40.0
2023-10-22 20:12:28.172,10104,191,5,0,False,0,car,0 days 00:01:31.192000,0 days 02:11:25.939000,4981.196666666666,40.0
2023-10-22 20:12:28.532,9776,186,5,0,False,0,car,0 days 00:01:31.552000,0 days 02:11:26.299000,4999.796666666666,40.0
2023-10-22 20:12:28.732,9967,180,5,55,False,0,car,0 days 00:01:31.752000,0 days 02:11:26.499000,5009.796666666665,40.0
2023-10-22 20:12:29.132,10392,190,5,100,False,0,car,0 days 00:01:32.152000,0 days 02:11:26.899000,5030.907777777777,40.0
2023-10-22 20:12:29.292,11170,193,5,99,False,0,car,0 days 00:01:32.312000,0 days 02:11:27.059000,5039.485555555554,40.0
2023-10-22 20:12:29.532,11040,199,5,99,False,0,car,0 days 00:01:32.552000,0 days 02:11:27.299000,5052.7522222222215,40.0
2023-10-22 20:12:29.772,11476,208,5,99,False,0,car,0 days 00:01:32.792000,0 days 02:11:27.539000,5066.618888888888,40.0
2023-10-22 20:12:30.012,11339,213,5,100,False,0,car,0 days 00:01:33.032000,0 days 02:11:27.779000,5080.818888888888,40.0
2023-10-22 20:12:30.212,10418,219,6,100,False,0,car,0 days 00:01:33.232000,0 days 02:11:27.979000,5092.985555555555,40.0
2023-10-22 20:12:30.372,10577,222,6,100,False,0,car,0 days 00:01:33.392000,0 days 02:11:28.139000,5102.852222222222,40.0
2023-10-22 20:12:30.612,10789,226,6,100,False,0,car,0 days 00:01:33.632000,0 days 02:11:28.379000,5117.918888888889,40.0
2023-10-22 20:12:30.891,10991,231,6,100,False,0,car,0 days 00:01:33.911000,0 days 02:11:28.658000,5135.8213888888895,40.0
2023-10-22 20:12:31.252,11171,236,6,83,False,0,car,0 days 00:01:34.272000,0 days 02:11:29.019000,5159.486944444446,40.0
2023-10-22 20:12:31.532,10835,231,6,0,False,0,car,0 days 00:01:34.552000,0 days 02:11:29.299000,5177.453611111113,40.0
2023-10-22 20:12:31.852,9963,215,6,0,True,0,car,0 days 00:01:34.872000,0 days 02:11:29.619000,5196.564722222223,40.0
2023-10-22 20:12:32.052,10199,191,6,0,True,0,car,0 days 00:01:35.072000,0 days 02:11:29.819000,5207.175833333335,40.0
2023-10-22 20:12:32.212,9779,180,5,0,True,0,car,0 days 00:01:35.232000,0 days 02:11:29.979000,5215.175833333335,40.0
2023-10-22 20:12:32.452,9389,153,5,0,True,0,car,0 days 00:01:35.472000,0 days 02:11:30.219000,5225.375833333334,40.0
2023-10-22 20:12:32.692,9616,138,4,0,True,0,car,0 days 00:01:35.712000,0 days 02:11:30.459000,5234.575833333335,40.0
2023-10-22 20:12:32.852,9032,128,3,0,True,0,car,0 days 00:01:35.872000,0 days 02:11:30.619000,5240.264722222224,40.0
2023-10-22 20:12:33.332,7692,108,3,0,True,0,car,0 days 00:01:36.352000,0 days 02:11:31.099000,5254.664722222225,40.0
2023-10-22 20:12:33.492,7692,105,3,0,True,0,car,0 days 00:01:36.512000,0 days 02:11:31.259000,5259.3313888888915,40.0
2023-10-22 20:12:33.732,6963,101,3,0,True,0,car,0 days 00:01:36.752000,0 days 02:11:31.499000,5266.064722222225,40.0
2023-10-22 20:12:33.932,6686,96,3,0,False,0,car,0 days 00:01:36.952000,0 days 02:11:31.699000,5271.398055555558,40.0
2023-10-22 20:12:34.332,6663,89,3,14,False,0,car,0 days 00:01:37.352000,0 days 02:11:32.099000,5281.286944444447,40.0
2023-10-22 20:12:34.492,6794,89,3,28,False,0,car,0 days 00:01:37.512000,0 days 02:11:32.259000,5285.242500000002,40.0
2023-10-22 20:12:35.012,7466,96,3,40,False,0,car,0 days 00:01:38.032000,0 days 02:11:32.779000,5299.109166666669,40.0
2023-10-22 20:12:35.172,7791,99,3,40,False,0,car,0 days 00:01:38.192000,0 days 02:11:32.939000,5303.5091666666685,40.0
2023-10-22 20:12:35.452,8087,103,3,48,False,0,car,0 days 00:01:38.472000,0 days 02:11:33.219000,5311.5202777777795,40.0
2023-10-22 20:12:35.652,9069,113,3,58,False,0,car,0 days 00:01:38.672000,0 days 02:11:33.419000,5317.798055555558,40.0
2023-10-22 20:12:35.852,9989,119,3,59,False,0,car,0 days 00:01:38.872000,0 days 02:11:33.619000,5324.409166666669,40.0
2023-10-22 20:12:36.092,10475,124,3,63,False,0,car,0 days 00:01:39.112000,0 days 02:11:33.859000,5332.6758333333355,40.0
2023-10-22 20:12:36.292,10805,132,3,73,False,0,car,0 days 00:01:39.312000,0 days 02:11:34.059000,5340.0091666666685,40.0
2023-10-22 20:12:36.652,11249,148,3,82,False,0,car,0 days 00:01:39.672000,0 days 02:11:34.419000,5354.809166666669,40.0
2023-10-22 20:12:36.932,11576,163,3,100,False,0,car,0 days 00:01:39.952000,0 days 02:11:34.699000,5367.486944444447,40.0
2023-10-22 20:12:37.252,11742,172,4,100,False,0,car,0 days 00:01:40.272000,0 days 02:11:35.019000,5382.775833333336,40.0
2023-10-22 20:12:37.412,11622,179,4,100,False,0,car,0 days 00:01:40.432000,0 days 02:11:35.179000,5390.731388888891,40.0
2023-10-22 20:12:37.651,11062,186,4,100,False,0,car,0 days 00:01:40.671000,0 days 02:11:35.418000,5403.0797222222245,40.0
2023-10-22 20:12:37.812,10723,194,5,100,False,0,car,0 days 00:01:40.832000,0 days 02:11:35.579000,5411.7558333333345,40.0
2023-10-22 20:12:38.092,11258,200,5,100,False,0,car,0 days 00:01:41.112000,0 days 02:11:35.859000,5427.31138888889,40.0
2023-10-22 20:12:38.532,10493,218,5,100,False,0,car,0 days 00:00:00.176000,0 days 02:11:36.299000,10.657777777777778,41.0
2023-10-22 20:12:38.972,10789,228,6,100,False,0,car,0 days 00:00:00.616000,0 days 02:11:36.739000,38.52444444444444,41.0
2023-10-22 20:12:39.372,11213,237,6,100,False,0,car,0 days 00:00:01.016000,0 days 02:11:37.139000,64.85777777777777,41.0
2023-10-22 20:12:39.572,11405,241,6,100,False,0,car,0 days 00:00:01.216000,0 days 02:11:37.339000,78.24666666666666,41.0
2023-10-22 20:12:39.772,11472,244,6,100,False,0,car,0 days 00:00:01.416000,0 days 02:11:37.539000,91.80222222222221,41.0
2023-10-22 20:12:40.172,10453,251,7,100,False,0,car,0 days 00:00:01.816000,0 days 02:11:37.939000,119.69111111111111,41.0
2023-10-22 20:12:40.412,10507,252,7,100,False,0,car,0 days 00:00:02.056000,0 days 02:11:38.179000,136.4911111111111,41.0
2023-10-22 20:12:40.652,10692,257,7,100,False,0,car,0 days 00:00:02.296000,0 days 02:11:38.419000,153.62444444444444,41.0
2023-10-22 20:12:41.012,10900,262,7,100,False,0,car,0 days 00:00:02.656000,0 days 02:11:38.779000,179.82444444444445,41.0
2023-10-22 20:12:41.372,11165,266,7,100,False,0,car,0 days 00:00:03.016000,0 days 02:11:39.139000,206.42444444444445,41.0
2023-10-22 20:12:41.612,11202,268,7,100,False,0,car,0 days 00:00:03.256000,0 days 02:11:39.379000,224.2911111111111,41.0
2023-10-22 20:12:41.812,11240,270,7,100,False,0,car,0 days 00:00:03.456000,0 days 02:11:39.579000,239.2911111111111,41.0
2023-10-22 20:12:42.012,11321,272,7,100,False,0,car,0 days 00:00:03.656000,0 days 02:11:39.779000,254.4022222222222,41.0
2023-10-22 20:12:42.252,11449,274,7,100,False,0,car,0 days 00:00:03.896000,0 days 02:11:40.019000,272.6688888888889,41.0
2023-10-22 20:12:42.492,11505,276,7,100,False,0,car,0 days 00:00:04.136000,0 days 02:11:40.259000,291.0688888888889,41.0
2023-10-22 20:12:42.772,11509,278,7,100,False,0,car,0 days 00:00:04.416000,0 days 02:11:40.539000,312.6911111111112,41.0
2023-10-22 20:12:43.012,10179,279,7,100,False,0,car,0 days 00:00:04.656000,0 days 02:11:40.779000,331.29111111111115,41.0
2023-10-22 20:12:43.252,10291,280,8,100,False,0,car,0 days 00:00:04.896000,0 days 02:11:41.019000,349.95777777777784,41.0
2023-10-22 20:12:43.532,10307,280,8,100,False,0,car,0 days 00:00:05.176000,0 days 02:11:41.299000,371.7355555555556,41.0
2023-10-22 20:12:43.772,10323,282,8,100,False,0,car,0 days 00:00:05.416000,0 days 02:11:41.539000,390.5355555555556,41.0
2023-10-22 20:12:44.172,10457,283,8,100,False,0,car,0 days 00:00:05.816000,0 days 02:11:41.939000,421.98,41.0
2023-10-22 20:12:44.372,10318,282,8,100,False,0,car,0 days 00:00:06.016000,0 days 02:11:42.139000,437.6466666666667,41.0
2023-10-22 20:12:44.572,10301,281,8,100,False,0,car,0 days 00:00:06.216000,0 days 02:11:42.339000,453.25777777777785,41.0
2023-10-22 20:12:44.772,10293,279,8,99,False,0,car,0 days 00:00:06.416000,0 days 02:11:42.539000,468.75777777777785,41.0
2023-10-22 20:12:45.012,9883,277,8,0,False,0,car,0 days 00:00:06.656000,0 days 02:11:42.779000,487.2244444444445,41.0
2023-10-22 20:12:45.212,9883,270,8,0,False,0,car,0 days 00:00:06.856000,0 days 02:11:42.979000,502.2244444444445,41.0
2023-10-22 20:12:45.572,9263,255,8,0,True,0,car,0 days 00:00:07.216000,0 days 02:11:43.339000,527.7244444444445,41.0
2023-10-22 20:12:45.812,8680,232,8,0,True,0,car,0 days 00:00:07.456000,0 days 02:11:43.579000,543.1911111111112,41.0
2023-10-22 20:12:46.132,8467,186,8,0,True,0,car,0 days 00:00:07.776000,0 days 02:11:43.899000,559.7244444444445,41.0
2023-10-22 20:12:46.292,8002,186,8,0,True,0,car,0 days 00:00:07.936000,0 days 02:11:44.059000,567.9911111111112,41.0
2023-10-22 20:12:46.532,7930,148,7,0,True,0,car,0 days 00:00:08.176000,0 days 02:11:44.299000,577.8577777777779,41.0
2023-10-22 20:12:46.732,7967,132,5,0,True,0,car,0 days 00:00:08.376000,0 days 02:11:44.499000,585.1911111111111,41.0
2023-10-22 20:12:46.972,8601,122,5,0,True,0,car,0 days 00:00:08.616000,0 days 02:11:44.739000,593.3244444444445,41.0
2023-10-22 20:12:47.412,7360,106,3,0,True,0,car,0 days 00:00:09.056000,0 days 02:11:45.179000,606.28,41.0
2023-10-22 20:12:47.772,7038,99,3,0,True,0,car,0 days 00:00:09.416000,0 days 02:11:45.539000,616.1800000000001,41.0
2023-10-22 20:12:48.092,6190,92,3,0,True,0,car,0 days 00:00:09.736000,0 days 02:11:45.859000,624.3577777777779,41.0
2023-10-22 20:12:48.292,6119,89,3,0,False,0,car,0 days 00:00:09.936000,0 days 02:11:46.059000,629.3022222222223,41.0
2023-10-22 20:12:48.572,5913,82,3,0,False,0,car,0 days 00:00:10.216000,0 days 02:11:46.339000,635.6800000000001,41.0
2023-10-22 20:12:48.892,5596,80,3,0,False,0,car,0 days 00:00:10.536000,0 days 02:11:46.659000,642.7911111111111,41.0
2023-10-22 20:12:49.052,5542,77,3,0,False,0,car,0 days 00:00:10.696000,0 days 02:11:46.819000,646.2133333333334,41.0
2023-10-22 20:12:49.292,5908,76,3,19,False,0,car,0 days 00:00:10.936000,0 days 02:11:47.059000,651.2800000000001,41.0
2023-10-22 20:12:49.732,6322,82,3,32,False,0,car,0 days 00:00:11.376000,0 days 02:11:47.499000,661.3022222222223,41.0
2023-10-22 20:12:49.972,6427,85,3,34,False,0,car,0 days 00:00:11.616000,0 days 02:11:47.739000,666.968888888889,41.0
2023-10-22 20:12:50.252,7478,95,3,44,False,0,car,0 days 00:00:11.896000,0 days 02:11:48.019000,674.3577777777779,41.0
2023-10-22 20:12:50.412,7716,97,3,46,False,0,car,0 days 00:00:12.056000,0 days 02:11:48.179000,678.6688888888889,41.0
2023-10-22 20:12:50.612,8201,104,3,51,False,0,car,0 days 00:00:12.256000,0 days 02:11:48.379000,684.4466666666667,41.0
2023-10-22 20:12:50.853,8711,110,3,58,False,0,car,0 days 00:00:12.497000,0 days 02:11:48.620000,691.8105555555555,41.0
2023-10-22 20:12:51.013,9460,118,3,65,False,0,car,0 days 00:00:12.657000,0 days 02:11:48.780000,697.055,41.0
2023-10-22 20:12:51.172,9582,122,3,65,False,0,car,0 days 00:00:12.816000,0 days 02:11:48.939000,702.4433333333333,41.0
2023-10-22 20:12:51.412,11005,135,3,77,False,0,car,0 days 00:00:13.056000,0 days 02:11:49.179000,711.4433333333332,41.0
2023-10-22 20:12:51.652,11819,150,3,86,False,0,car,0 days 00:00:13.296000,0 days 02:11:49.419000,721.4433333333332,41.0
2023-10-22 20:12:51.812,10839,153,3,99,False,0,car,0 days 00:00:13.456000,0 days 02:11:49.579000,728.2433333333331,41.0
2023-10-22 20:12:52.012,10946,165,4,99,False,0,car,0 days 00:00:13.656000,0 days 02:11:49.779000,737.4099999999999,41.0
2023-10-22 20:12:52.332,10751,182,4,99,False,0,car,0 days 00:00:13.976000,0 days 02:11:50.099000,753.5877777777777,41.0
2023-10-22 20:12:52.732,10849,199,5,99,False,0,car,0 days 00:00:14.376000,0 days 02:11:50.499000,775.6988888888887,41.0
2023-10-22 20:12:52.932,11168,206,5,99,False,0,car,0 days 00:00:14.576000,0 days 02:11:50.699000,787.1433333333332,41.0
2023-10-22 20:12:53.332,11081,217,5,99,False,0,car,0 days 00:00:14.976000,0 days 02:11:51.099000,811.2544444444443,41.0
2023-10-22 20:12:53.492,10481,221,6,100,False,0,car,0 days 00:00:15.136000,0 days 02:11:51.259000,821.0766666666664,41.0
2023-10-22 20:12:53.652,11064,225,6,100,False,0,car,0 days 00:00:15.296000,0 days 02:11:51.419000,831.0766666666664,41.0
2023-10-22 20:12:53.972,10968,231,6,100,False,0,car,0 days 00:00:15.616000,0 days 02:11:51.739000,851.6099999999997,41.0
2023-10-22 20:12:54.212,11346,235,6,99,False,0,car,0 days 00:00:15.856000,0 days 02:11:51.979000,867.2766666666663,41.0
2023-10-22 20:12:54.532,11481,240,6,99,False,0,car,0 days 00:00:16.176000,0 days 02:11:52.299000,888.6099999999996,41.0
2023-10-22 20:12:54.972,11727,247,6,100,False,0,car,0 days 00:00:16.616000,0 days 02:11:52.739000,918.7988888888885,41.0
2023-10-22 20:12:55.212,10471,249,6,100,False,0,car,0 days 00:00:16.856000,0 days 02:11:52.979000,935.3988888888887,41.0
2023-10-22 20:12:55.412,10546,252,7,100,False,0,car,0 days 00:00:17.056000,0 days 02:11:53.179000,949.3988888888887,41.0
2023-10-22 20:12:55.692,10668,255,7,99,False,0,car,0 days 00:00:17.336000,0 days 02:11:53.459000,969.2322222222218,41.0
2023-10-22 20:12:55.932,10753,260,7,100,False,0,car,0 days 00:00:17.576000,0 days 02:11:53.699000,986.5655555555553,41.0
2023-10-22 20:12:56.172,10875,261,7,99,False,0,car,0 days 00:00:17.816000,0 days 02:11:53.939000,1003.9655555555552,41.0
2023-10-22 20:12:56.452,10967,264,7,100,False,0,car,0 days 00:00:18.096000,0 days 02:11:54.219000,1024.4988888888886,41.0
2023-10-22 20:12:56.732,11091,267,7,100,False,0,car,0 days 00:00:18.376000,0 days 02:11:54.499000,1045.2655555555552,41.0
2023-10-22 20:12:56.932,11209,269,7,100,False,0,car,0 days 00:00:18.576000,0 days 02:11:54.699000,1060.2099999999996,41.0
2023-10-22 20:12:57.292,11254,272,7,100,False,0,car,0 days 00:00:18.936000,0 days 02:11:55.059000,1087.4099999999996,41.0
2023-10-22 20:12:57.533,11275,272,7,100,False,0,car,0 days 00:00:19.177000,0 days 02:11:55.300000,1105.6188888888885,41.0
2023-10-22 20:12:57.733,11332,272,7,100,False,0,car,0 days 00:00:19.377000,0 days 02:11:55.500000,1120.7299999999996,41.0
2023-10-22 20:12:58.052,11320,271,7,99,False,0,car,0 days 00:00:19.696000,0 days 02:11:55.819000,1144.7436111111108,41.0
2023-10-22 20:12:58.212,11491,271,7,99,False,0,car,0 days 00:00:19.856000,0 days 02:11:55.979000,1156.7880555555553,41.0
2023-10-22 20:12:58.532,11251,272,7,100,False,0,car,0 days 00:00:20.176000,0 days 02:11:56.299000,1180.9658333333327,41.0
2023-10-22 20:12:58.772,11507,271,7,100,False,0,car,0 days 00:00:20.416000,0 days 02:11:56.539000,1199.0324999999996,41.0
2023-10-22 20:12:58.932,10946,269,7,37,False,0,car,0 days 00:00:20.576000,0 days 02:11:56.699000,1210.988055555555,41.0
2023-10-22 20:12:59.212,10615,264,7,17,False,0,car,0 days 00:00:20.856000,0 days 02:11:56.979000,1231.5213888888884,41.0
2023-10-22 20:12:59.412,10702,256,7,36,False,0,car,0 days 00:00:21.056000,0 days 02:11:57.179000,1245.7436111111106,41.0
2023-10-22 20:12:59.772,10465,251,7,67,False,0,car,0 days 00:00:21.416000,0 days 02:11:57.539000,1270.8436111111105,41.0
2023-10-22 20:13:00.172,10050,249,7,0,True,0,car,0 days 00:00:21.816000,0 days 02:11:57.939000,1298.510277777777,41.0
2023-10-22 20:13:00.612,11085,236,6,29,False,0,car,0 days 00:00:22.256000,0 days 02:11:58.379000,1327.3547222222214,41.0
2023-10-22 20:13:00.812,10827,231,6,44,False,0,car,0 days 00:00:22.456000,0 days 02:11:58.579000,1340.1880555555547,41.0
2023-10-22 20:13:00.972,10845,227,6,53,False,0,car,0 days 00:00:22.616000,0 days 02:11:58.739000,1350.2769444444436,41.0
2023-10-22 20:13:01.132,10940,229,6,88,False,0,car,0 days 00:00:22.776000,0 days 02:11:58.899000,1360.4547222222213,41.0
2023-10-22 20:13:01.332,10953,232,6,93,False,0,car,0 days 00:00:22.976000,0 days 02:11:59.099000,1373.3436111111102,41.0
2023-10-22 20:13:01.532,11094,233,6,99,False,0,car,0 days 00:00:23.176000,0 days 02:11:59.299000,1386.2880555555546,41.0
2023-10-22 20:13:01.692,11000,237,6,50,False,0,car,0 days 00:00:23.336000,0 days 02:11:59.459000,1396.821388888888,41.0
2023-10-22 20:13:01.852,11031,235,6,41,False,0,car,0 days 00:00:23.496000,0 days 02:11:59.619000,1407.2658333333322,41.0
2023-10-22 20:13:02.132,10760,231,6,38,False,0,car,0 days 00:00:23.776000,0 days 02:11:59.899000,1425.232499999999,41.0
2023-10-22 20:13:02.292,10864,230,6,40,False,0,car,0 days 00:00:23.936000,0 days 02:12:00.059000,1435.454722222221,41.0
2023-10-22 20:13:02.652,10598,226,6,53,False,0,car,0 days 00:00:24.296000,0 days 02:12:00.419000,1458.054722222221,41.0
2023-10-22 20:13:02.932,10597,221,6,11,False,0,car,0 days 00:00:24.576000,0 days 02:12:00.699000,1475.2436111111099,41.0
2023-10-22 20:13:03.092,10263,219,6,29,False,0,car,0 days 00:00:24.736000,0 days 02:12:00.859000,1484.9769444444432,41.0
2023-10-22 20:13:03.332,10144,213,6,46,False,0,car,0 days 00:00:24.976000,0 days 02:12:01.099000,1499.176944444443,41.0
2023-10-22 20:13:03.492,10161,214,6,53,False,0,car,0 days 00:00:25.136000,0 days 02:12:01.259000,1508.6880555555542,41.0
2023-10-22 20:13:03.772,10028,213,6,50,False,0,car,0 days 00:00:25.416000,0 days 02:12:01.539000,1525.254722222221,41.0
2023-10-22 20:13:04.053,9924,211,6,50,False,0,car,0 days 00:00:25.697000,0 days 02:12:01.820000,1541.7244444444432,41.0
2023-10-22 20:13:04.213,10045,210,6,53,False,0,car,0 days 00:00:25.857000,0 days 02:12:01.980000,1551.0577777777764,41.0
2023-10-22 20:13:04.413,10066,209,6,65,False,0,car,0 days 00:00:26.057000,0 days 02:12:02.180000,1562.6688888888875,41.0
2023-10-22 20:13:04.652,10267,213,6,74,False,0,car,0 days 00:00:26.296000,0 days 02:12:02.419000,1576.809722222221,41.0
2023-10-22 20:13:04.892,10413,213,6,93,False,0,car,0 days 00:00:26.536000,0 days 02:12:02.659000,1591.009722222221,41.0
2023-10-22 20:13:05.252,10364,219,6,99,False,0,car,0 days 00:00:26.896000,0 days 02:12:03.019000,1612.9097222222208,41.0
2023-10-22 20:13:05.572,9920,218,6,4,True,0,car,0 days 00:00:27.216000,0 days 02:12:03.339000,1632.2874999999985,41.0
2023-10-22 20:13:05.772,11012,214,6,0,True,0,car,0 days 00:00:27.416000,0 days 02:12:03.539000,1644.1763888888875,41.0
2023-10-22 20:13:06.052,10498,199,5,2,True,0,car,0 days 00:00:27.696000,0 days 02:12:03.819000,1659.6541666666653,41.0
2023-10-22 20:13:06.332,10158,190,5,0,False,0,car,0 days 00:00:27.976000,0 days 02:12:04.099000,1674.431944444443,41.0
2023-10-22 20:13:06.532,9901,186,5,10,False,0,car,0 days 00:00:28.176000,0 days 02:12:04.299000,1684.7652777777762,41.0
2023-10-22 20:13:06.852,9968,182,5,50,False,0,car,0 days 00:00:28.496000,0 days 02:12:04.619000,1700.9430555555539,41.0
2023-10-22 20:13:07.292,10302,187,5,68,False,0,car,0 days 00:00:28.936000,0 days 02:12:05.059000,1723.7986111111095,41.0
2023-10-22 20:13:07.532,10592,191,5,79,False,0,car,0 days 00:00:29.176000,0 days 02:12:05.299000,1736.5319444444428,41.0
2023-10-22 20:13:07.812,10811,195,5,78,False,0,car,0 days 00:00:29.456000,0 days 02:12:05.579000,1751.6986111111096,41.0
2023-10-22 20:13:08.012,10511,201,5,74,False,0,car,0 days 00:00:29.656000,0 days 02:12:05.779000,1762.865277777776,41.0
2023-10-22 20:13:08.292,11055,196,5,0,True,0,car,0 days 00:00:29.936000,0 days 02:12:06.059000,1778.1097222222206,41.0
2023-10-22 20:13:08.532,10512,175,4,0,True,0,car,0 days 00:00:30.176000,0 days 02:12:06.299000,1789.7763888888871,41.0
2023-10-22 20:13:08.772,10043,166,4,0,True,0,car,0 days 00:00:30.416000,0 days 02:12:06.539000,1800.843055555554,41.0
2023-10-22 20:13:08.972,9680,160,4,0,True,0,car,0 days 00:00:30.616000,0 days 02:12:06.739000,1809.731944444443,41.0
2023-10-22 20:13:09.212,9234,154,4,0,True,0,car,0 days 00:00:30.856000,0 days 02:12:06.979000,1819.9986111111095,41.0
2023-10-22 20:13:09.532,8991,149,4,10,False,0,car,0 days 00:00:31.176000,0 days 02:12:07.299000,1833.2430555555538,41.0
2023-10-22 20:13:09.852,8521,141,4,21,False,0,car,0 days 00:00:31.496000,0 days 02:12:07.619000,1845.7763888888871,41.0
2023-10-22 20:13:10.012,8447,141,4,0,False,0,car,0 days 00:00:31.656000,0 days 02:12:07.779000,1852.0430555555538,41.0
2023-10-22 20:13:10.452,8659,136,4,32,False,0,car,0 days 00:00:32.096000,0 days 02:12:08.219000,1868.6652777777758,41.0
2023-10-22 20:13:10.693,8579,135,4,35,False,0,car,0 days 00:00:32.337000,0 days 02:12:08.460000,1877.7027777777762,41.0
2023-10-22 20:13:10.933,8782,135,4,36,False,0,car,0 days 00:00:32.577000,0 days 02:12:08.700000,1886.702777777776,41.0
2023-10-22 20:13:11.173,8805,139,4,54,False,0,car,0 days 00:00:32.817000,0 days 02:12:08.940000,1895.9694444444426,41.0
2023-10-22 20:13:11.492,9178,149,4,70,False,0,car,0 days 00:00:33.136000,0 days 02:12:09.259000,1909.1724999999983,41.0
2023-10-22 20:13:11.692,9922,155,4,69,False,0,car,0 days 00:00:33.336000,0 days 02:12:09.459000,1917.7836111111092,41.0
2023-10-22 20:13:12.052,10038,160,4,48,False,0,car,0 days 00:00:33.696000,0 days 02:12:09.819000,1933.7836111111092,41.0
2023-10-22 20:13:12.292,10229,160,4,44,False,0,car,0 days 00:00:33.936000,0 days 02:12:10.059000,1944.450277777776,41.0
2023-10-22 20:13:12.452,10380,160,4,53,False,0,car,0 days 00:00:34.096000,0 days 02:12:10.219000,1951.5613888888868,41.0
2023-10-22 20:13:12.652,10553,166,4,64,False,0,car,0 days 00:00:34.296000,0 days 02:12:10.419000,1960.7836111111092,41.0
2023-10-22 20:13:12.892,11018,171,4,75,False,0,car,0 days 00:00:34.536000,0 days 02:12:10.659000,1972.1836111111093,41.0
2023-10-22 20:13:13.052,11245,177,4,74,False,0,car,0 days 00:00:34.696000,0 days 02:12:10.819000,1980.0502777777758,41.0
2023-10-22 20:13:13.212,10545,177,4,78,False,0,car,0 days 00:00:34.856000,0 days 02:12:10.979000,1987.9169444444426,41.0
2023-10-22 20:13:13.452,10347,184,5,78,False,0,car,0 days 00:00:35.096000,0 days 02:12:11.219000,2000.183611111109,41.0
2023-10-22 20:13:13.732,10347,195,5,99,False,0,car,0 days 00:00:35.376000,0 days 02:12:11.499000,2015.3502777777758,41.0
2023-10-22 20:13:14.012,11034,199,5,100,False,0,car,0 days 00:00:35.656000,0 days 02:12:11.779000,2030.8280555555536,41.0
2023-10-22 20:13:14.252,11542,211,5,100,False,0,car,0 days 00:00:35.896000,0 days 02:12:12.019000,2044.8947222222205,41.0
2023-10-22 20:13:14.612,10511,220,5,100,False,0,car,0 days 00:00:36.256000,0 days 02:12:12.379000,2066.8947222222205,41.0
2023-10-22 20:13:14.932,10881,230,6,100,False,0,car,0 days 00:00:36.576000,0 days 02:12:12.699000,2087.339166666665,41.0
2023-10-22 20:13:15.252,11231,237,6,100,False,0,car,0 days 00:00:36.896000,0 days 02:12:13.019000,2108.4058333333314,41.0
2023-10-22 20:13:15.412,11374,240,6,100,False,0,car,0 days 00:00:37.056000,0 days 02:12:13.179000,2119.072499999998,41.0
2023-10-22 20:13:15.732,10688,246,6,100,False,0,car,0 days 00:00:37.376000,0 days 02:12:13.499000,2140.9391666666647,41.0
2023-10-22 20:13:16.092,10475,249,7,99,False,0,car,0 days 00:00:37.736000,0 days 02:12:13.859000,2165.839166666665,41.0
2023-10-22 20:13:16.252,10525,253,7,99,False,0,car,0 days 00:00:37.896000,0 days 02:12:14.019000,2177.0836111111093,41.0
2023-10-22 20:13:16.452,10701,256,7,99,False,0,car,0 days 00:00:38.096000,0 days 02:12:14.219000,2191.305833333331,41.0
2023-10-22 20:13:16.612,10796,258,7,99,False,0,car,0 days 00:00:38.256000,0 days 02:12:14.379000,2202.772499999998,41.0
2023-10-22 20:13:16.852,10922,263,7,99,False,0,car,0 days 00:00:38.496000,0 days 02:12:14.619000,2220.3058333333315,41.0
2023-10-22 20:13:17.133,11074,267,7,99,False,0,car,0 days 00:00:38.777000,0 days 02:12:14.900000,2241.1466666666647,41.0
2023-10-22 20:13:17.413,11217,269,7,99,False,0,car,0 days 00:00:39.057000,0 days 02:12:15.180000,2262.068888888887,41.0
2023-10-22 20:13:17.773,11372,274,7,99,False,0,car,0 days 00:00:39.417000,0 days 02:12:15.540000,2289.4688888888872,41.0
2023-10-22 20:13:17.932,10392,275,7,99,False,0,car,0 days 00:00:39.576000,0 days 02:12:15.699000,2301.6147222222203,41.0
2023-10-22 20:13:18.092,10256,277,8,99,False,0,car,0 days 00:00:39.736000,0 days 02:12:15.859000,2313.925833333331,41.0
2023-10-22 20:13:18.292,10295,279,8,100,False,0,car,0 days 00:00:39.936000,0 days 02:12:16.059000,2329.425833333331,41.0
2023-10-22 20:13:18.532,10380,282,8,100,False,0,car,0 days 00:00:40.176000,0 days 02:12:16.299000,2348.225833333331,41.0
2023-10-22 20:13:18.772,10410,282,8,100,False,0,car,0 days 00:00:40.416000,0 days 02:12:16.539000,2367.025833333331,41.0
2023-10-22 20:13:19.132,10233,275,8,0,False,0,car,0 days 00:00:40.776000,0 days 02:12:16.899000,2394.5258333333313,41.0
2023-10-22 20:13:19.292,10233,271,8,0,True,0,car,0 days 00:00:40.936000,0 days 02:12:17.059000,2406.5702777777756,41.0
2023-10-22 20:13:19.572,9125,239,8,0,True,0,car,0 days 00:00:41.216000,0 days 02:12:17.339000,2425.1591666666645,41.0
2023-10-22 20:13:20.012,9061,202,7,0,True,0,car,0 days 00:00:41.656000,0 days 02:12:17.779000,2449.8480555555534,41.0
2023-10-22 20:13:20.212,8781,168,7,0,True,0,car,0 days 00:00:41.856000,0 days 02:12:17.979000,2459.181388888887,41.0
2023-10-22 20:13:20.372,8061,167,6,0,True,0,car,0 days 00:00:42.016000,0 days 02:12:18.139000,2466.603611111109,41.0
2023-10-22 20:13:20.532,8505,141,5,0,True,0,car,0 days 00:00:42.176000,0 days 02:12:18.299000,2472.8702777777758,41.0
2023-10-22 20:13:20.732,9071,135,5,0,True,0,car,0 days 00:00:42.376000,0 days 02:12:18.499000,2480.3702777777758,41.0
2023-10-22 20:13:21.052,7613,116,3,0,True,0,car,0 days 00:00:42.696000,0 days 02:12:18.819000,2490.681388888887,41.0
2023-10-22 20:13:21.332,6849,97,3,0,True,0,car,0 days 00:00:42.976000,0 days 02:12:19.099000,2498.225833333331,41.0
2023-10-22 20:13:21.532,6571,92,3,0,True,0,car,0 days 00:00:43.176000,0 days 02:12:19.299000,2503.3369444444425,41.0
2023-10-22 20:13:21.892,5888,88,3,0,True,0,car,0 days 00:00:43.536000,0 days 02:12:19.659000,2512.1369444444426,41.0
2023-10-22 20:13:22.052,5483,80,3,0,True,0,car,0 days 00:00:43.696000,0 days 02:12:19.819000,2515.6924999999983,41.0
2023-10-22 20:13:22.292,5483,76,3,0,True,0,car,0 days 00:00:43.936000,0 days 02:12:20.059000,2520.759166666665,41.0
2023-10-22 20:13:22.452,5073,72,3,0,True,0,car,0 days 00:00:44.096000,0 days 02:12:20.219000,2523.9591666666647,41.0
2023-10-22 20:13:22.692,4895,69,3,0,False,0,car,0 days 00:00:44.336000,0 days 02:12:20.459000,2528.5591666666646,41.0
2023-10-22 20:13:22.892,4867,68,3,0,False,0,car,0 days 00:00:44.536000,0 days 02:12:20.659000,2532.3369444444425,41.0
2023-10-22 20:13:23.092,4828,64,3,0,False,0,car,0 days 00:00:44.736000,0 days 02:12:20.859000,2535.892499999998,41.0
2023-10-22 20:13:23.292,4856,64,3,8,False,0,car,0 days 00:00:44.936000,0 days 02:12:21.059000,2539.4480555555538,41.0
2023-10-22 20:13:23.572,5207,67,3,15,False,0,car,0 days 00:00:45.216000,0 days 02:12:21.339000,2544.659166666665,41.0
2023-10-22 20:13:23.813,5359,70,3,20,False,0,car,0 days 00:00:45.457000,0 days 02:12:21.580000,2549.345277777776,41.0
2023-10-22 20:13:24.013,5515,72,3,24,False,0,car,0 days 00:00:45.657000,0 days 02:12:21.780000,2553.345277777776,41.0
2023-10-22 20:13:24.293,6092,77,3,34,False,0,car,0 days 00:00:45.937000,0 days 02:12:22.060000,2559.334166666665,41.0
2023-10-22 20:13:24.533,6428,84,3,34,False,0,car,0 days 00:00:46.177000,0 days 02:12:22.300000,2564.934166666665,41.0
2023-10-22 20:13:24.852,7212,91,3,40,False,0,car,0 days 00:00:46.496000,0 days 02:12:22.619000,2572.9977777777763,41.0
2023-10-22 20:13:25.052,7715,93,3,43,False,0,car,0 days 00:00:46.696000,0 days 02:12:22.819000,2578.164444444443,41.0
2023-10-22 20:13:25.332,8150,105,3,48,False,0,car,0 days 00:00:46.976000,0 days 02:12:23.099000,2586.3311111111093,41.0
2023-10-22 20:13:25.532,8722,112,3,57,False,0,car,0 days 00:00:47.176000,0 days 02:12:23.299000,2592.5533333333315,41.0
2023-10-22 20:13:25.852,9331,126,3,64,False,0,car,0 days 00:00:47.496000,0 days 02:12:23.619000,2603.7533333333313,41.0
2023-10-22 20:13:26.172,10947,142,3,91,False,0,car,0 days 00:00:47.816000,0 days 02:12:23.939000,2616.3755555555535,41.0
2023-10-22 20:13:26.452,10659,157,3,100,False,0,car,0 days 00:00:48.096000,0 days 02:12:24.219000,2628.5866666666643,41.0
2023-10-22 20:13:26.772,11035,171,4,100,False,0,car,0 days 00:00:48.416000,0 days 02:12:24.539000,2643.786666666664,41.0
2023-10-22 20:13:27.132,11432,184,4,100,False,0,car,0 days 00:00:48.776000,0 days 02:12:24.899000,2662.1866666666647,41.0
2023-10-22 20:13:27.452,10854,196,5,100,False,0,car,0 days 00:00:49.096000,0 days 02:12:25.219000,2679.6088888888867,41.0
2023-10-22 20:13:27.652,11097,206,5,100,False,0,car,0 days 00:00:49.296000,0 days 02:12:25.419000,2691.0533333333315,41.0
2023-10-22 20:13:27.972,11755,215,5,100,False,0,car,0 days 00:00:49.616000,0 days 02:12:25.739000,2710.164444444443,41.0
2023-10-22 20:13:28.252,10565,224,5,100,False,0,car,0 days 00:00:49.896000,0 days 02:12:26.019000,2727.586666666665,41.0
2023-10-22 20:13:28.612,11080,227,6,100,False,0,car,0 days 00:00:50.256000,0 days 02:12:26.379000,2750.286666666665,41.0
2023-10-22 20:13:28.852,11272,238,6,100,False,0,car,0 days 00:00:50.496000,0 days 02:12:26.619000,2766.153333333332,41.0
2023-10-22 20:13:29.252,10838,247,6,100,False,0,car,0 days 00:00:50.896000,0 days 02:12:27.019000,2793.597777777776,41.0
2023-10-22 20:13:29.412,10415,248,6,100,False,0,car,0 days 00:00:51.056000,0 days 02:12:27.179000,2804.619999999998,41.0
2023-10-22 20:13:29.572,10465,252,7,100,False,0,car,0 days 00:00:51.216000,0 days 02:12:27.339000,2815.8199999999983,41.0
2023-10-22 20:13:29.812,10625,253,7,100,False,0,car,0 days 00:00:51.456000,0 days 02:12:27.579000,2832.686666666665,41.0
2023-10-22 20:13:30.052,10797,260,7,100,False,0,car,0 days 00:00:51.696000,0 days 02:12:27.819000,2850.019999999998,41.0
2023-10-22 20:13:30.333,10945,264,7,100,False,0,car,0 days 00:00:51.977000,0 days 02:12:28.100000,2870.6266666666647,41.0
2023-10-22 20:13:30.613,11147,267,7,100,False,0,car,0 days 00:00:52.257000,0 days 02:12:28.380000,2891.3933333333316,41.0
2023-10-22 20:13:30.813,11281,269,7,100,False,0,car,0 days 00:00:52.457000,0 days 02:12:28.580000,2906.3377777777764,41.0
2023-10-22 20:13:30.973,11277,271,7,100,False,0,car,0 days 00:00:52.617000,0 days 02:12:28.740000,2918.3822222222207,41.0
2023-10-22 20:13:31.213,11463,274,7,100,False,0,car,0 days 00:00:52.857000,0 days 02:12:28.980000,2936.6488888888875,41.0
2023-10-22 20:13:31.452,11490,277,7,100,False,0,car,0 days 00:00:53.096000,0 days 02:12:29.219000,2955.0386111111097,41.0
2023-10-22 20:13:31.692,11430,277,7,100,False,0,car,0 days 00:00:53.336000,0 days 02:12:29.459000,2973.5052777777764,41.0
2023-10-22 20:13:32.172,10420,282,8,100,False,0,car,0 days 00:00:53.816000,0 days 02:12:29.939000,3011.105277777777,41.0
2023-10-22 20:13:32.372,10467,284,8,100,False,0,car,0 days 00:00:54.016000,0 days 02:12:30.139000,3026.883055555554,41.0
2023-10-22 20:13:32.572,10541,286,8,100,False,0,car,0 days 00:00:54.216000,0 days 02:12:30.339000,3042.7719444444433,41.0
2023-10-22 20:13:32.852,10636,288,8,100,False,0,car,0 days 00:00:54.496000,0 days 02:12:30.619000,3065.1719444444434,41.0
2023-10-22 20:13:33.132,10721,291,8,100,False,0,car,0 days 00:00:54.776000,0 days 02:12:30.899000,3087.8052777777766,41.0
2023-10-22 20:13:33.532,10813,293,8,100,False,0,car,0 days 00:00:55.176000,0 days 02:12:31.299000,3120.3608333333323,41.0
2023-10-22 20:13:33.892,10880,295,8,100,False,0,car,0 days 00:00:55.536000,0 days 02:12:31.659000,3149.8608333333323,41.0
2023-10-22 20:13:34.052,10913,297,8,100,False,0,car,0 days 00:00:55.696000,0 days 02:12:31.819000,3163.060833333332,41.0
2023-10-22 20:13:34.372,10965,298,8,100,False,0,car,0 days 00:00:56.016000,0 days 02:12:32.139000,3189.549722222221,41.0
2023-10-22 20:13:34.692,11013,299,8,100,False,0,car,0 days 00:00:56.336000,0 days 02:12:32.459000,3216.127499999999,41.0
2023-10-22 20:13:34.892,11013,300,8,100,False,0,car,0 days 00:00:56.536000,0 days 02:12:32.659000,3232.794166666666,41.0
2023-10-22 20:13:35.092,11066,301,8,99,False,0,car,0 days 00:00:56.736000,0 days 02:12:32.859000,3249.516388888888,41.0
2023-10-22 20:13:35.372,11084,301,8,100,False,0,car,0 days 00:00:57.016000,0 days 02:12:33.139000,3272.927499999999,41.0
2023-10-22 20:13:35.532,11084,301,8,100,False,0,car,0 days 00:00:57.176000,0 days 02:12:33.299000,3286.305277777777,41.0
2023-10-22 20:13:35.892,11104,302,8,100,False,0,car,0 days 00:00:57.536000,0 days 02:12:33.659000,3316.505277777777,41.0
2023-10-22 20:13:36.052,11167,302,8,100,False,0,car,0 days 00:00:57.696000,0 days 02:12:33.819000,3329.927499999999,41.0
2023-10-22 20:13:36.492,11159,303,8,100,False,0,car,0 days 00:00:58.136000,0 days 02:12:34.259000,3366.9608333333326,41.0
2023-10-22 20:13:36.692,11174,304,8,100,False,0,car,0 days 00:00:58.336000,0 days 02:12:34.459000,3383.8497222222213,41.0
2023-10-22 20:13:37.093,11195,303,8,100,False,0,car,0 days 00:00:58.737000,0 days 02:12:34.860000,3417.600555555555,41.0
2023-10-22 20:13:37.253,11156,304,8,100,False,0,car,0 days 00:00:58.897000,0 days 02:12:35.020000,3431.1116666666658,41.0
2023-10-22 20:13:37.653,11172,303,8,100,False,0,car,0 days 00:00:59.297000,0 days 02:12:35.420000,3464.7783333333323,41.0
2023-10-22 20:13:38.132,11191,304,8,100,False,0,car,0 days 00:00:59.776000,0 days 02:12:35.899000,3505.227222222222,41.0
2023-10-22 20:13:38.452,11180,304,8,100,False,0,car,0 days 00:01:00.096000,0 days 02:12:36.219000,3532.2494444444433,41.0
2023-10-22 20:13:38.612,11095,304,8,44,False,0,car,0 days 00:01:00.256000,0 days 02:12:36.379000,3545.7605555555547,41.0
2023-10-22 20:13:38.812,10601,301,8,0,False,0,car,0 days 00:01:00.456000,0 days 02:12:36.579000,3562.4827777777773,41.0
2023-10-22 20:13:39.012,10538,295,8,0,False,0,car,0 days 00:01:00.656000,0 days 02:12:36.779000,3578.871666666666,41.0
2023-10-22 20:13:39.332,10257,290,8,0,False,0,car,0 days 00:01:00.976000,0 days 02:12:37.099000,3604.649444444444,41.0
2023-10-22 20:13:39.652,9249,255,8,0,True,0,car,0 days 00:01:01.296000,0 days 02:12:37.419000,3627.3161111111103,41.0
2023-10-22 20:13:39.852,9155,231,8,0,True,0,car,0 days 00:01:01.496000,0 days 02:12:37.619000,3640.149444444444,41.0
2023-10-22 20:13:40.132,9083,209,8,0,True,0,car,0 days 00:01:01.776000,0 days 02:12:37.899000,3656.4049999999993,41.0
2023-10-22 20:13:40.292,8778,188,8,0,True,0,car,0 days 00:01:01.936000,0 days 02:12:38.059000,3664.7605555555547,41.0
2023-10-22 20:13:40.532,9101,159,7,0,True,0,car,0 days 00:01:02.176000,0 days 02:12:38.299000,3675.3605555555546,41.0
2023-10-22 20:13:40.772,9678,143,5,0,True,0,car,0 days 00:01:02.416000,0 days 02:12:38.539000,3684.893888888888,41.0
2023-10-22 20:13:40.932,9347,131,5,0,True,0,car,0 days 00:01:02.576000,0 days 02:12:38.699000,3690.7161111111104,41.0
2023-10-22 20:13:41.252,8178,115,3,0,True,0,car,0 days 00:01:02.896000,0 days 02:12:39.019000,3700.9383333333326,41.0
2023-10-22 20:13:41.452,7670,110,3,0,True,0,car,0 days 00:01:03.096000,0 days 02:12:39.219000,3707.0494444444435,41.0
2023-10-22 20:13:41.652,7396,101,3,0,True,0,car,0 days 00:01:03.296000,0 days 02:12:39.419000,3712.6605555555548,41.0
2023-10-22 20:13:41.932,6690,95,3,0,True,0,car,0 days 00:01:03.576000,0 days 02:12:39.699000,3720.049444444444,41.0
2023-10-22 20:13:42.252,6054,87,3,0,True,0,car,0 days 00:01:03.896000,0 days 02:12:40.019000,3727.782777777777,41.0
2023-10-22 20:13:42.572,5782,86,3,0,False,0,car,0 days 00:01:04.216000,0 days 02:12:40.339000,3735.427222222221,41.0
2023-10-22 20:13:42.852,5883,79,3,6,False,0,car,0 days 00:01:04.496000,0 days 02:12:40.619000,3741.571666666666,41.0
2023-10-22 20:13:43.212,6372,82,3,34,False,0,car,0 days 00:01:04.856000,0 days 02:12:40.979000,3749.7716666666656,41.0
2023-10-22 20:13:43.372,6632,86,3,39,False,0,car,0 days 00:01:05.016000,0 days 02:12:41.139000,3753.593888888888,41.0
2023-10-22 20:13:43.613,7186,92,3,47,False,0,car,0 days 00:01:05.257000,0 days 02:12:41.380000,3759.752777777777,41.0
2023-10-22 20:13:43.853,7869,102,3,54,False,0,car,0 days 00:01:05.497000,0 days 02:12:41.620000,3766.5527777777766,41.0
2023-10-22 20:13:44.852,11599,151,3,99,False,0,car,0 days 00:01:06.496000,0 days 02:12:42.619000,3808.4552777777762,41.0
2023-10-22 20:13:45.132,10737,165,3,100,False,0,car,0 days 00:01:06.776000,0 days 02:12:42.899000,3821.2886111111097,41.0
2023-10-22 20:13:45.332,10767,174,4,100,False,0,car,0 days 00:01:06.976000,0 days 02:12:43.099000,3830.9552777777767,41.0
2023-10-22 20:13:45.692,10715,186,4,100,False,0,car,0 days 00:01:07.336000,0 days 02:12:43.459000,3849.5552777777766,41.0
2023-10-22 20:13:45.852,10518,193,4,100,False,0,car,0 days 00:01:07.496000,0 days 02:12:43.619000,3858.133055555554,41.0
2023-10-22 20:13:46.092,11175,196,5,0,False,0,car,0 days 00:01:07.736000,0 days 02:12:43.859000,3871.199722222221,41.0
2023-10-22 20:13:46.292,10243,191,5,0,True,0,car,0 days 00:01:07.936000,0 days 02:12:44.059000,3881.8108333333325,41.0
2023-10-22 20:13:46.532,10292,172,5,0,True,0,car,0 days 00:01:08.176000,0 days 02:12:44.299000,3893.277499999999,41.0
2023-10-22 20:13:46.852,10701,153,4,0,True,0,car,0 days 00:01:08.496000,0 days 02:12:44.619000,3906.8774999999987,41.0
2023-10-22 20:13:47.132,9753,135,3,0,True,0,car,0 days 00:01:08.776000,0 days 02:12:44.899000,3917.3774999999987,41.0
2023-10-22 20:13:47.372,8880,127,3,0,True,0,car,0 days 00:01:09.016000,0 days 02:12:45.139000,3925.844166666666,41.0
2023-10-22 20:13:47.612,8341,119,3,0,True,0,car,0 days 00:01:09.256000,0 days 02:12:45.379000,3933.777499999999,41.0
2023-10-22 20:13:47.772,8119,115,3,0,True,0,car,0 days 00:01:09.416000,0 days 02:12:45.539000,3938.8886111111096,41.0
2023-10-22 20:13:48.132,7476,107,3,0,True,0,car,0 days 00:01:09.776000,0 days 02:12:45.899000,3949.5886111111095,41.0
2023-10-22 20:13:48.412,7177,103,3,0,False,0,car,0 days 00:01:10.056000,0 days 02:12:46.179000,3957.5997222222204,41.0
2023-10-22 20:13:48.572,7052,99,3,0,False,0,car,0 days 00:01:10.216000,0 days 02:12:46.339000,3961.9997222222205,41.0
2023-10-22 20:13:48.772,6791,98,3,0,False,0,car,0 days 00:01:10.416000,0 days 02:12:46.539000,3967.444166666665,41.0
2023-10-22 20:13:49.012,6851,95,3,8,False,0,car,0 days 00:01:10.656000,0 days 02:12:46.779000,3973.7774999999983,41.0
2023-10-22 20:13:49.492,7196,95,3,32,False,0,car,0 days 00:01:11.136000,0 days 02:12:47.259000,3986.444166666665,41.0
2023-10-22 20:13:49.732,7533,100,3,37,False,0,car,0 days 00:01:11.376000,0 days 02:12:47.499000,3993.110833333332,41.0
2023-10-22 20:13:49.972,7850,102,3,41,False,0,car,0 days 00:01:11.616000,0 days 02:12:47.739000,3999.9108333333315,41.0
2023-10-22 20:13:50.253,8254,107,3,43,False,0,car,0 days 00:01:11.897000,0 days 02:12:48.020000,4008.262777777776,41.0
2023-10-22 20:13:50.693,8951,119,3,56,False,0,car,0 days 00:01:12.337000,0 days 02:12:48.460000,4022.8072222222204,41.0
2023-10-22 20:13:50.933,9538,129,3,57,False,0,car,0 days 00:01:12.577000,0 days 02:12:48.700000,4031.4072222222203,41.0
2023-10-22 20:13:51.253,10736,141,3,75,False,0,car,0 days 00:01:12.897000,0 days 02:12:49.020000,4043.940555555554,41.0
2023-10-22 20:13:51.493,11329,149,3,92,False,0,car,0 days 00:01:13.137000,0 days 02:12:49.260000,4053.873888888887,41.0
2023-10-22 20:13:51.652,11759,153,3,99,False,0,car,0 days 00:01:13.296000,0 days 02:12:49.419000,4060.631388888887,41.0
2023-10-22 20:13:51.972,10466,167,4,100,False,0,car,0 days 00:01:13.616000,0 days 02:12:49.739000,4075.475833333331,41.0
2023-10-22 20:13:52.292,11203,176,4,99,False,0,car,0 days 00:01:13.936000,0 days 02:12:50.059000,4091.1202777777758,41.0
2023-10-22 20:13:52.652,10162,188,4,99,False,0,car,0 days 00:01:14.296000,0 days 02:12:50.419000,4109.9202777777755,41.0
2023-10-22 20:13:52.812,10475,190,5,60,False,0,car,0 days 00:01:14.456000,0 days 02:12:50.579000,4118.36472222222,41.0
2023-10-22 20:13:53.092,9698,183,5,0,True,0,car,0 days 00:01:14.736000,0 days 02:12:50.859000,4132.598055555553,41.0
2023-10-22 20:13:53.452,10163,163,5,0,True,0,car,0 days 00:01:15.096000,0 days 02:12:51.219000,4148.898055555554,41.0
2023-10-22 20:13:53.732,9182,148,4,0,True,0,car,0 days 00:01:15.376000,0 days 02:12:51.499000,4160.4091666666645,41.0
2023-10-22 20:13:53.972,9287,141,4,0,True,0,car,0 days 00:01:15.616000,0 days 02:12:51.739000,4169.809166666664,41.0
2023-10-22 20:13:54.132,9705,133,3,0,True,0,car,0 days 00:01:15.776000,0 days 02:12:51.899000,4175.720277777775,41.0
2023-10-22 20:13:54.372,9189,127,3,0,True,0,car,0 days 00:01:16.016000,0 days 02:12:52.139000,4184.186944444442,41.0
2023-10-22 20:13:54.652,8162,116,3,0,True,0,car,0 days 00:01:16.296000,0 days 02:12:52.419000,4193.209166666664,41.0
2023-10-22 20:13:54.852,7835,113,3,0,True,0,car,0 days 00:01:16.496000,0 days 02:12:52.619000,4199.486944444441,41.0
2023-10-22 20:13:55.172,7332,103,3,0,True,0,car,0 days 00:01:16.816000,0 days 02:12:52.939000,4208.642499999997,41.0
2023-10-22 20:13:55.492,6774,96,3,0,False,0,car,0 days 00:01:17.136000,0 days 02:12:53.259000,4217.17583333333,41.0
2023-10-22 20:13:55.652,6478,93,3,0,True,0,car,0 days 00:01:17.296000,0 days 02:12:53.419000,4221.309166666663,41.0
2023-10-22 20:13:55.812,6277,91,3,0,True,0,car,0 days 00:01:17.456000,0 days 02:12:53.579000,4225.353611111108,41.0
2023-10-22 20:13:56.092,6105,85,3,0,True,0,car,0 days 00:01:17.736000,0 days 02:12:53.859000,4231.964722222219,41.0
2023-10-22 20:13:56.292,5806,83,3,0,False,0,car,0 days 00:01:17.936000,0 days 02:12:54.059000,4236.575833333331,41.0
2023-10-22 20:13:56.693,5718,79,3,4,False,0,car,0 days 00:01:18.337000,0 days 02:12:54.460000,4245.375555555553,41.0
2023-10-22 20:13:57.093,5991,79,3,27,False,0,car,0 days 00:01:18.737000,0 days 02:12:54.860000,4254.15333333333,41.0
2023-10-22 20:13:57.413,6427,83,3,38,False,0,car,0 days 00:01:19.057000,0 days 02:12:55.180000,4261.531111111108,41.0
2023-10-22 20:13:57.653,7006,90,3,41,False,0,car,0 days 00:01:19.297000,0 days 02:12:55.420000,4267.531111111108,41.0
2023-10-22 20:13:58.053,7739,102,3,51,False,0,car,0 days 00:01:19.697000,0 days 02:12:55.820000,4278.864444444442,41.0
2023-10-22 20:13:58.253,8329,109,3,63,False,0,car,0 days 00:01:19.897000,0 days 02:12:56.020000,4284.919999999997,41.0
2023-10-22 20:13:58.452,9036,118,3,68,False,0,car,0 days 00:01:20.096000,0 days 02:12:56.219000,4291.442777777775,41.0
2023-10-22 20:13:58.812,10294,134,3,85,False,0,car,0 days 00:01:20.456000,0 days 02:12:56.579000,4304.842777777774,41.0
2023-10-22 20:13:59.092,11499,144,3,100,False,0,car,0 days 00:01:20.736000,0 days 02:12:56.859000,4316.042777777774,41.0
2023-10-22 20:13:59.332,10133,158,3,100,False,0,car,0 days 00:01:20.976000,0 days 02:12:57.099000,4326.576111111107,41.0
2023-10-22 20:13:59.532,10781,172,4,100,False,0,car,0 days 00:01:21.176000,0 days 02:12:57.299000,4336.131666666663,41.0
2023-10-22 20:13:59.732,10875,180,4,99,False,0,car,0 days 00:01:21.376000,0 days 02:12:57.499000,4346.131666666663,41.0
2023-10-22 20:14:00.012,11463,187,4,99,False,0,car,0 days 00:01:21.656000,0 days 02:12:57.779000,4360.676111111107,41.0
2023-10-22 20:14:00.332,10883,201,5,100,False,0,car,0 days 00:01:21.976000,0 days 02:12:58.099000,4378.542777777773,41.0
2023-10-22 20:14:00.572,11272,207,5,100,False,0,car,0 days 00:01:22.216000,0 days 02:12:58.339000,4392.342777777772,41.0
2023-10-22 20:14:00.812,11615,212,5,100,False,0,car,0 days 00:01:22.456000,0 days 02:12:58.579000,4406.476111111107,41.0
2023-10-22 20:14:01.212,10653,218,6,99,False,0,car,0 days 00:01:22.856000,0 days 02:12:58.979000,4430.698333333328,41.0
2023-10-22 20:14:01.372,10653,224,6,99,False,0,car,0 days 00:01:23.016000,0 days 02:12:59.139000,4440.6538888888845,41.0
2023-10-22 20:14:01.612,10781,226,6,100,False,0,car,0 days 00:01:23.256000,0 days 02:12:59.379000,4455.720555555551,41.0
2023-10-22 20:14:01.812,11045,230,6,100,False,0,car,0 days 00:01:23.456000,0 days 02:12:59.579000,4468.498333333329,41.0
2023-10-22 20:14:02.172,11194,233,6,100,False,0,car,0 days 00:01:23.816000,0 days 02:12:59.939000,4491.7983333333295,41.0
2023-10-22 20:14:02.612,11290,236,6,100,False,0,car,0 days 00:01:24.256000,0 days 02:13:00.379000,4520.6427777777735,41.0
2023-10-22 20:14:02.812,11328,238,6,100,False,0,car,0 days 00:01:24.456000,0 days 02:13:00.579000,4533.864999999996,41.0
2023-10-22 20:14:03.173,11345,240,6,100,False,0,car,0 days 00:01:24.817000,0 days 02:13:00.940000,4557.931666666662,41.0
2023-10-22 20:14:03.413,11409,240,6,100,False,0,car,0 days 00:01:25.057000,0 days 02:13:01.180000,4573.931666666663,41.0
2023-10-22 20:14:03.573,11491,241,6,100,False,0,car,0 days 00:01:25.217000,0 days 02:13:01.340000,4584.6427777777735,41.0
2023-10-22 20:14:03.813,11550,241,6,100,False,0,car,0 days 00:01:25.457000,0 days 02:13:01.580000,4600.70944444444,41.0
2023-10-22 20:14:04.093,11552,243,6,100,False,0,car,0 days 00:01:25.737000,0 days 02:13:01.860000,4619.60944444444,41.0
2023-10-22 20:14:04.253,11309,243,6,100,False,0,car,0 days 00:01:25.897000,0 days 02:13:02.020000,4630.409444444441,41.0
2023-10-22 20:14:04.613,10234,245,7,100,False,0,car,0 days 00:01:26.257000,0 days 02:13:02.380000,4654.909444444441,41.0
2023-10-22 20:14:04.773,10347,247,7,100,False,0,car,0 days 00:01:26.417000,0 days 02:13:02.540000,4665.887222222218,41.0
2023-10-22 20:14:05.012,10379,248,7,100,False,0,car,0 days 00:01:26.656000,0 days 02:13:02.779000,4682.351666666663,41.0
2023-10-22 20:14:05.292,10443,251,7,100,False,0,car,0 days 00:01:26.936000,0 days 02:13:03.059000,4701.873888888885,41.0
2023-10-22 20:14:05.452,10471,252,7,100,False,0,car,0 days 00:01:27.096000,0 days 02:13:03.219000,4713.0738888888845,41.0
2023-10-22 20:14:05.732,10596,253,7,100,False,0,car,0 days 00:01:27.376000,0 days 02:13:03.499000,4732.7516666666625,41.0
2023-10-22 20:14:05.932,10616,255,7,99,False,0,car,0 days 00:01:27.576000,0 days 02:13:03.699000,4746.9183333333285,41.0
2023-10-22 20:14:06.212,10707,257,7,100,False,0,car,0 days 00:01:27.856000,0 days 02:13:03.979000,4766.907222222218,41.0
2023-10-22 20:14:06.492,10737,259,7,100,False,0,car,0 days 00:01:28.136000,0 days 02:13:04.259000,4787.051666666662,41.0
2023-10-22 20:14:06.652,10783,260,7,100,False,0,car,0 days 00:01:28.296000,0 days 02:13:04.419000,4798.607222222218,41.0
2023-10-22 20:14:06.932,10889,261,7,99,False,0,car,0 days 00:01:28.576000,0 days 02:13:04.699000,4818.907222222218,41.0
2023-10-22 20:14:07.132,10929,262,7,99,False,0,car,0 days 00:01:28.776000,0 days 02:13:04.899000,4833.462777777773,41.0
2023-10-22 20:14:07.372,10977,264,7,99,False,0,car,0 days 00:01:29.016000,0 days 02:13:05.139000,4851.062777777774,41.0
2023-10-22 20:14:07.612,10403,266,7,19,False,0,car,0 days 00:01:29.256000,0 days 02:13:05.379000,4868.796111111106,41.0
2023-10-22 20:14:07.932,10512,256,7,0,True,0,car,0 days 00:01:29.576000,0 days 02:13:05.699000,4891.551666666662,41.0
2023-10-22 20:14:08.132,9938,245,7,0,True,0,car,0 days 00:01:29.776000,0 days 02:13:05.899000,4905.162777777773,41.0
2023-10-22 20:14:08.412,10407,233,7,0,True,0,car,0 days 00:01:30.056000,0 days 02:13:06.179000,4923.284999999995,41.0
2023-10-22 20:14:08.772,9988,212,6,0,True,0,car,0 days 00:01:30.416000,0 days 02:13:06.539000,4944.484999999995,41.0
2023-10-22 20:14:08.932,10268,212,6,0,True,0,car,0 days 00:01:30.576000,0 days 02:13:06.699000,4953.907222222218,41.0
2023-10-22 20:14:09.252,10327,194,5,0,True,0,car,0 days 00:01:30.896000,0 days 02:13:07.019000,4971.151666666662,41.0
2023-10-22 20:14:09.572,10025,189,5,0,False,0,car,0 days 00:01:31.216000,0 days 02:13:07.339000,4987.951666666661,41.0
2023-10-22 20:14:09.732,9885,183,5,0,False,0,car,0 days 00:01:31.376000,0 days 02:13:07.499000,4996.0849999999955,41.0
2023-10-22 20:14:09.973,9242,177,5,0,True,0,car,0 days 00:01:31.617000,0 days 02:13:07.740000,5007.934166666662,41.0
2023-10-22 20:14:10.253,8774,166,5,0,True,0,car,0 days 00:01:31.897000,0 days 02:13:08.020000,5020.845277777774,41.0
2023-10-22 20:14:10.413,8914,166,5,0,False,0,car,0 days 00:01:32.057000,0 days 02:13:08.180000,5028.223055555552,41.0
2023-10-22 20:14:10.613,8801,163,5,54,False,0,car,0 days 00:01:32.257000,0 days 02:13:08.380000,5037.278611111107,41.0
2023-10-22 20:14:10.813,9404,166,5,89,False,0,car,0 days 00:01:32.457000,0 days 02:13:08.580000,5046.500833333329,41.0
2023-10-22 20:14:10.973,9570,173,5,95,False,0,car,0 days 00:01:32.617000,0 days 02:13:08.740000,5054.189722222219,41.0
2023-10-22 20:14:11.333,10159,189,5,100,False,0,car,0 days 00:01:32.977000,0 days 02:13:09.100000,5073.089722222218,41.0
2023-10-22 20:14:11.573,10689,194,5,100,False,0,car,0 days 00:01:33.217000,0 days 02:13:09.340000,5086.023055555552,41.0
2023-10-22 20:14:11.852,11261,206,5,100,False,0,car,0 days 00:01:33.496000,0 days 02:13:09.619000,5101.988055555552,41.0
2023-10-22 20:14:12.332,10549,217,5,100,False,0,car,0 days 00:01:33.976000,0 days 02:13:10.099000,5130.921388888885,41.0
2023-10-22 20:14:12.612,10539,221,6,100,False,0,car,0 days 00:01:34.256000,0 days 02:13:10.379000,5148.110277777774,41.0
2023-10-22 20:14:12.812,10692,224,6,99,False,0,car,0 days 00:01:34.456000,0 days 02:13:10.579000,5160.5547222222185,41.0
2023-10-22 20:14:13.172,10957,231,6,100,False,0,car,0 days 00:01:34.816000,0 days 02:13:10.939000,5183.654722222219,41.0
2023-10-22 20:14:13.332,10427,231,6,0,True,0,car,0 days 00:01:34.976000,0 days 02:13:11.099000,5193.921388888885,41.0
2023-10-22 20:14:13.612,9570,217,6,0,True,0,car,0 days 00:01:35.256000,0 days 02:13:11.379000,5210.799166666663,41.0
2023-10-22 20:14:13.972,9773,162,5,0,True,0,car,0 days 00:01:35.616000,0 days 02:13:11.739000,5226.999166666663,41.0
2023-10-22 20:14:14.212,9940,156,5,0,True,0,car,0 days 00:01:35.856000,0 days 02:13:11.979000,5237.3991666666625,41.0
2023-10-22 20:14:14.372,9334,133,4,0,True,0,car,0 days 00:01:36.016000,0 days 02:13:12.139000,5243.310277777774,41.0
2023-10-22 20:14:14.772,8014,115,3,0,True,0,car,0 days 00:01:36.416000,0 days 02:13:12.539000,5256.088055555551,41.0
2023-10-22 20:14:14.932,7534,107,3,0,True,0,car,0 days 00:01:36.576000,0 days 02:13:12.699000,5260.843611111107,41.0
2023-10-22 20:14:15.092,7290,104,3,0,True,0,car,0 days 00:01:36.736000,0 days 02:13:12.859000,5265.465833333329,41.0
2023-10-22 20:14:15.252,6853,98,3,0,True,0,car,0 days 00:01:36.896000,0 days 02:13:13.019000,5269.821388888885,41.0
2023-10-22 20:14:15.612,6496,92,3,0,False,0,car,0 days 00:01:37.256000,0 days 02:13:13.379000,5279.021388888885,41.0
2023-10-22 20:14:15.972,6546,86,3,9,False,0,car,0 days 00:01:37.616000,0 days 02:13:13.739000,5287.621388888885,41.0
2023-10-22 20:14:16.172,6593,86,3,19,False,0,car,0 days 00:01:37.816000,0 days 02:13:13.939000,5292.399166666663,41.0
2023-10-22 20:14:16.333,6761,87,3,28,False,0,car,0 days 00:01:37.977000,0 days 02:13:14.100000,5296.289999999996,41.0
2023-10-22 20:14:16.493,6777,90,3,34,False,0,car,0 days 00:01:38.137000,0 days 02:13:14.260000,5300.289999999996,41.0
2023-10-22 20:14:16.693,7053,93,3,38,False,0,car,0 days 00:01:38.337000,0 days 02:13:14.460000,5305.456666666663,41.0
2023-10-22 20:14:16.973,7585,98,3,41,False,0,car,0 days 00:01:38.617000,0 days 02:13:14.740000,5313.078888888886,41.0
2023-10-22 20:14:17.173,7766,105,3,51,False,0,car,0 days 00:01:38.817000,0 days 02:13:14.940000,5318.912222222219,41.0
2023-10-22 20:14:17.453,8989,115,3,59,False,0,car,0 days 00:01:39.097000,0 days 02:13:15.220000,5327.856666666663,41.0
2023-10-22 20:14:17.653,9436,118,3,62,False,0,car,0 days 00:01:39.297000,0 days 02:13:15.420000,5334.412222222219,41.0
2023-10-22 20:14:17.973,10372,131,3,76,False,0,car,0 days 00:01:39.617000,0 days 02:13:15.740000,5346.056666666664,41.0
2023-10-22 20:14:18.173,10926,145,3,95,False,0,car,0 days 00:01:39.817000,0 days 02:13:15.940000,5354.112222222218,41.0
2023-10-22 20:14:18.413,11262,155,3,100,False,0,car,0 days 00:01:40.057000,0 days 02:13:16.180000,5364.445555555552,41.0
2023-10-22 20:14:18.572,10609,165,3,100,False,0,car,0 days 00:01:40.216000,0 days 02:13:16.339000,5371.733055555552,41.0
2023-10-22 20:14:18.852,11492,177,4,100,False,0,car,0 days 00:01:40.496000,0 days 02:13:16.619000,5385.499722222218,41.0
2023-10-22 20:14:19.292,10499,192,5,100,False,0,car,0 days 00:01:40.936000,0 days 02:13:17.059000,5408.966388888885,41.0
2023-10-22 20:14:19.652,10977,204,5,100,False,0,car,0 days 00:01:41.296000,0 days 02:13:17.419000,5429.366388888885,41.0
2023-10-22 20:14:19.892,11412,210,5,100,False,0,car,0 days 00:01:41.536000,0 days 02:13:17.659000,5443.366388888885,41.0
2023-10-22 20:14:20.052,10327,216,5,100,False,0,car,0 days 00:00:00.059000,0 days 02:13:17.819000,3.54,42.0
2023-10-22 20:14:20.212,10503,218,5,100,False,0,car,0 days 00:00:00.219000,0 days 02:13:17.979000,13.22888888888889,42.0
2023-10-22 20:14:20.572,10818,228,6,100,False,0,car,0 days 00:00:00.579000,0 days 02:13:18.339000,36.028888888888886,42.0
2023-10-22 20:14:20.732,10978,232,6,100,False,0,car,0 days 00:00:00.739000,0 days 02:13:18.499000,46.34,42.0
2023-10-22 20:14:21.172,11354,240,6,100,False,0,car,0 days 00:00:01.179000,0 days 02:13:18.939000,75.67333333333335,42.0
2023-10-22 20:14:21.332,11536,243,6,100,False,0,car,0 days 00:00:01.339000,0 days 02:13:19.099000,86.47333333333334,42.0
2023-10-22 20:14:21.572,11729,246,6,100,False,0,car,0 days 00:00:01.579000,0 days 02:13:19.339000,102.87333333333333,42.0
2023-10-22 20:14:21.892,10470,251,7,100,False,0,car,0 days 00:00:01.899000,0 days 02:13:19.659000,125.18444444444445,42.0
2023-10-22 20:14:22.052,10556,254,7,100,False,0,car,0 days 00:00:02.059000,0 days 02:13:19.819000,136.47333333333336,42.0
2023-10-22 20:14:22.372,10685,257,7,100,False,0,car,0 days 00:00:02.379000,0 days 02:13:20.139000,159.3177777777778,42.0
2023-10-22 20:14:22.812,10992,263,7,100,False,0,car,0 days 00:00:02.819000,0 days 02:13:20.579000,191.46222222222224,42.0
2023-10-22 20:14:23.213,11168,267,7,100,False,0,car,0 days 00:00:03.220000,0 days 02:13:20.980000,221.20305555555558,42.0
2023-10-22 20:14:23.413,11196,270,7,100,False,0,car,0 days 00:00:03.420000,0 days 02:13:21.180000,236.20305555555555,42.0
2023-10-22 20:14:23.613,11268,271,7,100,False,0,car,0 days 00:00:03.620000,0 days 02:13:21.380000,251.25861111111112,42.0
2023-10-22 20:14:23.853,11431,273,7,100,False,0,car,0 days 00:00:03.860000,0 days 02:13:21.620000,269.4586111111111,42.0
2023-10-22 20:14:24.053,11414,275,7,100,False,0,car,0 days 00:00:04.060000,0 days 02:13:21.820000,284.7363888888889,42.0
2023-10-22 20:14:24.253,11469,276,7,100,False,0,car,0 days 00:00:04.260000,0 days 02:13:22.020000,300.06972222222225,42.0
2023-10-22 20:14:24.613,11403,278,7,100,False,0,car,0 days 00:00:04.620000,0 days 02:13:22.380000,327.86972222222226,42.0
2023-10-22 20:14:24.813,10186,279,7,100,False,0,car,0 days 00:00:04.820000,0 days 02:13:22.580000,343.36972222222226,42.0
2023-10-22 20:14:25.252,10390,282,8,100,False,0,car,0 days 00:00:05.259000,0 days 02:13:23.019000,377.7580555555556,42.0
2023-10-22 20:14:25.612,10395,282,8,100,False,0,car,0 days 00:00:05.619000,0 days 02:13:23.379000,405.9580555555555,42.0
2023-10-22 20:14:25.972,10294,280,8,100,False,0,car,0 days 00:00:05.979000,0 days 02:13:23.739000,433.9580555555555,42.0
2023-10-22 20:14:26.172,10284,280,8,99,False,0,car,0 days 00:00:06.179000,0 days 02:13:23.939000,449.51361111111106,42.0
2023-10-22 20:14:26.452,10233,278,8,87,False,0,car,0 days 00:00:06.459000,0 days 02:13:24.219000,471.1358333333332,42.0
2023-10-22 20:14:26.692,9947,271,8,0,False,0,car,0 days 00:00:06.699000,0 days 02:13:24.459000,489.2024999999999,42.0
2023-10-22 20:14:27.052,9369,258,8,0,False,0,car,0 days 00:00:07.059000,0 days 02:13:24.819000,515.0024999999999,42.0
2023-10-22 20:14:27.492,8831,234,8,0,True,0,car,0 days 00:00:07.499000,0 days 02:13:25.259000,543.6025,42.0
2023-10-22 20:14:27.692,8712,222,8,0,True,0,car,0 days 00:00:07.699000,0 days 02:13:25.459000,555.9358333333333,42.0
2023-10-22 20:14:27.852,8453,200,7,0,True,0,car,0 days 00:00:07.859000,0 days 02:13:25.619000,564.8247222222222,42.0
2023-10-22 20:14:28.292,8309,145,7,0,True,0,car,0 days 00:00:08.299000,0 days 02:13:26.059000,582.5469444444444,42.0
2023-10-22 20:14:28.452,7796,131,7,0,True,0,car,0 days 00:00:08.459000,0 days 02:13:26.219000,588.3691666666666,42.0
2023-10-22 20:14:28.732,8407,120,6,0,True,0,car,0 days 00:00:08.739000,0 days 02:13:26.499000,597.7025,42.0
2023-10-22 20:14:29.132,7400,104,3,0,True,0,car,0 days 00:00:09.139000,0 days 02:13:26.899000,609.2580555555555,42.0
2023-10-22 20:14:29.292,7206,102,3,0,True,0,car,0 days 00:00:09.299000,0 days 02:13:27.059000,613.7913888888888,42.0
2023-10-22 20:14:29.452,6884,97,3,0,True,0,car,0 days 00:00:09.459000,0 days 02:13:27.219000,618.1025,42.0
2023-10-22 20:14:29.693,6471,92,3,0,True,0,car,0 days 00:00:09.700000,0 days 02:13:27.460000,624.2613888888889,42.0
2023-10-22 20:14:29.853,6123,88,3,0,True,0,car,0 days 00:00:09.860000,0 days 02:13:27.620000,628.1725,42.0
2023-10-22 20:14:30.133,6019,85,3,0,False,0,car,0 days 00:00:10.140000,0 days 02:13:27.900000,634.7836111111111,42.0
2023-10-22 20:14:30.373,5682,78,3,0,False,0,car,0 days 00:00:10.380000,0 days 02:13:28.140000,639.9836111111111,42.0
2023-10-22 20:14:30.733,5632,75,3,3,False,0,car,0 days 00:00:10.740000,0 days 02:13:28.500000,647.4836111111111,42.0
2023-10-22 20:14:31.173,6382,77,3,27,False,0,car,0 days 00:00:11.180000,0 days 02:13:28.940000,656.8947222222223,42.0
2023-10-22 20:14:31.333,6382,80,3,31,False,0,car,0 days 00:00:11.340000,0 days 02:13:29.100000,660.4502777777778,42.0
2023-10-22 20:14:31.493,6480,83,3,30,False,0,car,0 days 00:00:11.500000,0 days 02:13:29.260000,664.1391666666667,42.0
2023-10-22 20:14:31.733,6860,90,3,40,False,0,car,0 days 00:00:11.740000,0 days 02:13:29.500000,670.1391666666667,42.0
2023-10-22 20:14:32.012,7280,96,3,47,False,0,car,0 days 00:00:12.019000,0 days 02:13:29.779000,677.5791666666667,42.0
2023-10-22 20:14:32.172,7747,102,3,47,False,0,car,0 days 00:00:12.179000,0 days 02:13:29.939000,682.1125,42.0
2023-10-22 20:14:32.572,9033,116,3,56,False,0,car,0 days 00:00:12.579000,0 days 02:13:30.339000,695.0013888888889,42.0
2023-10-22 20:14:32.972,10631,131,3,62,False,0,car,0 days 00:00:12.979000,0 days 02:13:30.739000,709.5569444444444,42.0
2023-10-22 20:14:33.252,10812,140,3,63,False,0,car,0 days 00:00:13.259000,0 days 02:13:31.019000,720.4458333333333,42.0
2023-10-22 20:14:33.612,10580,155,3,99,False,0,car,0 days 00:00:13.619000,0 days 02:13:31.379000,735.9458333333333,42.0
2023-10-22 20:14:33.972,11052,175,4,99,False,0,car,0 days 00:00:13.979000,0 days 02:13:31.739000,753.4458333333333,42.0
2023-10-22 20:14:34.212,11427,184,4,100,False,0,car,0 days 00:00:14.219000,0 days 02:13:31.979000,765.7125,42.0
2023-10-22 20:14:34.412,10566,189,5,99,False,0,car,0 days 00:00:14.419000,0 days 02:13:32.179000,776.2125000000001,42.0
2023-10-22 20:14:34.812,11268,207,5,100,False,0,car,0 days 00:00:14.819000,0 days 02:13:32.579000,799.2125000000001,42.0
2023-10-22 20:14:35.132,10304,220,5,99,False,0,car,0 days 00:00:15.139000,0 days 02:13:32.899000,818.7680555555555,42.0
2023-10-22 20:14:35.372,11144,220,6,99,False,0,car,0 days 00:00:15.379000,0 days 02:13:33.139000,833.4347222222221,42.0
2023-10-22 20:14:35.612,11214,228,6,99,False,0,car,0 days 00:00:15.619000,0 days 02:13:33.379000,848.6347222222222,42.0
2023-10-22 20:14:36.012,11228,234,6,100,False,0,car,0 days 00:00:16.019000,0 days 02:13:33.779000,874.6347222222221,42.0
2023-10-22 20:14:36.213,11520,234,6,100,False,0,car,0 days 00:00:16.220000,0 days 02:13:33.980000,887.6997222222221,42.0
2023-10-22 20:14:36.493,11643,246,6,99,False,0,car,0 days 00:00:16.500000,0 days 02:13:34.260000,906.8330555555556,42.0
2023-10-22 20:14:36.893,10493,251,7,99,False,0,car,0 days 00:00:16.900000,0 days 02:13:34.660000,934.7219444444444,42.0
2023-10-22 20:14:37.053,10558,254,7,100,False,0,car,0 days 00:00:17.060000,0 days 02:13:34.820000,946.0108333333333,42.0
2023-10-22 20:14:37.293,10674,256,7,100,False,0,car,0 days 00:00:17.300000,0 days 02:13:35.060000,963.0775000000001,42.0
2023-10-22 20:14:37.733,10931,263,7,100,False,0,car,0 days 00:00:17.740000,0 days 02:13:35.500000,995.2219444444444,42.0
2023-10-22 20:14:38.013,11036,265,7,100,False,0,car,0 days 00:00:18.020000,0 days 02:13:35.780000,1015.8330555555556,42.0
2023-10-22 20:14:38.253,11129,268,7,100,False,0,car,0 days 00:00:18.260000,0 days 02:13:36.020000,1033.6997222222224,42.0
2023-10-22 20:14:38.493,11195,270,7,100,False,0,car,0 days 00:00:18.500000,0 days 02:13:36.260000,1051.6997222222221,42.0
2023-10-22 20:14:38.852,11295,273,7,100,False,0,car,0 days 00:00:18.859000,0 days 02:13:36.619000,1078.923888888889,42.0
2023-10-22 20:14:39.092,11331,273,7,99,False,0,car,0 days 00:00:19.099000,0 days 02:13:36.859000,1097.1238888888888,42.0
2023-10-22 20:14:39.372,11316,273,7,99,False,0,car,0 days 00:00:19.379000,0 days 02:13:37.139000,1118.3572222222222,42.0
2023-10-22 20:14:39.612,11347,273,7,99,False,0,car,0 days 00:00:19.619000,0 days 02:13:37.379000,1136.557222222222,42.0
2023-10-22 20:14:39.852,11707,273,7,99,False,0,car,0 days 00:00:19.859000,0 days 02:13:37.619000,1154.757222222222,42.0
2023-10-22 20:14:40.172,11297,271,7,100,False,0,car,0 days 00:00:20.179000,0 days 02:13:37.939000,1178.8461111111108,42.0
2023-10-22 20:14:40.612,11386,275,7,74,False,0,car,0 days 00:00:20.619000,0 days 02:13:38.379000,1212.457222222222,42.0
2023-10-22 20:14:40.812,10976,271,7,52,False,0,car,0 days 00:00:20.819000,0 days 02:13:38.579000,1227.5127777777775,42.0
2023-10-22 20:14:41.172,10919,265,7,48,False,0,car,0 days 00:00:21.179000,0 days 02:13:38.939000,1254.0127777777775,42.0
2023-10-22 20:14:41.452,10907,261,7,70,False,0,car,0 days 00:00:21.459000,0 days 02:13:39.219000,1274.3127777777777,42.0
2023-10-22 20:14:41.612,10767,259,7,74,True,0,car,0 days 00:00:21.619000,0 days 02:13:39.379000,1285.8238888888889,42.0
2023-10-22 20:14:41.852,11089,249,7,0,True,0,car,0 days 00:00:21.859000,0 days 02:13:39.619000,1302.423888888889,42.0
2023-10-22 20:14:42.012,11252,246,6,0,False,0,car,0 days 00:00:22.019000,0 days 02:13:39.779000,1313.3572222222222,42.0
2023-10-22 20:14:42.212,11264,240,6,21,False,0,car,0 days 00:00:22.219000,0 days 02:13:39.979000,1326.6905555555556,42.0
2023-10-22 20:14:42.412,10955,233,6,42,False,0,car,0 days 00:00:22.419000,0 days 02:13:40.179000,1339.635,42.0
2023-10-22 20:14:42.572,10890,230,6,42,False,0,car,0 days 00:00:22.579000,0 days 02:13:40.339000,1349.8572222222222,42.0
2023-10-22 20:14:42.893,11197,231,6,75,False,0,car,0 days 00:00:22.900000,0 days 02:13:40.660000,1370.454722222222,42.0
2023-10-22 20:14:43.053,11090,232,6,82,False,0,car,0 days 00:00:23.060000,0 days 02:13:40.820000,1380.7658333333331,42.0
2023-10-22 20:14:43.373,11632,239,6,91,False,0,car,0 days 00:00:23.380000,0 days 02:13:41.140000,1402.0102777777777,42.0
2023-10-22 20:14:43.573,10729,235,6,32,False,0,car,0 days 00:00:23.580000,0 days 02:13:41.340000,1415.065833333333,42.0
2023-10-22 20:14:43.733,10665,232,6,22,False,0,car,0 days 00:00:23.740000,0 days 02:13:41.500000,1425.3769444444442,42.0
2023-10-22 20:14:44.013,10303,224,6,0,True,0,car,0 days 00:00:24.020000,0 days 02:13:41.780000,1442.7991666666665,42.0
2023-10-22 20:14:44.213,11143,217,6,0,True,0,car,0 days 00:00:24.220000,0 days 02:13:41.980000,1454.8547222222219,42.0
2023-10-22 20:14:44.493,10930,207,6,0,True,0,car,0 days 00:00:24.500000,0 days 02:13:42.260000,1470.954722222222,42.0
2023-10-22 20:14:44.853,10645,198,5,3,False,0,car,0 days 00:00:24.860000,0 days 02:13:42.620000,1490.754722222222,42.0
2023-10-22 20:14:45.013,10505,195,5,3,False,0,car,0 days 00:00:25.020000,0 days 02:13:42.780000,1499.4213888888887,42.0
2023-10-22 20:14:45.253,10387,189,5,39,False,0,car,0 days 00:00:25.260000,0 days 02:13:43.020000,1512.0213888888889,42.0
2023-10-22 20:14:45.452,10404,192,5,55,False,0,car,0 days 00:00:25.459000,0 days 02:13:43.219000,1522.634722222222,42.0
2023-10-22 20:14:45.892,10740,195,5,74,False,0,car,0 days 00:00:25.899000,0 days 02:13:43.659000,1546.4680555555556,42.0
2023-10-22 20:14:46.252,11130,203,5,91,False,0,car,0 days 00:00:26.259000,0 days 02:13:44.019000,1566.7680555555555,42.0
2023-10-22 20:14:46.412,11288,203,5,100,False,0,car,0 days 00:00:26.419000,0 days 02:13:44.179000,1575.7902777777776,42.0
2023-10-22 20:14:46.692,11377,208,5,100,False,0,car,0 days 00:00:26.699000,0 days 02:13:44.459000,1591.9680555555556,42.0
2023-10-22 20:14:46.852,11579,211,5,100,False,0,car,0 days 00:00:26.859000,0 days 02:13:44.619000,1601.3458333333333,42.0
2023-10-22 20:14:47.132,10236,216,6,100,False,0,car,0 days 00:00:27.139000,0 days 02:13:44.899000,1618.1458333333333,42.0
2023-10-22 20:14:47.492,9546,212,6,17,True,0,car,0 days 00:00:27.499000,0 days 02:13:45.259000,1639.3458333333333,42.0
2023-10-22 20:14:47.852,10518,199,6,0,True,0,car,0 days 00:00:27.859000,0 days 02:13:45.619000,1659.2458333333334,42.0
2023-10-22 20:14:48.052,10234,194,5,0,True,0,car,0 days 00:00:28.059000,0 days 02:13:45.819000,1670.0236111111112,42.0
2023-10-22 20:14:48.252,10010,188,5,0,True,0,car,0 days 00:00:28.259000,0 days 02:13:46.019000,1680.4680555555556,42.0
2023-10-22 20:14:48.572,9824,182,5,28,False,0,car,0 days 00:00:28.579000,0 days 02:13:46.339000,1696.6458333333333,42.0
2023-10-22 20:14:48.892,9909,182,5,58,False,0,car,0 days 00:00:28.899000,0 days 02:13:46.659000,1712.823611111111,42.0
2023-10-22 20:14:49.052,9909,184,5,58,False,0,car,0 days 00:00:29.059000,0 days 02:13:46.819000,1721.0013888888886,42.0
2023-10-22 20:14:49.333,10540,190,5,78,False,0,car,0 days 00:00:29.340000,0 days 02:13:47.100000,1735.8319444444442,42.0
2023-10-22 20:14:49.773,10897,199,5,87,False,0,car,0 days 00:00:29.780000,0 days 02:13:47.540000,1760.1541666666665,42.0
2023-10-22 20:14:50.173,10295,197,5,0,True,0,car,0 days 00:00:30.180000,0 days 02:13:47.940000,1782.0430555555554,42.0
2023-10-22 20:14:50.413,11092,186,5,0,True,0,car,0 days 00:00:30.420000,0 days 02:13:48.180000,1794.4430555555555,42.0
2023-10-22 20:14:50.573,10662,175,4,0,True,0,car,0 days 00:00:30.580000,0 days 02:13:48.340000,1802.220833333333,42.0
2023-10-22 20:14:50.773,10162,167,4,0,True,0,car,0 days 00:00:30.780000,0 days 02:13:48.540000,1811.498611111111,42.0
2023-10-22 20:14:51.013,9779,161,4,0,True,0,car,0 days 00:00:31.020000,0 days 02:13:48.780000,1822.2319444444443,42.0
2023-10-22 20:14:51.213,9658,154,4,0,True,0,car,0 days 00:00:31.220000,0 days 02:13:48.980000,1830.7874999999997,42.0
2023-10-22 20:14:51.373,9075,151,4,0,True,0,car,0 days 00:00:31.380000,0 days 02:13:49.140000,1837.498611111111,42.0
2023-10-22 20:14:51.573,8658,142,4,0,True,0,car,0 days 00:00:31.580000,0 days 02:13:49.340000,1845.3874999999998,42.0
2023-10-22 20:14:51.773,8496,138,4,0,True,0,car,0 days 00:00:31.780000,0 days 02:13:49.540000,1853.0541666666666,42.0
2023-10-22 20:14:52.092,7968,131,4,0,False,0,car,0 days 00:00:32.099000,0 days 02:13:49.859000,1864.662222222222,42.0
2023-10-22 20:14:52.452,8026,126,4,25,False,0,car,0 days 00:00:32.459000,0 days 02:13:50.219000,1877.2622222222221,42.0
2023-10-22 20:14:52.612,8103,127,4,39,False,0,car,0 days 00:00:32.619000,0 days 02:13:50.379000,1882.9066666666665,42.0
2023-10-22 20:14:52.772,8211,128,4,42,False,0,car,0 days 00:00:32.779000,0 days 02:13:50.539000,1888.5955555555556,42.0
2023-10-22 20:14:52.972,8488,131,4,48,False,0,car,0 days 00:00:32.979000,0 days 02:13:50.739000,1895.8733333333332,42.0
2023-10-22 20:14:53.172,8800,137,4,64,False,0,car,0 days 00:00:33.179000,0 days 02:13:50.939000,1903.4844444444445,42.0
2023-10-22 20:14:53.412,9265,141,4,78,False,0,car,0 days 00:00:33.419000,0 days 02:13:51.179000,1912.8844444444444,42.0
2023-10-22 20:14:53.572,9448,151,4,65,False,0,car,0 days 00:00:33.579000,0 days 02:13:51.339000,1919.5955555555556,42.0
2023-10-22 20:14:53.892,9476,151,4,39,False,0,car,0 days 00:00:33.899000,0 days 02:13:51.659000,1933.0177777777778,42.0
2023-10-22 20:14:54.172,9619,152,4,42,False,0,car,0 days 00:00:34.179000,0 days 02:13:51.939000,1944.8400000000001,42.0
2023-10-22 20:14:54.372,9872,154,4,49,False,0,car,0 days 00:00:34.379000,0 days 02:13:52.139000,1953.3955555555556,42.0
2023-10-22 20:14:54.612,10401,158,4,62,False,0,car,0 days 00:00:34.619000,0 days 02:13:52.379000,1963.928888888889,42.0
2023-10-22 20:14:54.852,10759,163,4,74,False,0,car,0 days 00:00:34.859000,0 days 02:13:52.619000,1974.795555555556,42.0
2023-10-22 20:14:55.052,11216,173,4,100,False,0,car,0 days 00:00:35.059000,0 days 02:13:52.819000,1984.4066666666668,42.0
2023-10-22 20:14:55.252,11704,181,4,100,False,0,car,0 days 00:00:35.259000,0 days 02:13:53.019000,1994.4622222222224,42.0
2023-10-22 20:14:55.452,11144,181,4,99,False,0,car,0 days 00:00:35.459000,0 days 02:13:53.219000,2004.517777777778,42.0
2023-10-22 20:14:55.612,10927,189,4,99,False,0,car,0 days 00:00:35.619000,0 days 02:13:53.379000,2012.917777777778,42.0
2023-10-22 20:14:55.933,11067,198,4,99,False,0,car,0 days 00:00:35.940000,0 days 02:13:53.700000,2030.572777777778,42.0
2023-10-22 20:14:56.253,11611,213,5,100,False,0,car,0 days 00:00:36.260000,0 days 02:13:54.020000,2049.5061111111113,42.0
2023-10-22 20:14:56.613,11122,221,5,100,False,0,car,0 days 00:00:36.620000,0 days 02:13:54.380000,2071.606111111111,42.0
2023-10-22 20:14:56.813,10855,223,6,100,False,0,car,0 days 00:00:36.820000,0 days 02:13:54.580000,2083.9950000000003,42.0
2023-10-22 20:14:57.053,11177,233,6,99,False,0,car,0 days 00:00:37.060000,0 days 02:13:54.820000,2099.5283333333336,42.0
2023-10-22 20:14:57.293,11140,237,6,99,False,0,car,0 days 00:00:37.300000,0 days 02:13:55.060000,2115.3283333333334,42.0
2023-10-22 20:14:57.493,11521,241,6,99,False,0,car,0 days 00:00:37.500000,0 days 02:13:55.260000,2128.7172222222225,42.0
2023-10-22 20:14:57.693,11211,245,6,99,False,0,car,0 days 00:00:37.700000,0 days 02:13:55.460000,2142.328333333334,42.0
2023-10-22 20:14:57.893,10351,247,6,100,False,0,car,0 days 00:00:37.900000,0 days 02:13:55.660000,2156.0505555555555,42.0
2023-10-22 20:14:58.173,10537,253,7,99,False,0,car,0 days 00:00:38.180000,0 days 02:13:55.940000,2175.7283333333335,42.0
2023-10-22 20:14:58.413,10726,256,7,99,False,0,car,0 days 00:00:38.420000,0 days 02:13:56.180000,2192.795,42.0
2023-10-22 20:14:58.693,10863,261,7,99,False,0,car,0 days 00:00:38.700000,0 days 02:13:56.460000,2213.0950000000003,42.0
2023-10-22 20:14:59.012,11101,266,7,100,False,0,car,0 days 00:00:39.019000,0 days 02:13:56.779000,2236.6655555555553,42.0
2023-10-22 20:14:59.452,11180,271,7,99,False,0,car,0 days 00:00:39.459000,0 days 02:13:57.219000,2269.787777777778,42.0
2023-10-22 20:14:59.612,11343,273,7,99,False,0,car,0 days 00:00:39.619000,0 days 02:13:57.379000,2281.9211111111113,42.0
2023-10-22 20:14:59.852,10223,276,7,99,False,0,car,0 days 00:00:39.859000,0 days 02:13:57.619000,2300.3211111111113,42.0
2023-10-22 20:15:00.252,9756,280,8,100,False,0,car,0 days 00:00:40.259000,0 days 02:13:58.019000,2331.432222222222,42.0
2023-10-22 20:15:00.492,9717,274,8,0,False,0,car,0 days 00:00:40.499000,0 days 02:13:58.259000,2349.698888888889,42.0
2023-10-22 20:15:01.372,9261,252,8,0,False,0,car,0 days 00:00:41.379000,0 days 02:13:59.139000,2411.2988888888885,42.0
2023-10-22 20:15:01.852,8835,211,8,0,True,0,car,0 days 00:00:41.859000,0 days 02:13:59.619000,2439.432222222222,42.0
2023-10-22 20:15:02.012,8468,195,8,0,True,0,car,0 days 00:00:42.019000,0 days 02:13:59.779000,2448.0988888888887,42.0
2023-10-22 20:15:02.332,8669,163,6,0,True,0,car,0 days 00:00:42.339000,0 days 02:14:00.099000,2462.587777777778,42.0
2023-10-22 20:15:02.533,8693,149,5,0,True,0,car,0 days 00:00:42.540000,0 days 02:14:00.300000,2470.9069444444444,42.0
2023-10-22 20:15:02.813,8951,135,5,0,True,0,car,0 days 00:00:42.820000,0 days 02:14:00.580000,2481.4069444444444,42.0
2023-10-22 20:15:03.253,7375,107,3,0,True,0,car,0 days 00:00:43.260000,0 days 02:14:01.020000,2494.484722222222,42.0
2023-10-22 20:15:03.413,6939,103,3,0,True,0,car,0 days 00:00:43.420000,0 days 02:14:01.180000,2499.0625,42.0
2023-10-22 20:15:03.573,6598,96,3,0,True,0,car,0 days 00:00:43.580000,0 days 02:14:01.340000,2503.3291666666664,42.0
2023-10-22 20:15:03.773,6280,90,3,0,True,0,car,0 days 00:00:43.780000,0 days 02:14:01.540000,2508.3291666666664,42.0
2023-10-22 20:15:03.933,5742,83,3,0,True,0,car,0 days 00:00:43.940000,0 days 02:14:01.700000,2512.0180555555553,42.0
2023-10-22 20:15:04.213,5270,78,3,0,True,0,car,0 days 00:00:44.220000,0 days 02:14:01.980000,2518.084722222222,42.0
2023-10-22 20:15:04.453,4905,71,3,0,True,0,car,0 days 00:00:44.460000,0 days 02:14:02.220000,2522.8180555555555,42.0
2023-10-22 20:15:04.653,4696,68,3,0,False,0,car,0 days 00:00:44.660000,0 days 02:14:02.420000,2526.5958333333333,42.0
2023-10-22 20:15:04.813,4658,68,3,0,False,0,car,0 days 00:00:44.820000,0 days 02:14:02.580000,2529.6180555555557,42.0
2023-10-22 20:15:05.013,4500,67,3,0,False,0,car,0 days 00:00:45.020000,0 days 02:14:02.780000,2533.340277777778,42.0
2023-10-22 20:15:05.253,4907,63,3,2,False,0,car,0 days 00:00:45.260000,0 days 02:14:03.020000,2537.5402777777776,42.0
2023-10-22 20:15:05.453,4871,64,3,10,False,0,car,0 days 00:00:45.460000,0 days 02:14:03.220000,2541.0958333333333,42.0
2023-10-22 20:15:05.612,5068,66,3,17,False,0,car,0 days 00:00:45.619000,0 days 02:14:03.379000,2544.0108333333333,42.0
2023-10-22 20:15:05.852,5408,67,3,21,False,0,car,0 days 00:00:45.859000,0 days 02:14:03.619000,2548.4775,42.0
2023-10-22 20:15:06.172,5785,74,3,30,False,0,car,0 days 00:00:46.179000,0 days 02:14:03.939000,2555.0552777777775,42.0
2023-10-22 20:15:06.332,6190,80,3,32,False,0,car,0 days 00:00:46.339000,0 days 02:14:04.099000,2558.610833333333,42.0
2023-10-22 20:15:06.532,6596,84,3,35,False,0,car,0 days 00:00:46.539000,0 days 02:14:04.299000,2563.2774999999997,42.0
2023-10-22 20:15:06.932,7742,92,3,45,False,0,car,0 days 00:00:46.939000,0 days 02:14:04.699000,2573.499722222222,42.0
2023-10-22 20:15:07.172,8213,100,3,45,False,0,car,0 days 00:00:47.179000,0 days 02:14:04.939000,2580.1663888888884,42.0
2023-10-22 20:15:07.332,8127,106,3,50,False,0,car,0 days 00:00:47.339000,0 days 02:14:05.099000,2584.8774999999996,42.0
2023-10-22 20:15:07.612,8594,114,3,63,False,0,car,0 days 00:00:47.619000,0 days 02:14:05.379000,2593.7441666666664,42.0
2023-10-22 20:15:07.852,10274,126,3,72,False,0,car,0 days 00:00:47.859000,0 days 02:14:05.619000,2602.1441666666665,42.0
2023-10-22 20:15:08.132,10710,143,3,85,False,0,car,0 days 00:00:48.139000,0 days 02:14:05.899000,2613.2663888888887,42.0
2023-10-22 20:15:08.412,11313,153,3,100,False,0,car,0 days 00:00:48.419000,0 days 02:14:06.179000,2625.1663888888884,42.0
2023-10-22 20:15:08.572,10444,163,3,100,False,0,car,0 days 00:00:48.579000,0 days 02:14:06.339000,2632.410833333333,42.0
2023-10-22 20:15:08.772,11004,167,4,100,False,0,car,0 days 00:00:48.779000,0 days 02:14:06.539000,2641.6886111111107,42.0
2023-10-22 20:15:09.013,11455,180,4,100,False,0,car,0 days 00:00:49.020000,0 days 02:14:06.780000,2653.738611111111,42.0
2023-10-22 20:15:09.293,10573,192,5,100,False,0,car,0 days 00:00:49.300000,0 days 02:14:07.060000,2668.671944444444,42.0
2023-10-22 20:15:09.533,10687,202,5,100,False,0,car,0 days 00:00:49.540000,0 days 02:14:07.300000,2682.1386111111105,42.0
2023-10-22 20:15:09.733,11412,209,5,100,False,0,car,0 days 00:00:49.740000,0 days 02:14:07.500000,2693.749722222222,42.0
2023-10-22 20:15:10.013,10686,215,5,100,False,0,car,0 days 00:00:50.020000,0 days 02:14:07.780000,2710.471944444444,42.0
2023-10-22 20:15:10.173,10521,221,5,100,False,0,car,0 days 00:00:50.180000,0 days 02:14:07.940000,2720.294166666666,42.0
2023-10-22 20:15:10.373,10771,227,6,100,False,0,car,0 days 00:00:50.380000,0 days 02:14:08.140000,2732.9052777777774,42.0
2023-10-22 20:15:10.693,11155,235,6,100,False,0,car,0 days 00:00:50.700000,0 days 02:14:08.460000,2753.794166666666,42.0
2023-10-22 20:15:10.893,11318,235,6,100,False,0,car,0 days 00:00:50.900000,0 days 02:14:08.660000,2766.8497222222213,42.0
2023-10-22 20:15:11.093,11504,243,6,100,False,0,car,0 days 00:00:51.100000,0 days 02:14:08.860000,2780.3497222222213,42.0
2023-10-22 20:15:11.533,10459,253,7,97,False,0,car,0 days 00:00:51.540000,0 days 02:14:09.300000,2811.2719444444433,42.0
2023-10-22 20:15:11.693,10592,254,7,100,False,0,car,0 days 00:00:51.700000,0 days 02:14:09.460000,2822.5608333333325,42.0
2023-10-22 20:15:12.133,10885,263,7,100,False,0,car,0 days 00:00:52.140000,0 days 02:14:09.900000,2854.7052777777767,42.0
2023-10-22 20:15:12.532,11070,268,7,100,False,0,car,0 days 00:00:52.539000,0 days 02:14:10.299000,2884.40861111111,42.0
2023-10-22 20:15:12.692,11155,268,7,99,False,0,car,0 days 00:00:52.699000,0 days 02:14:10.459000,2896.319722222221,42.0
2023-10-22 20:15:13.012,11283,271,7,100,False,0,car,0 days 00:00:53.019000,0 days 02:14:10.779000,2920.40861111111,42.0
2023-10-22 20:15:13.332,11324,275,7,100,False,0,car,0 days 00:00:53.339000,0 days 02:14:11.099000,2944.8530555555544,42.0
2023-10-22 20:15:13.612,11514,276,7,100,False,0,car,0 days 00:00:53.619000,0 days 02:14:11.379000,2966.319722222221,42.0
2023-10-22 20:15:13.972,10443,280,7,100,False,0,car,0 days 00:00:53.979000,0 days 02:14:11.739000,2994.319722222221,42.0
2023-10-22 20:15:14.852,10589,287,8,98,False,0,car,0 days 00:00:54.859000,0 days 02:14:12.619000,3064.4752777777767,42.0
2023-10-22 20:15:15.292,10664,290,8,99,False,0,car,0 days 00:00:55.299000,0 days 02:14:13.059000,3099.919722222221,42.0
2023-10-22 20:15:15.653,10757,292,8,100,False,0,car,0 days 00:00:55.660000,0 days 02:14:13.420000,3129.200833333332,42.0
2023-10-22 20:15:16.133,10782,294,8,100,False,0,car,0 days 00:00:56.140000,0 days 02:14:13.900000,3168.4008333333322,42.0
2023-10-22 20:15:16.333,10833,295,8,100,False,0,car,0 days 00:00:56.340000,0 days 02:14:14.100000,3184.7897222222214,42.0
2023-10-22 20:15:16.653,10883,297,8,100,False,0,car,0 days 00:00:56.660000,0 days 02:14:14.420000,3211.189722222221,42.0
2023-10-22 20:15:16.893,10934,297,8,100,False,0,car,0 days 00:00:56.900000,0 days 02:14:14.660000,3230.989722222221,42.0
2023-10-22 20:15:17.093,10973,296,8,100,False,0,car,0 days 00:00:57.100000,0 days 02:14:14.860000,3247.434166666666,42.0
2023-10-22 20:15:17.573,10991,298,8,100,False,0,car,0 days 00:00:57.580000,0 days 02:14:15.340000,3287.167499999999,42.0
2023-10-22 20:15:17.813,11015,299,8,100,False,0,car,0 days 00:00:57.820000,0 days 02:14:15.580000,3307.1008333333325,42.0
2023-10-22 20:15:18.093,11033,300,8,100,False,0,car,0 days 00:00:58.100000,0 days 02:14:15.860000,3330.434166666666,42.0
2023-10-22 20:15:18.413,11064,301,8,100,False,0,car,0 days 00:00:58.420000,0 days 02:14:16.180000,3357.1897222222215,42.0
2023-10-22 20:15:18.613,11097,301,8,100,False,0,car,0 days 00:00:58.620000,0 days 02:14:16.380000,3373.911944444443,42.0
2023-10-22 20:15:18.773,11097,302,8,100,False,0,car,0 days 00:00:58.780000,0 days 02:14:16.540000,3387.3341666666656,42.0
2023-10-22 20:15:18.972,11124,302,8,100,False,0,car,0 days 00:00:58.979000,0 days 02:14:16.739000,3404.028055555554,42.0
2023-10-22 20:15:19.172,11149,303,8,100,False,0,car,0 days 00:00:59.179000,0 days 02:14:16.939000,3420.8613888888876,42.0
2023-10-22 20:15:19.692,11065,302,8,100,False,0,car,0 days 00:00:59.699000,0 days 02:14:17.459000,3464.4836111111094,42.0
2023-10-22 20:15:20.092,11133,303,8,100,False,0,car,0 days 00:01:00.099000,0 days 02:14:17.859000,3498.150277777776,42.0
2023-10-22 20:15:20.412,11146,303,8,100,False,0,car,0 days 00:01:00.419000,0 days 02:14:18.179000,3525.0836111111093,42.0
2023-10-22 20:15:20.572,11111,303,8,100,False,0,car,0 days 00:01:00.579000,0 days 02:14:18.339000,3538.5502777777765,42.0
2023-10-22 20:15:20.852,11135,303,8,100,False,0,car,0 days 00:01:00.859000,0 days 02:14:18.619000,3562.116944444443,42.0
2023-10-22 20:15:21.132,10806,293,8,0,False,0,car,0 days 00:01:01.139000,0 days 02:14:18.899000,3584.905833333332,42.0
2023-10-22 20:15:21.492,10270,281,8,0,True,0,car,0 days 00:01:01.499000,0 days 02:14:19.259000,3613.005833333332,42.0
2023-10-22 20:15:21.732,9696,248,8,0,True,0,car,0 days 00:01:01.739000,0 days 02:14:19.499000,3629.5391666666646,42.0
2023-10-22 20:15:21.932,9104,223,8,0,True,0,car,0 days 00:01:01.939000,0 days 02:14:19.699000,3641.928055555554,42.0
2023-10-22 20:15:22.173,9106,195,7,0,True,0,car,0 days 00:01:02.180000,0 days 02:14:19.940000,3654.9822222222206,42.0
2023-10-22 20:15:22.453,9059,166,7,0,True,0,car,0 days 00:01:02.460000,0 days 02:14:20.220000,3667.8933333333316,42.0
2023-10-22 20:15:22.693,9009,147,5,0,True,0,car,0 days 00:01:02.700000,0 days 02:14:20.460000,3677.693333333332,42.0
2023-10-22 20:15:22.893,9272,135,5,0,True,0,car,0 days 00:01:02.900000,0 days 02:14:20.660000,3685.193333333332,42.0
2023-10-22 20:15:23.093,8871,123,3,0,True,0,car,0 days 00:01:03.100000,0 days 02:14:20.860000,3692.0266666666653,42.0
2023-10-22 20:15:23.293,8148,117,3,0,True,0,car,0 days 00:01:03.300000,0 days 02:14:21.060000,3698.5266666666653,42.0
2023-10-22 20:15:23.573,7249,104,3,0,True,0,car,0 days 00:01:03.580000,0 days 02:14:21.340000,3706.6155555555542,42.0
2023-10-22 20:15:23.773,6774,100,3,0,True,0,car,0 days 00:01:03.780000,0 days 02:14:21.540000,3712.17111111111,42.0
2023-10-22 20:15:24.013,6417,91,3,0,True,0,car,0 days 00:01:04.020000,0 days 02:14:21.780000,3718.2377777777765,42.0
2023-10-22 20:15:24.373,6020,85,3,0,False,0,car,0 days 00:01:04.380000,0 days 02:14:22.140000,3726.7377777777765,42.0
2023-10-22 20:15:24.613,5834,84,3,1,False,0,car,0 days 00:01:04.620000,0 days 02:14:22.380000,3732.337777777777,42.0
2023-10-22 20:15:24.813,5989,84,3,10,False,0,car,0 days 00:01:04.820000,0 days 02:14:22.580000,3737.0044444444434,42.0
2023-10-22 20:15:25.173,6551,85,3,20,False,0,car,0 days 00:01:05.180000,0 days 02:14:22.940000,3745.504444444444,42.0
2023-10-22 20:15:25.613,7520,95,3,47,False,0,car,0 days 00:01:05.620000,0 days 02:14:23.380000,3757.1155555555547,42.0
2023-10-22 20:15:26.012,8244,108,3,61,False,0,car,0 days 00:01:06.019000,0 days 02:14:23.779000,3769.0855555555545,42.0
2023-10-22 20:15:26.372,9317,125,3,73,False,0,car,0 days 00:01:06.379000,0 days 02:14:24.139000,3781.5855555555545,42.0
2023-10-22 20:15:26.572,10432,135,3,83,False,0,car,0 days 00:01:06.579000,0 days 02:14:24.339000,3789.085555555554,42.0
2023-10-22 20:15:26.732,10928,147,3,100,False,0,car,0 days 00:01:06.739000,0 days 02:14:24.499000,3795.618888888888,42.0
2023-10-22 20:15:26.932,11654,156,3,100,False,0,car,0 days 00:01:06.939000,0 days 02:14:24.699000,3804.285555555554,42.0
2023-10-22 20:15:27.772,11137,188,4,100,False,0,car,0 days 00:01:07.779000,0 days 02:14:25.539000,3848.1522222222206,42.0
2023-10-22 20:15:28.052,10623,195,5,99,False,0,car,0 days 00:01:08.059000,0 days 02:14:25.819000,3863.318888888887,42.0
2023-10-22 20:15:28.292,10437,197,5,0,True,0,car,0 days 00:01:08.299000,0 days 02:14:26.059000,3876.452222222221,42.0
2023-10-22 20:15:28.532,9819,187,5,0,True,0,car,0 days 00:01:08.539000,0 days 02:14:26.299000,3888.918888888887,42.0
2023-10-22 20:15:28.773,10720,166,5,0,True,0,car,0 days 00:01:08.780000,0 days 02:14:26.540000,3900.031666666665,42.0
2023-10-22 20:15:29.013,10770,157,4,0,True,0,car,0 days 00:01:09.020000,0 days 02:14:26.780000,3910.498333333331,42.0
2023-10-22 20:15:29.253,9905,135,3,0,True,0,car,0 days 00:01:09.260000,0 days 02:14:27.020000,3919.4983333333316,42.0
2023-10-22 20:15:29.733,8176,115,3,0,True,0,car,0 days 00:01:09.740000,0 days 02:14:27.500000,3934.8316666666647,42.0
2023-10-22 20:15:29.933,7687,107,3,0,True,0,car,0 days 00:01:09.940000,0 days 02:14:27.700000,3940.776111111109,42.0
2023-10-22 20:15:30.213,7031,102,3,0,True,0,car,0 days 00:01:10.220000,0 days 02:14:27.980000,3948.7094444444424,42.0
2023-10-22 20:15:30.493,6618,97,3,0,True,0,car,0 days 00:01:10.500000,0 days 02:14:28.260000,3956.2538888888866,42.0
2023-10-22 20:15:30.733,6445,92,3,0,True,0,car,0 days 00:01:10.740000,0 days 02:14:28.500000,3962.38722222222,42.0
2023-10-22 20:15:30.973,6311,90,3,0,False,0,car,0 days 00:01:10.980000,0 days 02:14:28.740000,3968.38722222222,42.0
2023-10-22 20:15:31.133,6395,89,3,3,False,0,car,0 days 00:01:11.140000,0 days 02:14:28.900000,3972.342777777775,42.0
2023-10-22 20:15:31.333,6723,88,3,23,False,0,car,0 days 00:01:11.340000,0 days 02:14:29.100000,3977.2316666666643,42.0
2023-10-22 20:15:31.493,6723,90,3,31,False,0,car,0 days 00:01:11.500000,0 days 02:14:29.260000,3981.2316666666643,42.0
2023-10-22 20:15:31.733,7329,93,3,36,False,0,car,0 days 00:01:11.740000,0 days 02:14:29.500000,3987.431666666664,42.0
2023-10-22 20:15:32.013,8004,96,3,44,False,0,car,0 days 00:01:12.020000,0 days 02:14:29.780000,3994.898333333331,42.0
2023-10-22 20:15:32.372,8564,105,3,44,False,0,car,0 days 00:01:12.379000,0 days 02:14:30.139000,4005.3691666666646,42.0
2023-10-22 20:15:32.572,8189,109,3,44,False,0,car,0 days 00:01:12.579000,0 days 02:14:30.339000,4011.4247222222198,42.0
2023-10-22 20:15:32.772,8772,115,3,51,False,0,car,0 days 00:01:12.779000,0 days 02:14:30.539000,4017.813611111109,42.0
2023-10-22 20:15:32.932,9028,121,3,56,False,0,car,0 days 00:01:12.939000,0 days 02:14:30.699000,4023.1913888888866,42.0
2023-10-22 20:15:33.092,9465,124,3,61,False,0,car,0 days 00:01:13.099000,0 days 02:14:30.859000,4028.702499999998,42.0
2023-10-22 20:15:33.292,9986,131,3,61,False,0,car,0 days 00:01:13.299000,0 days 02:14:31.059000,4035.980277777776,42.0
2023-10-22 20:15:33.572,10784,142,3,73,False,0,car,0 days 00:01:13.579000,0 days 02:14:31.339000,4047.0247222222197,42.0
2023-10-22 20:15:34.052,10467,161,3,99,False,0,car,0 days 00:01:14.059000,0 days 02:14:31.819000,4068.4913888888864,42.0
2023-10-22 20:15:34.372,10823,171,4,100,False,0,car,0 days 00:01:14.379000,0 days 02:14:32.139000,4083.6913888888866,42.0
2023-10-22 20:15:34.612,11250,174,4,100,False,0,car,0 days 00:01:14.619000,0 days 02:14:32.379000,4095.2913888888866,42.0
2023-10-22 20:15:34.772,10818,183,4,100,False,0,car,0 days 00:01:14.779000,0 days 02:14:32.539000,4103.424722222219,42.0
2023-10-22 20:15:34.932,10217,188,4,99,False,0,car,0 days 00:01:14.939000,0 days 02:14:32.699000,4111.780277777774,42.0
2023-10-22 20:15:35.172,9479,189,5,18,True,0,car,0 days 00:01:15.179000,0 days 02:14:32.939000,4124.380277777775,42.0
2023-10-22 20:15:35.413,9602,179,5,0,True,0,car,0 days 00:01:15.420000,0 days 02:14:33.180000,4136.36333333333,42.0
2023-10-22 20:15:35.693,9992,164,4,0,True,0,car,0 days 00:01:15.700000,0 days 02:14:33.460000,4149.1188888888855,42.0
2023-10-22 20:15:35.973,9280,151,4,0,True,0,car,0 days 00:01:15.980000,0 days 02:14:33.740000,4160.86333333333,42.0
2023-10-22 20:15:36.133,9420,142,4,0,True,0,car,0 days 00:01:16.140000,0 days 02:14:33.900000,4167.174444444441,42.0
2023-10-22 20:15:36.413,9720,134,3,0,True,0,car,0 days 00:01:16.420000,0 days 02:14:34.180000,4177.596666666664,42.0
2023-10-22 20:15:36.613,8883,126,3,0,True,0,car,0 days 00:01:16.620000,0 days 02:14:34.380000,4184.596666666664,42.0
2023-10-22 20:15:36.813,8314,122,3,0,True,0,car,0 days 00:01:16.820000,0 days 02:14:34.580000,4191.374444444441,42.0
2023-10-22 20:15:37.053,8162,109,3,0,True,0,car,0 days 00:01:17.060000,0 days 02:14:34.820000,4198.641111111108,42.0
2023-10-22 20:15:37.213,8617,105,3,0,True,0,car,0 days 00:01:17.220000,0 days 02:14:34.980000,4203.307777777775,42.0
2023-10-22 20:15:37.453,8118,95,2,0,True,0,car,0 days 00:01:17.460000,0 days 02:14:35.220000,4209.641111111108,42.0
2023-10-22 20:15:37.733,7101,86,2,0,True,0,car,0 days 00:01:17.740000,0 days 02:14:35.500000,4216.329999999997,42.0
2023-10-22 20:15:38.053,6625,79,2,0,True,0,car,0 days 00:01:18.060000,0 days 02:14:35.820000,4223.35222222222,42.0
2023-10-22 20:15:38.213,6646,78,2,0,False,0,car,0 days 00:01:18.220000,0 days 02:14:35.980000,4226.818888888886,42.0
2023-10-22 20:15:38.493,6325,75,2,0,False,0,car,0 days 00:01:18.500000,0 days 02:14:36.260000,4232.652222222219,42.0
2023-10-22 20:15:38.733,6615,72,2,11,False,0,car,0 days 00:01:18.740000,0 days 02:14:36.500000,4237.4522222222195,42.0
2023-10-22 20:15:39.172,6624,75,2,23,False,0,car,0 days 00:01:19.179000,0 days 02:14:36.939000,4246.5980555555525,42.0
2023-10-22 20:15:39.612,7389,84,2,40,False,0,car,0 days 00:01:19.619000,0 days 02:14:37.379000,4256.864722222219,42.0
2023-10-22 20:15:39.932,8442,95,2,48,False,0,car,0 days 00:01:19.939000,0 days 02:14:37.699000,4265.309166666663,42.0
2023-10-22 20:15:40.132,9044,100,2,53,False,0,car,0 days 00:01:20.139000,0 days 02:14:37.899000,4270.864722222219,42.0
2023-10-22 20:15:40.292,9523,105,2,58,False,0,car,0 days 00:01:20.299000,0 days 02:14:38.059000,4275.531388888886,42.0
2023-10-22 20:15:40.572,10005,116,2,59,False,0,car,0 days 00:01:20.579000,0 days 02:14:38.339000,4284.553611111108,42.0
2023-10-22 20:15:40.732,11125,125,2,76,False,0,car,0 days 00:01:20.739000,0 days 02:14:38.499000,4290.109166666663,42.0
2023-10-22 20:15:41.052,10380,142,2,99,False,0,car,0 days 00:01:21.059000,0 days 02:14:38.819000,4302.731388888886,42.0
2023-10-22 20:15:41.252,11127,152,3,100,False,0,car,0 days 00:01:21.259000,0 days 02:14:39.019000,4311.17583333333,42.0
2023-10-22 20:15:41.492,10707,160,3,100,False,0,car,0 days 00:01:21.499000,0 days 02:14:39.259000,4321.842499999996,42.0
2023-10-22 20:15:41.692,10394,165,4,100,False,0,car,0 days 00:01:21.699000,0 days 02:14:39.459000,4331.009166666663,42.0
2023-10-22 20:15:41.933,11216,169,4,100,False,0,car,0 days 00:01:21.940000,0 days 02:14:39.700000,4342.322777777774,42.0
2023-10-22 20:15:42.093,11356,182,4,100,False,0,car,0 days 00:01:22.100000,0 days 02:14:39.860000,4350.411666666662,42.0
2023-10-22 20:15:42.293,11725,189,4,100,False,0,car,0 days 00:01:22.300000,0 days 02:14:40.060000,4360.911666666662,42.0
2023-10-22 20:15:42.573,10992,203,4,100,False,0,car,0 days 00:01:22.580000,0 days 02:14:40.340000,4376.700555555552,42.0
2023-10-22 20:15:42.893,11383,208,5,100,False,0,car,0 days 00:01:22.900000,0 days 02:14:40.660000,4395.189444444441,42.0
2023-10-22 20:15:43.133,11801,215,5,100,False,0,car,0 days 00:01:23.140000,0 days 02:14:40.900000,4409.522777777774,42.0
2023-10-22 20:15:43.573,10662,224,6,100,False,0,car,0 days 00:01:23.580000,0 days 02:14:41.340000,4436.900555555551,42.0
2023-10-22 20:15:43.973,11109,231,6,100,False,0,car,0 days 00:01:23.980000,0 days 02:14:41.740000,4462.567222222218,42.0
2023-10-22 20:15:44.333,11305,235,6,100,False,0,car,0 days 00:01:24.340000,0 days 02:14:42.100000,4486.067222222218,42.0
2023-10-22 20:15:44.573,11411,238,6,100,False,0,car,0 days 00:01:24.580000,0 days 02:14:42.340000,4501.933888888884,42.0
2023-10-22 20:15:44.773,11490,240,6,100,False,0,car,0 days 00:01:24.780000,0 days 02:14:42.540000,4515.267222222218,42.0
2023-10-22 20:15:44.973,11468,241,6,100,False,0,car,0 days 00:01:24.980000,0 days 02:14:42.740000,4528.656111111107,42.0
2023-10-22 20:15:45.173,11573,243,6,100,False,0,car,0 days 00:01:25.180000,0 days 02:14:42.940000,4542.156111111107,42.0
2023-10-22 20:15:45.333,11659,245,6,100,False,0,car,0 days 00:01:25.340000,0 days 02:14:43.100000,4553.0449999999955,42.0
2023-10-22 20:15:45.493,11672,246,6,100,False,0,car,0 days 00:01:25.500000,0 days 02:14:43.260000,4563.978333333329,42.0
2023-10-22 20:15:45.852,11824,249,6,100,False,0,car,0 days 00:01:25.859000,0 days 02:14:43.619000,4588.809166666661,42.0
2023-10-22 20:15:46.052,11850,249,6,100,False,0,car,0 days 00:01:26.059000,0 days 02:14:43.819000,4602.642499999995,42.0
2023-10-22 20:15:46.452,12093,250,6,100,False,0,car,0 days 00:01:26.459000,0 days 02:14:44.219000,4630.420277777774,42.0
2023-10-22 20:15:46.852,10714,256,7,100,False,0,car,0 days 00:01:26.859000,0 days 02:14:44.619000,4658.864722222217,42.0
2023-10-22 20:15:47.252,10863,259,7,99,False,0,car,0 days 00:01:27.259000,0 days 02:14:45.019000,4687.642499999995,42.0
2023-10-22 20:15:47.492,10930,261,7,100,False,0,car,0 days 00:01:27.499000,0 days 02:14:45.259000,4705.042499999995,42.0
2023-10-22 20:15:47.692,11087,262,7,100,False,0,car,0 days 00:01:27.699000,0 days 02:14:45.459000,4719.598055555551,42.0
2023-10-22 20:15:48.012,11217,265,7,99,False,0,car,0 days 00:01:28.019000,0 days 02:14:45.779000,4743.153611111106,42.0
2023-10-22 20:15:48.212,11008,266,7,100,False,0,car,0 days 00:01:28.219000,0 days 02:14:45.979000,4757.931388888884,42.0
2023-10-22 20:15:48.573,11029,267,7,100,False,0,car,0 days 00:01:28.580000,0 days 02:14:46.340000,4784.705555555551,42.0
2023-10-22 20:15:48.853,11164,268,7,100,False,0,car,0 days 00:01:28.860000,0 days 02:14:46.620000,4805.549999999996,42.0
2023-10-22 20:15:49.053,11225,270,7,100,False,0,car,0 days 00:01:29.060000,0 days 02:14:46.820000,4820.549999999996,42.0
2023-10-22 20:15:49.213,11209,270,7,100,False,0,car,0 days 00:01:29.220000,0 days 02:14:46.980000,4832.549999999996,42.0
2023-10-22 20:15:49.373,11263,272,7,100,False,0,car,0 days 00:01:29.380000,0 days 02:14:47.140000,4844.638888888884,42.0
2023-10-22 20:15:49.653,11357,273,7,100,False,0,car,0 days 00:01:29.660000,0 days 02:14:47.420000,4865.872222222218,42.0
2023-10-22 20:15:49.853,10937,273,7,1,True,0,car,0 days 00:01:29.860000,0 days 02:14:47.620000,4881.038888888885,42.0
2023-10-22 20:15:50.173,9957,243,7,0,True,0,car,0 days 00:01:30.180000,0 days 02:14:47.940000,4902.638888888885,42.0
2023-10-22 20:15:50.493,10027,228,7,0,True,0,car,0 days 00:01:30.500000,0 days 02:14:48.260000,4922.9055555555515,42.0
2023-10-22 20:15:50.693,9586,209,6,0,True,0,car,0 days 00:01:30.700000,0 days 02:14:48.460000,4934.516666666663,42.0
2023-10-22 20:15:50.893,9343,200,6,0,True,0,car,0 days 00:01:30.900000,0 days 02:14:48.660000,4945.627777777774,42.0
2023-10-22 20:15:51.133,8783,188,6,0,True,0,car,0 days 00:01:31.140000,0 days 02:14:48.900000,4958.161111111107,42.0
2023-10-22 20:15:51.373,8525,182,6,0,False,0,car,0 days 00:01:31.380000,0 days 02:14:49.140000,4970.29444444444,42.0
2023-10-22 20:15:51.733,8195,177,6,5,False,0,car,0 days 00:01:31.740000,0 days 02:14:49.500000,4987.99444444444,42.0
2023-10-22 20:15:52.053,8118,171,6,21,False,0,car,0 days 00:01:32.060000,0 days 02:14:49.820000,5003.194444444441,42.0
2023-10-22 20:15:52.373,8423,174,6,46,False,0,car,0 days 00:01:32.380000,0 days 02:14:50.140000,5018.661111111107,42.0
2023-10-22 20:15:52.652,8606,179,6,71,False,0,car,0 days 00:01:32.659000,0 days 02:14:50.419000,5032.533611111107,42.0
2023-10-22 20:15:53.012,9180,187,6,89,False,0,car,0 days 00:01:33.019000,0 days 02:14:50.779000,5051.233611111107,42.0
2023-10-22 20:15:53.292,9271,192,6,100,False,0,car,0 days 00:01:33.299000,0 days 02:14:51.059000,5066.166944444441,42.0
2023-10-22 20:15:53.492,9463,199,6,100,False,0,car,0 days 00:01:33.499000,0 days 02:14:51.259000,5077.222499999995,42.0
2023-10-22 20:15:53.652,9654,203,6,100,False,0,car,0 days 00:01:33.659000,0 days 02:14:51.419000,5086.244722222218,42.0
2023-10-22 20:15:53.812,9796,206,6,99,False,0,car,0 days 00:01:33.819000,0 days 02:14:51.579000,5095.400277777773,42.0
2023-10-22 20:15:54.012,9917,210,6,100,False,0,car,0 days 00:01:34.019000,0 days 02:14:51.779000,5107.06694444444,42.0
2023-10-22 20:15:54.212,10100,214,6,100,False,0,car,0 days 00:01:34.219000,0 days 02:14:51.979000,5118.955833333328,42.0
2023-10-22 20:15:54.372,10291,219,6,100,False,0,car,0 days 00:01:34.379000,0 days 02:14:52.139000,5128.689166666662,42.0
2023-10-22 20:15:54.732,10565,223,6,98,True,0,car,0 days 00:01:34.739000,0 days 02:14:52.499000,5150.989166666662,42.0
2023-10-22 20:15:55.133,10265,191,6,0,True,0,car,0 days 00:01:35.140000,0 days 02:14:52.900000,5172.2644444444395,42.0
2023-10-22 20:15:55.573,10611,163,5,0,True,0,car,0 days 00:01:35.580000,0 days 02:14:53.340000,5192.186666666662,42.0
2023-10-22 20:15:55.733,10112,148,5,0,True,0,car,0 days 00:01:35.740000,0 days 02:14:53.500000,5198.7644444444395,42.0
2023-10-22 20:15:55.893,9877,148,4,0,True,0,car,0 days 00:01:35.900000,0 days 02:14:53.660000,5205.342222222218,42.0
2023-10-22 20:15:56.093,9551,131,3,0,True,0,car,0 days 00:01:36.100000,0 days 02:14:53.860000,5212.619999999995,42.0
2023-10-22 20:15:56.333,8489,120,3,0,True,0,car,0 days 00:01:36.340000,0 days 02:14:54.100000,5220.619999999995,42.0
2023-10-22 20:15:56.613,7945,116,3,0,True,0,car,0 days 00:01:36.620000,0 days 02:14:54.380000,5229.642222222217,42.0
2023-10-22 20:15:57.013,7124,101,3,0,True,0,car,0 days 00:01:37.020000,0 days 02:14:54.780000,5240.864444444439,42.0
2023-10-22 20:15:57.373,6482,92,3,0,False,0,car,0 days 00:01:37.380000,0 days 02:14:55.140000,5250.064444444439,42.0
2023-10-22 20:15:57.853,6744,90,3,21,False,0,car,0 days 00:01:37.860000,0 days 02:14:55.620000,5262.064444444439,42.0
2023-10-22 20:15:58.173,7064,92,3,35,False,0,car,0 days 00:01:38.180000,0 days 02:14:55.940000,5270.242222222217,42.0
2023-10-22 20:15:58.413,7418,97,3,43,False,0,car,0 days 00:01:38.420000,0 days 02:14:56.180000,5276.708888888883,42.0
2023-10-22 20:15:58.853,8360,106,3,51,False,0,car,0 days 00:01:38.860000,0 days 02:14:56.620000,5289.664444444438,42.0
2023-10-22 20:15:59.053,8686,116,3,58,False,0,car,0 days 00:01:39.060000,0 days 02:14:56.820000,5296.108888888883,42.0
2023-10-22 20:15:59.412,10285,128,3,79,True,0,car,0 days 00:01:39.419000,0 days 02:14:57.179000,5308.873333333327,42.0
2023-10-22 20:15:59.612,8885,119,3,0,True,0,car,0 days 00:01:39.619000,0 days 02:14:57.379000,5315.484444444438,42.0
2023-10-22 20:15:59.772,9427,108,3,0,True,0,car,0 days 00:01:39.779000,0 days 02:14:57.539000,5320.284444444438,42.0
2023-10-22 20:15:59.972,8390,104,3,0,True,0,car,0 days 00:01:39.979000,0 days 02:14:57.739000,5326.062222222216,42.0
2023-10-22 20:16:00.292,6984,84,2,25,True,0,car,0 days 00:01:40.299000,0 days 02:14:58.059000,5333.528888888884,42.0
2023-10-22 20:16:00.532,6115,76,2,53,True,0,car,0 days 00:01:40.539000,0 days 02:14:58.299000,5338.59555555555,42.0
2023-10-22 20:16:00.772,6538,77,2,65,False,0,car,0 days 00:01:40.779000,0 days 02:14:58.539000,5343.728888888883,42.0
2023-10-22 20:16:01.012,6814,78,2,75,False,0,car,0 days 00:01:41.019000,0 days 02:14:58.779000,5348.928888888883,42.0
2023-10-22 20:16:01.212,6720,79,2,81,False,0,car,0 days 00:01:41.219000,0 days 02:14:58.979000,5353.317777777772,42.0
2023-10-22 20:16:01.492,6758,79,2,81,False,0,car,0 days 00:01:41.499000,0 days 02:14:59.259000,5359.462222222216,42.0
2023-10-22 20:16:01.733,6737,79,2,80,False,0,car,0 days 00:01:41.740000,0 days 02:14:59.500000,5364.750833333327,42.0
2023-10-22 20:16:02.053,6791,79,2,79,False,0,car,0 days 00:01:42.060000,0 days 02:14:59.820000,5371.77305555555,42.0
2023-10-22 20:16:02.333,6876,79,2,79,False,0,car,0 days 00:00:00.037000,0 days 02:15:00.100000,0.8119444444444444,43.0
2023-10-22 20:16:02.733,6765,79,2,79,False,0,car,0 days 00:00:00.437000,0 days 02:15:00.500000,9.589722222222221,43.0
2023-10-22 20:16:03.093,6753,80,2,79,False,0,car,0 days 00:00:00.797000,0 days 02:15:00.860000,17.58972222222222,43.0
2023-10-22 20:16:03.373,6733,80,2,80,False,0,car,0 days 00:00:01.077000,0 days 02:15:01.140000,23.811944444444443,43.0
2023-10-22 20:16:03.773,6833,80,2,80,False,0,car,0 days 00:00:01.477000,0 days 02:15:01.540000,32.700833333333335,43.0
2023-10-22 20:16:04.053,6766,80,2,79,False,0,car,0 days 00:00:01.757000,0 days 02:15:01.820000,38.92305555555555,43.0
2023-10-22 20:16:04.373,6822,80,2,79,False,0,car,0 days 00:00:02.077000,0 days 02:15:02.140000,46.034166666666664,43.0
2023-10-22 20:16:04.613,6845,80,2,78,False,0,car,0 days 00:00:02.317000,0 days 02:15:02.380000,51.3675,43.0
2023-10-22 20:16:04.813,6827,80,2,78,False,0,car,0 days 00:00:02.517000,0 days 02:15:02.580000,55.811944444444435,43.0
2023-10-22 20:16:05.133,6752,80,2,78,False,0,car,0 days 00:00:02.837000,0 days 02:15:02.900000,62.92305555555555,43.0
2023-10-22 20:16:05.413,6731,80,2,78,False,0,car,0 days 00:00:03.117000,0 days 02:15:03.180000,69.14527777777776,43.0
2023-10-22 20:16:05.693,6844,80,2,76,False,0,car,0 days 00:00:03.397000,0 days 02:15:03.460000,75.36749999999998,43.0
2023-10-22 20:16:05.973,6914,80,2,76,False,0,car,0 days 00:00:03.677000,0 days 02:15:03.740000,81.5897222222222,43.0
2023-10-22 20:16:06.172,6792,80,2,75,False,0,car,0 days 00:00:03.876000,0 days 02:15:03.939000,86.01194444444442,43.0
2023-10-22 20:16:06.372,6712,80,2,74,False,0,car,0 days 00:00:04.076000,0 days 02:15:04.139000,90.45638888888887,43.0
2023-10-22 20:16:06.572,6682,80,2,73,False,0,car,0 days 00:00:04.276000,0 days 02:15:04.339000,94.90083333333331,43.0
2023-10-22 20:16:06.852,6855,80,2,74,False,0,car,0 days 00:00:04.556000,0 days 02:15:04.619000,101.12305555555554,43.0
2023-10-22 20:16:07.092,6870,80,2,72,False,0,car,0 days 00:00:04.796000,0 days 02:15:04.859000,106.45638888888888,43.0
2023-10-22 20:16:07.292,6798,80,2,72,False,0,car,0 days 00:00:04.996000,0 days 02:15:05.059000,110.90083333333332,43.0
2023-10-22 20:16:07.692,6669,80,2,74,False,0,car,0 days 00:00:05.396000,0 days 02:15:05.459000,119.7897222222222,43.0
2023-10-22 20:16:08.092,6839,80,2,72,False,0,car,0 days 00:00:05.796000,0 days 02:15:05.859000,128.67861111111108,43.0
2023-10-22 20:16:08.333,6833,80,2,71,False,0,car,0 days 00:00:06.037000,0 days 02:15:06.100000,134.03416666666664,43.0
2023-10-22 20:16:08.533,6728,80,2,71,False,0,car,0 days 00:00:06.237000,0 days 02:15:06.300000,138.4786111111111,43.0
2023-10-22 20:16:08.693,6725,80,2,69,False,0,car,0 days 00:00:06.397000,0 days 02:15:06.460000,142.03416666666666,43.0
2023-10-22 20:16:09.013,6818,80,2,67,False,0,car,0 days 00:00:06.717000,0 days 02:15:06.780000,149.14527777777775,43.0
2023-10-22 20:16:09.213,6874,80,2,68,False,0,car,0 days 00:00:06.917000,0 days 02:15:06.980000,153.5897222222222,43.0
2023-10-22 20:16:09.533,6847,79,2,67,False,0,car,0 days 00:00:07.237000,0 days 02:15:07.300000,160.61194444444445,43.0
2023-10-22 20:16:09.773,6787,79,2,65,False,0,car,0 days 00:00:07.477000,0 days 02:15:07.540000,165.87861111111113,43.0
2023-10-22 20:16:09.933,6756,80,2,62,False,0,car,0 days 00:00:07.637000,0 days 02:15:07.700000,169.43416666666667,43.0
2023-10-22 20:16:10.213,6747,80,2,62,False,0,car,0 days 00:00:07.917000,0 days 02:15:07.980000,175.6563888888889,43.0
2023-10-22 20:16:10.453,6772,80,2,61,False,0,car,0 days 00:00:08.157000,0 days 02:15:08.220000,180.98972222222224,43.0
2023-10-22 20:16:10.773,8031,76,2,0,True,0,car,0 days 00:00:08.477000,0 days 02:15:08.540000,187.7452777777778,43.0
2023-10-22 20:16:11.013,8200,71,1,0,True,0,car,0 days 00:00:08.717000,0 days 02:15:08.780000,192.47861111111115,43.0
2023-10-22 20:16:11.173,7630,66,1,0,True,0,car,0 days 00:00:08.877000,0 days 02:15:08.940000,195.4119444444445,43.0
2023-10-22 20:16:11.453,6635,62,1,0,True,0,car,0 days 00:00:09.157000,0 days 02:15:09.220000,200.2341666666667,43.0
2023-10-22 20:16:11.733,5095,55,1,0,True,0,car,0 days 00:00:09.437000,0 days 02:15:09.500000,204.51194444444448,43.0
2023-10-22 20:16:12.013,4422,48,1,0,True,0,car,0 days 00:00:09.717000,0 days 02:15:09.780000,208.24527777777783,43.0
2023-10-22 20:16:12.413,4210,37,1,0,True,0,car,0 days 00:00:10.117000,0 days 02:15:10.180000,212.35638888888894,43.0
2023-10-22 20:16:12.613,4155,30,1,0,True,0,car,0 days 00:00:10.317000,0 days 02:15:10.380000,214.0230555555556,43.0
2023-10-22 20:16:13.092,3995,16,1,0,True,0,car,0 days 00:00:10.796000,0 days 02:15:10.859000,216.1519444444445,43.0
2023-10-22 20:16:13.492,4171,8,1,0,True,0,car,0 days 00:00:11.196000,0 days 02:15:11.259000,217.04083333333338,43.0
2023-10-22 20:16:13.732,4346,3,1,0,True,0,car,0 days 00:00:11.436000,0 days 02:15:11.499000,217.24083333333337,43.0
2023-10-22 20:16:13.892,4223,0,1,0,True,0,car,0 days 00:00:11.596000,0 days 02:15:11.659000,217.24083333333337,43.0
2023-10-22 20:16:14.292,4203,0,1,0,True,0,car,0 days 00:00:11.996000,0 days 02:15:12.059000,217.24083333333337,43.0
2023-10-22 20:16:14.692,3782,0,1,0,True,0,car,0 days 00:00:12.396000,0 days 02:15:12.459000,217.24083333333337,43.0
2023-10-22 20:16:14.973,3725,0,1,0,True,0,car,0 days 00:00:12.677000,0 days 02:15:12.740000,217.24083333333337,43.0
2023-10-22 20:16:15.213,3853,0,1,0,True,0,car,0 days 00:00:12.917000,0 days 02:15:12.980000,217.24083333333337,43.0
2023-10-22 20:16:15.413,3765,0,1,0,True,0,car,0 days 00:00:13.117000,0 days 02:15:13.180000,217.24083333333337,43.0
2023-10-22 20:16:15.653,3903,0,1,0,True,0,car,0 days 00:00:13.357000,0 days 02:15:13.420000,217.24083333333337,43.0
2023-10-22 20:16:15.853,3913,0,1,0,True,0,car,0 days 00:00:13.557000,0 days 02:15:13.620000,217.24083333333337,43.0
2023-10-22 20:16:16.053,3832,0,1,0,True,0,car,0 days 00:00:13.757000,0 days 02:15:13.820000,217.24083333333337,43.0
2023-10-22 20:16:16.413,5038,0,1,10,True,0,car,0 days 00:00:14.117000,0 days 02:15:14.180000,217.24083333333337,43.0
2023-10-22 20:16:16.733,7278,0,1,18,True,0,car,0 days 00:00:14.437000,0 days 02:15:14.500000,217.24083333333337,43.0
2023-10-22 20:16:17.173,7704,7,1,30,False,0,car,0 days 00:00:14.877000,0 days 02:15:14.940000,218.09638888888892,43.0
2023-10-22 20:16:17.613,5604,12,1,27,False,0,car,0 days 00:00:15.317000,0 days 02:15:15.380000,219.5630555555556,43.0
2023-10-22 20:16:17.813,5098,21,1,27,False,0,car,0 days 00:00:15.517000,0 days 02:15:15.580000,220.72972222222225,43.0
2023-10-22 20:16:18.213,4717,36,1,27,False,0,car,0 days 00:00:15.917000,0 days 02:15:15.980000,224.72972222222225,43.0
2023-10-22 20:16:18.453,5127,45,1,27,False,0,car,0 days 00:00:16.157000,0 days 02:15:16.220000,227.72972222222225,43.0
2023-10-22 20:16:18.653,5904,52,1,35,False,0,car,0 days 00:00:16.357000,0 days 02:15:16.420000,230.61861111111114,43.0
2023-10-22 20:16:18.853,7287,60,1,39,False,0,car,0 days 00:00:16.557000,0 days 02:15:16.620000,233.95194444444445,43.0
2023-10-22 20:16:19.093,8967,66,1,46,False,0,car,0 days 00:00:16.797000,0 days 02:15:16.860000,238.35194444444448,43.0
2023-10-22 20:16:19.532,7000,77,2,52,False,0,car,0 days 00:00:17.236000,0 days 02:15:17.299000,247.7416666666667,43.0
2023-10-22 20:16:19.772,6908,79,2,63,False,0,car,0 days 00:00:17.476000,0 days 02:15:17.539000,253.00833333333333,43.0
2023-10-22 20:16:19.972,6938,79,2,69,False,0,car,0 days 00:00:17.676000,0 days 02:15:17.739000,257.3972222222222,43.0
2023-10-22 20:16:20.172,6840,79,2,71,False,0,car,0 days 00:00:17.876000,0 days 02:15:17.939000,261.78611111111115,43.0
2023-10-22 20:16:20.452,6647,79,2,71,False,0,car,0 days 00:00:18.156000,0 days 02:15:18.219000,267.93055555555554,43.0
2023-10-22 20:16:20.692,6718,79,2,71,False,0,car,0 days 00:00:18.396000,0 days 02:15:18.459000,273.19722222222225,43.0
2023-10-22 20:16:20.972,6865,79,2,72,False,0,car,0 days 00:00:18.676000,0 days 02:15:18.739000,279.34166666666664,43.0
2023-10-22 20:16:21.172,6924,80,2,72,False,0,car,0 days 00:00:18.876000,0 days 02:15:18.939000,283.78611111111115,43.0
2023-10-22 20:16:21.333,6763,80,2,72,False,0,car,0 days 00:00:19.037000,0 days 02:15:19.100000,287.3638888888889,43.0
2023-10-22 20:16:21.573,6667,80,2,72,False,0,car,0 days 00:00:19.277000,0 days 02:15:19.340000,292.69722222222225,43.0
2023-10-22 20:16:21.773,6694,80,2,71,False,0,car,0 days 00:00:19.477000,0 days 02:15:19.540000,297.14166666666665,43.0
2023-10-22 20:16:21.933,6789,79,2,71,False,0,car,0 days 00:00:19.637000,0 days 02:15:19.700000,300.65277777777777,43.0
2023-10-22 20:16:22.093,6789,79,2,71,False,0,car,0 days 00:00:19.797000,0 days 02:15:19.860000,304.1638888888889,43.0
2023-10-22 20:16:22.253,6929,80,2,73,False,0,car,0 days 00:00:19.957000,0 days 02:15:20.020000,307.71944444444443,43.0
2023-10-22 20:16:22.533,6766,80,2,74,False,0,car,0 days 00:00:20.237000,0 days 02:15:20.300000,313.9416666666666,43.0
2023-10-22 20:16:22.773,6632,80,2,73,False,0,car,0 days 00:00:20.477000,0 days 02:15:20.540000,319.275,43.0
2023-10-22 20:16:23.013,6690,79,2,71,False,0,car,0 days 00:00:20.717000,0 days 02:15:20.780000,324.54166666666663,43.0
2023-10-22 20:16:23.173,6894,80,2,71,False,0,car,0 days 00:00:20.877000,0 days 02:15:20.940000,328.0972222222222,43.0
2023-10-22 20:16:23.453,6950,80,2,72,False,0,car,0 days 00:00:21.157000,0 days 02:15:21.220000,334.3194444444444,43.0
2023-10-22 20:16:23.613,6848,80,2,74,False,0,car,0 days 00:00:21.317000,0 days 02:15:21.380000,337.87499999999994,43.0
2023-10-22 20:16:23.813,6668,80,2,75,False,0,car,0 days 00:00:21.517000,0 days 02:15:21.580000,342.31944444444434,43.0
2023-10-22 20:16:24.093,6685,79,2,75,False,0,car,0 days 00:00:21.797000,0 days 02:15:21.860000,348.4638888888888,43.0
2023-10-22 20:16:24.253,6876,79,2,71,False,0,car,0 days 00:00:21.957000,0 days 02:15:22.020000,351.9749999999999,43.0
2023-10-22 20:16:24.573,6935,79,2,71,False,0,car,0 days 00:00:22.277000,0 days 02:15:22.340000,358.99722222222215,43.0
2023-10-22 20:16:24.733,6845,79,2,70,False,0,car,0 days 00:00:22.437000,0 days 02:15:22.500000,362.50833333333327,43.0
2023-10-22 20:16:25.053,6746,80,2,70,False,0,car,0 days 00:00:22.757000,0 days 02:15:22.820000,369.6194444444444,43.0
2023-10-22 20:16:25.333,6638,79,2,69,False,0,car,0 days 00:00:23.037000,0 days 02:15:23.100000,375.7638888888888,43.0
2023-10-22 20:16:25.573,6734,79,2,68,False,0,car,0 days 00:00:23.277000,0 days 02:15:23.340000,381.0305555555555,43.0
2023-10-22 20:16:25.933,7684,82,2,57,False,0,car,0 days 00:00:23.637000,0 days 02:15:23.700000,389.2305555555555,43.0
2023-10-22 20:16:26.093,8549,86,2,51,False,0,car,0 days 00:00:23.797000,0 days 02:15:23.860000,393.05277777777775,43.0
2023-10-22 20:16:26.492,8661,98,2,46,False,0,car,0 days 00:00:24.196000,0 days 02:15:24.259000,403.9144444444444,43.0
2023-10-22 20:16:26.692,9351,104,2,58,False,0,car,0 days 00:00:24.396000,0 days 02:15:24.459000,409.6922222222222,43.0
2023-10-22 20:16:27.052,10522,120,2,67,False,0,car,0 days 00:00:24.756000,0 days 02:15:24.819000,421.6922222222222,43.0
2023-10-22 20:16:27.292,9571,126,2,73,False,0,car,0 days 00:00:24.996000,0 days 02:15:25.059000,430.0922222222221,43.0
2023-10-22 20:16:27.532,10440,138,3,79,False,0,car,0 days 00:00:25.236000,0 days 02:15:25.299000,439.2922222222222,43.0
2023-10-22 20:16:27.772,11018,148,3,96,False,0,car,0 days 00:00:25.476000,0 days 02:15:25.539000,449.15888888888884,43.0
2023-10-22 20:16:28.133,10863,161,3,100,False,0,car,0 days 00:00:25.837000,0 days 02:15:25.900000,465.3036111111111,43.0
2023-10-22 20:16:28.413,10880,173,4,100,False,0,car,0 days 00:00:26.117000,0 days 02:15:26.180000,478.7591666666667,43.0
2023-10-22 20:16:28.813,10837,184,4,99,False,0,car,0 days 00:00:26.517000,0 days 02:15:26.580000,499.20361111111106,43.0
2023-10-22 20:16:29.173,10705,197,5,100,False,0,car,0 days 00:00:26.877000,0 days 02:15:26.940000,518.903611111111,43.0
2023-10-22 20:16:29.333,10991,203,5,100,False,0,car,0 days 00:00:27.037000,0 days 02:15:27.100000,527.9258333333332,43.0
2023-10-22 20:16:29.493,10927,204,5,100,False,0,car,0 days 00:00:27.197000,0 days 02:15:27.260000,536.9925,43.0
2023-10-22 20:16:29.853,10185,199,5,13,True,0,car,0 days 00:00:27.557000,0 days 02:15:27.620000,556.8924999999999,43.0
2023-10-22 20:16:30.013,10325,191,5,0,True,0,car,0 days 00:00:27.717000,0 days 02:15:27.780000,565.3813888888889,43.0
2023-10-22 20:16:30.213,10532,172,5,0,True,0,car,0 days 00:00:27.917000,0 days 02:15:27.980000,574.9369444444445,43.0
2023-10-22 20:16:30.373,9953,161,4,0,True,0,car,0 days 00:00:28.077000,0 days 02:15:28.140000,582.0925000000001,43.0
2023-10-22 20:16:30.613,10329,149,4,0,True,0,car,0 days 00:00:28.317000,0 days 02:15:28.380000,592.0258333333334,43.0
2023-10-22 20:16:30.853,9762,129,3,0,True,0,car,0 days 00:00:28.557000,0 days 02:15:28.620000,600.6258333333333,43.0
2023-10-22 20:16:31.013,10265,129,3,0,True,0,car,0 days 00:00:28.717000,0 days 02:15:28.780000,606.3591666666666,43.0
2023-10-22 20:16:31.173,9455,113,2,0,True,0,car,0 days 00:00:28.877000,0 days 02:15:28.940000,611.3813888888889,43.0
2023-10-22 20:16:31.373,8840,104,2,0,True,0,car,0 days 00:00:29.077000,0 days 02:15:29.140000,617.1591666666667,43.0
2023-10-22 20:16:31.733,7472,88,2,0,True,0,car,0 days 00:00:29.437000,0 days 02:15:29.500000,625.9591666666666,43.0
2023-10-22 20:16:31.933,6813,82,2,0,True,0,car,0 days 00:00:29.637000,0 days 02:15:29.700000,630.5147222222222,43.0
2023-10-22 20:16:32.173,6538,77,2,0,True,0,car,0 days 00:00:29.877000,0 days 02:15:29.940000,635.6480555555555,43.0
2023-10-22 20:16:32.413,6024,72,2,0,True,0,car,0 days 00:00:30.117000,0 days 02:15:30.180000,640.4480555555556,43.0
2023-10-22 20:16:32.653,5484,68,2,0,False,0,car,0 days 00:00:30.357000,0 days 02:15:30.420000,644.9813888888889,43.0
2023-10-22 20:16:32.813,5267,68,2,0,False,0,car,0 days 00:00:30.517000,0 days 02:15:30.580000,648.0036111111111,43.0
2023-10-22 20:16:33.132,5842,62,2,10,False,0,car,0 days 00:00:30.836000,0 days 02:15:30.899000,653.4975,43.0
2023-10-22 20:16:33.292,5585,63,2,15,False,0,car,0 days 00:00:30.996000,0 days 02:15:31.059000,656.2974999999999,43.0
2023-10-22 20:16:33.572,6064,67,2,21,False,0,car,0 days 00:00:31.276000,0 days 02:15:31.339000,661.508611111111,43.0
2023-10-22 20:16:33.812,6640,68,2,32,False,0,car,0 days 00:00:31.516000,0 days 02:15:31.579000,666.0419444444443,43.0
2023-10-22 20:16:34.212,7281,78,2,13,False,0,car,0 days 00:00:31.916000,0 days 02:15:31.979000,674.708611111111,43.0
2023-10-22 20:16:34.613,7684,86,2,39,False,0,car,0 days 00:00:32.317000,0 days 02:15:32.380000,684.2880555555555,43.0
2023-10-22 20:16:34.813,8255,93,2,46,False,0,car,0 days 00:00:32.517000,0 days 02:15:32.580000,689.4547222222222,43.0
2023-10-22 20:16:35.173,9513,108,2,56,False,0,car,0 days 00:00:32.877000,0 days 02:15:32.940000,700.2547222222222,43.0
2023-10-22 20:16:35.373,9793,112,2,63,False,0,car,0 days 00:00:33.077000,0 days 02:15:33.140000,706.4769444444443,43.0
2023-10-22 20:16:35.573,9867,124,2,69,False,0,car,0 days 00:00:33.277000,0 days 02:15:33.340000,713.3658333333333,43.0
2023-10-22 20:16:35.733,10707,132,3,72,False,0,car,0 days 00:00:33.437000,0 days 02:15:33.500000,719.2324999999998,43.0
2023-10-22 20:16:35.933,11366,140,3,74,False,0,car,0 days 00:00:33.637000,0 days 02:15:33.700000,727.0102777777778,43.0
2023-10-22 20:16:36.213,11013,149,3,76,False,0,car,0 days 00:00:33.917000,0 days 02:15:33.980000,738.5991666666667,43.0
2023-10-22 20:16:36.453,10292,158,3,99,False,0,car,0 days 00:00:34.157000,0 days 02:15:34.220000,749.1324999999998,43.0
2023-10-22 20:16:36.693,10474,165,4,100,False,0,car,0 days 00:00:34.397000,0 days 02:15:34.460000,760.1324999999999,43.0
2023-10-22 20:16:37.093,11658,185,4,99,False,0,car,0 days 00:00:34.797000,0 days 02:15:34.860000,780.6880555555554,43.0
2023-10-22 20:16:37.253,11864,185,4,99,False,0,car,0 days 00:00:34.957000,0 days 02:15:35.020000,788.9102777777778,43.0
2023-10-22 20:16:37.453,11164,185,4,99,False,0,car,0 days 00:00:35.157000,0 days 02:15:35.220000,799.1880555555554,43.0
2023-10-22 20:16:37.693,11150,205,5,99,False,0,car,0 days 00:00:35.397000,0 days 02:15:35.460000,812.8547222222221,43.0
2023-10-22 20:16:38.013,10100,212,6,99,False,0,car,0 days 00:00:35.717000,0 days 02:15:35.780000,831.6991666666665,43.0
2023-10-22 20:16:38.253,10585,221,6,100,False,0,car,0 days 00:00:35.957000,0 days 02:15:36.020000,846.4325,43.0
2023-10-22 20:16:38.413,10690,226,6,99,False,0,car,0 days 00:00:36.117000,0 days 02:15:36.180000,856.4769444444443,43.0
2023-10-22 20:16:38.733,10867,234,6,99,False,0,car,0 days 00:00:36.437000,0 days 02:15:36.500000,877.2769444444443,43.0
2023-10-22 20:16:38.893,11151,234,6,99,False,0,car,0 days 00:00:36.597000,0 days 02:15:36.660000,887.6769444444445,43.0
2023-10-22 20:16:39.133,11374,240,6,99,False,0,car,0 days 00:00:36.837000,0 days 02:15:36.900000,903.6769444444446,43.0
2023-10-22 20:16:39.333,11510,243,6,100,False,0,car,0 days 00:00:37.037000,0 days 02:15:37.100000,917.1769444444443,43.0
2023-10-22 20:16:39.573,11559,246,6,100,False,0,car,0 days 00:00:37.277000,0 days 02:15:37.340000,933.5769444444444,43.0
2023-10-22 20:16:39.812,11736,249,6,100,False,0,car,0 days 00:00:37.516000,0 days 02:15:37.579000,950.1077777777775,43.0
2023-10-22 20:16:39.972,10616,252,6,99,False,0,car,0 days 00:00:37.676000,0 days 02:15:37.739000,961.3077777777778,43.0
2023-10-22 20:16:40.252,10537,254,7,100,False,0,car,0 days 00:00:37.956000,0 days 02:15:38.019000,981.0633333333334,43.0
2023-10-22 20:16:40.532,10707,259,7,100,False,0,car,0 days 00:00:38.236000,0 days 02:15:38.299000,1001.2077777777774,43.0
2023-10-22 20:16:40.692,10779,260,7,99,False,0,car,0 days 00:00:38.396000,0 days 02:15:38.459000,1012.7633333333332,43.0
2023-10-22 20:16:40.892,10804,260,7,100,False,0,car,0 days 00:00:38.596000,0 days 02:15:38.659000,1027.2077777777774,43.0
2023-10-22 20:16:41.093,10952,263,7,100,False,0,car,0 days 00:00:38.797000,0 days 02:15:38.860000,1041.891944444444,43.0
2023-10-22 20:16:41.333,11029,267,7,99,False,0,car,0 days 00:00:39.037000,0 days 02:15:39.100000,1059.6919444444443,43.0
2023-10-22 20:16:41.653,11211,269,7,100,False,0,car,0 days 00:00:39.357000,0 days 02:15:39.420000,1083.6030555555553,43.0
2023-10-22 20:16:41.933,11293,272,7,100,False,0,car,0 days 00:00:39.637000,0 days 02:15:39.700000,1104.758611111111,43.0
2023-10-22 20:16:42.133,11376,274,7,100,False,0,car,0 days 00:00:39.837000,0 days 02:15:39.900000,1119.9808333333333,43.0
2023-10-22 20:16:42.453,11007,275,7,35,False,0,car,0 days 00:00:40.157000,0 days 02:15:40.220000,1144.4252777777772,43.0
2023-10-22 20:16:42.733,11284,274,7,30,False,0,car,0 days 00:00:40.437000,0 days 02:15:40.500000,1165.7363888888883,43.0
2023-10-22 20:16:43.053,10872,264,7,61,False,0,car,0 days 00:00:40.757000,0 days 02:15:40.820000,1189.203055555555,43.0
2023-10-22 20:16:43.293,10431,264,7,9,True,0,car,0 days 00:00:40.997000,0 days 02:15:41.060000,1206.8030555555551,43.0
2023-10-22 20:16:43.493,10418,258,7,0,True,0,car,0 days 00:00:41.197000,0 days 02:15:41.260000,1221.1363888888886,43.0
2023-10-22 20:16:43.853,10192,247,7,37,False,0,car,0 days 00:00:41.557000,0 days 02:15:41.620000,1245.8363888888887,43.0
2023-10-22 20:16:44.093,10172,246,7,53,False,0,car,0 days 00:00:41.797000,0 days 02:15:41.860000,1262.2363888888883,43.0
2023-10-22 20:16:44.573,9984,246,7,61,True,0,car,0 days 00:00:42.277000,0 days 02:15:42.340000,1295.0363888888885,43.0
2023-10-22 20:16:44.853,10884,240,7,0,True,0,car,0 days 00:00:42.557000,0 days 02:15:42.620000,1313.7030555555552,43.0
2023-10-22 20:16:45.013,10789,233,6,3,False,0,car,0 days 00:00:42.717000,0 days 02:15:42.780000,1324.0586111111106,43.0
2023-10-22 20:16:45.213,10474,227,6,27,False,0,car,0 days 00:00:42.917000,0 days 02:15:42.980000,1336.669722222222,43.0
2023-10-22 20:16:45.573,10532,223,6,46,False,0,car,0 days 00:00:43.277000,0 days 02:15:43.340000,1358.969722222222,43.0
2023-10-22 20:16:45.773,10532,221,6,57,False,0,car,0 days 00:00:43.477000,0 days 02:15:43.540000,1371.2474999999995,43.0
2023-10-22 20:16:46.213,10528,228,6,91,False,0,car,0 days 00:00:43.917000,0 days 02:15:43.980000,1399.1141666666665,43.0
2023-10-22 20:16:46.372,11009,233,6,87,False,0,car,0 days 00:00:44.076000,0 days 02:15:44.139000,1409.4049999999997,43.0
2023-10-22 20:16:46.692,10788,229,6,34,False,0,car,0 days 00:00:44.396000,0 days 02:15:44.459000,1429.7605555555554,43.0
2023-10-22 20:16:46.852,10508,226,6,34,False,0,car,0 days 00:00:44.556000,0 days 02:15:44.619000,1439.8049999999996,43.0
2023-10-22 20:16:47.132,10225,220,6,0,False,0,car,0 days 00:00:44.836000,0 days 02:15:44.899000,1456.9161111111107,43.0
2023-10-22 20:16:47.332,10085,217,6,9,False,0,car,0 days 00:00:45.036000,0 days 02:15:45.099000,1468.9716666666664,43.0
2023-10-22 20:16:47.572,9806,211,6,0,False,0,car,0 days 00:00:45.276000,0 days 02:15:45.339000,1483.0383333333332,43.0
2023-10-22 20:16:47.813,10286,208,6,35,False,0,car,0 days 00:00:45.517000,0 days 02:15:45.580000,1496.9627777777775,43.0
2023-10-22 20:16:48.093,9772,207,6,49,False,0,car,0 days 00:00:45.797000,0 days 02:15:45.860000,1513.0627777777772,43.0
2023-10-22 20:16:48.373,9788,207,6,53,False,0,car,0 days 00:00:46.077000,0 days 02:15:46.140000,1529.1627777777774,43.0
2023-10-22 20:16:48.613,9769,206,6,58,False,0,car,0 days 00:00:46.317000,0 days 02:15:46.380000,1542.8961111111107,43.0
2023-10-22 20:16:48.853,9954,208,6,62,False,0,car,0 days 00:00:46.557000,0 days 02:15:46.620000,1556.7627777777775,43.0
2023-10-22 20:16:49.093,10075,209,6,74,False,0,car,0 days 00:00:46.797000,0 days 02:15:46.860000,1570.6961111111104,43.0
2023-10-22 20:16:49.413,10256,212,6,85,False,0,car,0 days 00:00:47.117000,0 days 02:15:47.180000,1589.5405555555549,43.0
2023-10-22 20:16:49.573,10309,217,6,94,False,0,car,0 days 00:00:47.277000,0 days 02:15:47.340000,1599.1849999999995,43.0
2023-10-22 20:16:49.973,10552,222,6,100,False,0,car,0 days 00:00:47.677000,0 days 02:15:47.740000,1623.851666666666,43.0
2023-10-22 20:16:50.373,9931,214,6,1,True,0,car,0 days 00:00:48.077000,0 days 02:15:48.140000,1647.6294444444436,43.0
2023-10-22 20:16:50.613,10822,204,6,1,True,0,car,0 days 00:00:48.317000,0 days 02:15:48.380000,1661.2294444444437,43.0
2023-10-22 20:16:50.973,10023,189,5,2,True,0,car,0 days 00:00:48.677000,0 days 02:15:48.740000,1680.1294444444436,43.0
2023-10-22 20:16:51.133,9720,186,5,0,True,0,car,0 days 00:00:48.837000,0 days 02:15:48.900000,1688.3961111111105,43.0
2023-10-22 20:16:51.333,9529,180,5,2,False,0,car,0 days 00:00:49.037000,0 days 02:15:49.100000,1698.3961111111103,43.0
2023-10-22 20:16:51.613,9284,175,5,36,False,0,car,0 days 00:00:49.317000,0 days 02:15:49.380000,1712.0072222222213,43.0
2023-10-22 20:16:51.813,9590,176,5,45,False,0,car,0 days 00:00:49.517000,0 days 02:15:49.580000,1721.7849999999992,43.0
2023-10-22 20:16:52.173,9930,181,5,67,False,0,car,0 days 00:00:49.877000,0 days 02:15:49.940000,1739.884999999999,43.0
2023-10-22 20:16:52.573,10324,191,5,78,False,0,car,0 days 00:00:50.277000,0 days 02:15:50.340000,1761.1072222222213,43.0
2023-10-22 20:16:52.853,10464,196,5,78,False,0,car,0 days 00:00:50.557000,0 days 02:15:50.620000,1776.3516666666658,43.0
2023-10-22 20:16:53.013,10197,194,5,0,True,0,car,0 days 00:00:50.717000,0 days 02:15:50.780000,1784.9738888888878,43.0
2023-10-22 20:16:53.252,10770,179,5,0,True,0,car,0 days 00:00:50.956000,0 days 02:15:51.019000,1796.8574999999992,43.0
2023-10-22 20:16:53.572,10568,169,4,0,True,0,car,0 days 00:00:51.276000,0 days 02:15:51.339000,1811.8797222222213,43.0
2023-10-22 20:16:53.772,9923,164,4,0,True,0,car,0 days 00:00:51.476000,0 days 02:15:51.539000,1820.9908333333321,43.0
2023-10-22 20:16:54.092,9559,157,4,0,True,0,car,0 days 00:00:51.796000,0 days 02:15:51.859000,1834.9463888888877,43.0
2023-10-22 20:16:54.573,8932,149,4,0,False,0,car,0 days 00:00:52.277000,0 days 02:15:52.340000,1854.8544444444433,43.0
2023-10-22 20:16:54.933,8785,140,4,0,False,0,car,0 days 00:00:52.637000,0 days 02:15:52.700000,1868.8544444444433,43.0
2023-10-22 20:16:55.173,8523,137,4,21,False,0,car,0 days 00:00:52.877000,0 days 02:15:52.940000,1877.9877777777767,43.0
2023-10-22 20:16:55.373,8605,137,4,16,False,0,car,0 days 00:00:53.077000,0 days 02:15:53.140000,1885.5988888888876,43.0
2023-10-22 20:16:55.773,8644,139,4,46,False,0,car,0 days 00:00:53.477000,0 days 02:15:53.540000,1901.043333333332,43.0
2023-10-22 20:16:55.933,8953,143,4,61,False,0,car,0 days 00:00:53.637000,0 days 02:15:53.700000,1907.3988888888875,43.0
2023-10-22 20:16:56.133,9352,150,4,73,False,0,car,0 days 00:00:53.837000,0 days 02:15:53.900000,1915.732222222221,43.0
2023-10-22 20:16:56.373,9821,155,4,65,False,0,car,0 days 00:00:54.077000,0 days 02:15:54.140000,1926.065555555554,43.0
2023-10-22 20:16:56.853,9921,158,4,42,False,0,car,0 days 00:00:54.557000,0 days 02:15:54.620000,1947.132222222221,43.0
2023-10-22 20:16:57.173,10058,158,4,46,False,0,car,0 days 00:00:54.877000,0 days 02:15:54.940000,1961.1766666666654,43.0
2023-10-22 20:16:57.373,10241,162,4,59,False,0,car,0 days 00:00:55.077000,0 days 02:15:55.140000,1970.1766666666651,43.0
2023-10-22 20:16:57.653,10920,171,4,76,False,0,car,0 days 00:00:55.357000,0 days 02:15:55.420000,1983.476666666665,43.0
2023-10-22 20:16:57.853,11112,171,4,84,False,0,car,0 days 00:00:55.557000,0 days 02:15:55.620000,1992.9766666666653,43.0
2023-10-22 20:16:58.053,11575,181,4,99,False,0,car,0 days 00:00:55.757000,0 days 02:15:55.820000,2003.0322222222208,43.0
2023-10-22 20:16:58.453,10875,181,4,100,False,0,car,0 days 00:00:56.157000,0 days 02:15:56.220000,2023.1433333333318,43.0
2023-10-22 20:16:58.733,10655,195,4,100,False,0,car,0 days 00:00:56.437000,0 days 02:15:56.500000,2038.3099999999986,43.0
2023-10-22 20:16:59.093,11723,213,4,99,False,0,car,0 days 00:00:56.797000,0 days 02:15:56.860000,2059.6099999999988,43.0
2023-10-22 20:16:59.333,10613,224,5,99,False,0,car,0 days 00:00:57.037000,0 days 02:15:57.100000,2074.543333333332,43.0
2023-10-22 20:16:59.613,10883,229,6,99,False,0,car,0 days 00:00:57.317000,0 days 02:15:57.380000,2092.3544444444433,43.0
2023-10-22 20:16:59.892,11208,237,6,99,False,0,car,0 days 00:00:57.596000,0 days 02:15:57.659000,2110.721944444443,43.0
2023-10-22 20:17:00.052,11589,239,6,99,False,0,car,0 days 00:00:57.756000,0 days 02:15:57.819000,2121.3441666666654,43.0
2023-10-22 20:17:00.332,11775,246,6,100,False,0,car,0 days 00:00:58.036000,0 days 02:15:58.099000,2140.4774999999986,43.0
2023-10-22 20:17:00.572,10655,249,6,100,False,0,car,0 days 00:00:58.276000,0 days 02:15:58.339000,2157.077499999999,43.0
2023-10-22 20:17:00.853,10704,255,7,99,False,0,car,0 days 00:00:58.557000,0 days 02:15:58.620000,2176.9816666666657,43.0
2023-10-22 20:17:01.133,10767,256,7,100,False,0,car,0 days 00:00:58.837000,0 days 02:15:58.900000,2196.8927777777767,43.0
2023-10-22 20:17:01.333,10878,263,7,100,False,0,car,0 days 00:00:59.037000,0 days 02:15:59.100000,2211.5038888888876,43.0
2023-10-22 20:17:01.653,11060,267,7,100,False,0,car,0 days 00:00:59.357000,0 days 02:15:59.420000,2235.237222222221,43.0
2023-10-22 20:17:01.933,11212,271,7,99,False,0,car,0 days 00:00:59.637000,0 days 02:15:59.700000,2256.314999999999,43.0
2023-10-22 20:17:02.253,11404,274,7,100,False,0,car,0 days 00:00:59.957000,0 days 02:16:00.020000,2280.6705555555545,43.0
2023-10-22 20:17:02.493,11466,277,7,100,False,0,car,0 days 00:01:00.197000,0 days 02:16:00.260000,2299.137222222221,43.0
2023-10-22 20:17:02.853,10348,281,8,100,False,0,car,0 days 00:01:00.557000,0 days 02:16:00.620000,2327.237222222221,43.0
2023-10-22 20:17:03.053,10367,282,8,99,False,0,car,0 days 00:01:00.757000,0 days 02:16:00.820000,2342.9038888888876,43.0
2023-10-22 20:17:03.293,10442,285,8,99,False,0,car,0 days 00:01:00.997000,0 days 02:16:01.060000,2361.9038888888876,43.0
2023-10-22 20:17:03.733,9811,272,8,0,False,0,car,0 days 00:01:01.437000,0 days 02:16:01.500000,2395.1483333333317,43.0
2023-10-22 20:17:04.053,9771,252,8,0,True,0,car,0 days 00:01:01.757000,0 days 02:16:01.820000,2417.548333333332,43.0
2023-10-22 20:17:04.253,10356,231,7,0,True,0,car,0 days 00:01:01.957000,0 days 02:16:02.020000,2430.3816666666653,43.0
2023-10-22 20:17:04.533,9813,200,6,0,True,0,car,0 days 00:01:02.237000,0 days 02:16:02.300000,2445.937222222221,43.0
2023-10-22 20:17:04.733,9982,186,6,0,True,0,car,0 days 00:01:02.437000,0 days 02:16:02.500000,2456.270555555554,43.0
2023-10-22 20:17:04.933,9129,172,5,0,True,0,car,0 days 00:01:02.637000,0 days 02:16:02.700000,2465.8261111111096,43.0
2023-10-22 20:17:05.293,9762,153,4,0,True,0,car,0 days 00:01:02.997000,0 days 02:16:03.060000,2481.12611111111,43.0
2023-10-22 20:17:05.493,9304,131,3,0,True,0,car,0 days 00:01:03.197000,0 days 02:16:03.260000,2488.4038888888876,43.0
2023-10-22 20:17:05.853,7640,109,3,0,True,0,car,0 days 00:01:03.557000,0 days 02:16:03.620000,2499.3038888888877,43.0
2023-10-22 20:17:06.093,7083,100,3,0,True,0,car,0 days 00:01:03.797000,0 days 02:16:03.860000,2505.9705555555543,43.0
2023-10-22 20:17:06.413,6249,91,3,0,True,0,car,0 days 00:01:04.117000,0 days 02:16:04.180000,2514.059444444443,43.0
2023-10-22 20:17:06.572,5898,85,3,0,True,0,car,0 days 00:01:04.276000,0 days 02:16:04.339000,2517.81361111111,43.0
2023-10-22 20:17:07.012,5151,74,3,0,True,0,car,0 days 00:01:04.716000,0 days 02:16:04.779000,2526.858055555554,43.0
2023-10-22 20:17:07.212,4773,72,3,0,False,0,car,0 days 00:01:04.916000,0 days 02:16:04.979000,2530.858055555554,43.0
2023-10-22 20:17:07.453,4668,70,3,0,False,0,car,0 days 00:01:05.157000,0 days 02:16:05.220000,2535.544166666665,43.0
2023-10-22 20:17:07.813,5109,64,3,7,False,0,car,0 days 00:01:05.517000,0 days 02:16:05.580000,2541.9441666666653,43.0
2023-10-22 20:17:08.013,5203,65,3,16,False,0,car,0 days 00:01:05.717000,0 days 02:16:05.780000,2545.5552777777766,43.0
2023-10-22 20:17:08.453,5573,70,3,30,False,0,car,0 days 00:01:06.157000,0 days 02:16:06.220000,2554.1108333333323,43.0
2023-10-22 20:17:08.653,5853,78,3,30,False,0,car,0 days 00:01:06.357000,0 days 02:16:06.420000,2558.4441666666658,43.0
2023-10-22 20:17:08.893,6414,83,3,39,False,0,car,0 days 00:01:06.597000,0 days 02:16:06.660000,2563.977499999999,43.0
2023-10-22 20:17:09.133,6826,91,3,42,False,0,car,0 days 00:01:06.837000,0 days 02:16:06.900000,2570.044166666666,43.0
2023-10-22 20:17:09.333,6966,97,3,46,False,0,car,0 days 00:01:07.037000,0 days 02:16:07.100000,2575.4330555555553,43.0
2023-10-22 20:17:09.493,7763,100,3,48,False,0,car,0 days 00:01:07.197000,0 days 02:16:07.260000,2579.8774999999996,43.0
2023-10-22 20:17:09.653,8027,106,3,51,False,0,car,0 days 00:01:07.357000,0 days 02:16:07.420000,2584.588611111111,43.0
2023-10-22 20:17:09.973,8954,118,3,61,False,0,car,0 days 00:01:07.677000,0 days 02:16:07.740000,2595.0775,43.0
2023-10-22 20:17:10.213,9960,123,3,72,False,0,car,0 days 00:01:07.917000,0 days 02:16:07.980000,2603.2774999999997,43.0
2023-10-22 20:17:10.533,10842,147,3,90,False,0,car,0 days 00:01:08.237000,0 days 02:16:08.300000,2616.3441666666663,43.0
2023-10-22 20:17:10.893,10437,162,4,100,False,0,car,0 days 00:01:08.597000,0 days 02:16:08.660000,2632.544166666666,43.0
2023-10-22 20:17:11.173,11128,171,4,100,False,0,car,0 days 00:01:08.877000,0 days 02:16:08.940000,2645.8441666666663,43.0
2023-10-22 20:17:11.493,11004,184,4,100,False,0,car,0 days 00:01:09.197000,0 days 02:16:09.260000,2662.199722222222,43.0
2023-10-22 20:17:11.733,10780,199,5,100,False,0,car,0 days 00:01:09.437000,0 days 02:16:09.500000,2675.4663888888886,43.0
2023-10-22 20:17:11.893,10836,203,5,100,False,0,car,0 days 00:01:09.597000,0 days 02:16:09.660000,2684.4886111111105,43.0
2023-10-22 20:17:12.093,11278,209,5,100,False,0,car,0 days 00:01:09.797000,0 days 02:16:09.860000,2696.0997222222218,43.0
2023-10-22 20:17:12.453,11365,221,5,100,False,0,car,0 days 00:01:10.157000,0 days 02:16:10.220000,2718.1997222222217,43.0
2023-10-22 20:17:12.653,10710,227,6,100,False,0,car,0 days 00:01:10.357000,0 days 02:16:10.420000,2730.810833333333,43.0
2023-10-22 20:17:12.853,10892,229,6,100,False,0,car,0 days 00:01:10.557000,0 days 02:16:10.620000,2743.5330555555556,43.0
2023-10-22 20:17:13.173,11273,238,6,100,False,0,car,0 days 00:01:10.877000,0 days 02:16:10.940000,2764.6886111111107,43.0
2023-10-22 20:17:13.372,11463,242,6,100,False,0,car,0 days 00:01:11.076000,0 days 02:16:11.139000,2778.0658333333326,43.0
2023-10-22 20:17:13.572,11631,246,6,100,False,0,car,0 days 00:01:11.276000,0 days 02:16:11.339000,2791.7324999999996,43.0
2023-10-22 20:17:13.892,10449,251,7,100,False,0,car,0 days 00:01:11.596000,0 days 02:16:11.659000,2814.043611111111,43.0
2023-10-22 20:17:14.053,10566,254,7,100,False,0,car,0 days 00:01:11.757000,0 days 02:16:11.820000,2825.403055555556,43.0
2023-10-22 20:17:14.333,10690,258,7,99,False,0,car,0 days 00:01:12.037000,0 days 02:16:12.100000,2845.4697222222226,43.0
2023-10-22 20:17:14.533,10799,261,7,100,False,0,car,0 days 00:01:12.237000,0 days 02:16:12.300000,2859.9697222222217,43.0
2023-10-22 20:17:14.773,10886,262,7,100,False,0,car,0 days 00:01:12.477000,0 days 02:16:12.540000,2877.436388888889,43.0
2023-10-22 20:17:15.133,11016,267,7,100,False,0,car,0 days 00:01:12.837000,0 days 02:16:12.900000,2904.1363888888886,43.0
2023-10-22 20:17:15.573,11210,270,7,100,False,0,car,0 days 00:01:13.277000,0 days 02:16:13.340000,2937.1363888888886,43.0
2023-10-22 20:17:15.933,11321,274,7,100,False,0,car,0 days 00:01:13.637000,0 days 02:16:13.700000,2964.5363888888887,43.0
2023-10-22 20:17:16.333,11430,277,7,100,False,0,car,0 days 00:01:14.037000,0 days 02:16:14.100000,2995.314166666667,43.0
2023-10-22 20:17:16.613,11463,278,7,100,False,0,car,0 days 00:01:14.317000,0 days 02:16:14.380000,3016.9363888888884,43.0
2023-10-22 20:17:16.773,10343,279,7,100,False,0,car,0 days 00:01:14.477000,0 days 02:16:14.540000,3029.3363888888894,43.0
2023-10-22 20:17:17.093,10357,281,8,100,False,0,car,0 days 00:01:14.797000,0 days 02:16:14.860000,3054.3141666666666,43.0
2023-10-22 20:17:17.373,10385,284,8,100,False,0,car,0 days 00:01:15.077000,0 days 02:16:15.140000,3076.4030555555555,43.0
2023-10-22 20:17:17.733,10554,285,8,100,False,0,car,0 days 00:01:15.437000,0 days 02:16:15.500000,3104.9030555555555,43.0
2023-10-22 20:17:17.933,10557,287,8,100,False,0,car,0 days 00:01:15.637000,0 days 02:16:15.700000,3120.8475000000003,43.0
2023-10-22 20:17:18.133,10585,288,8,100,False,0,car,0 days 00:01:15.837000,0 days 02:16:15.900000,3136.8475000000008,43.0
2023-10-22 20:17:18.373,10672,290,8,100,False,0,car,0 days 00:01:16.077000,0 days 02:16:16.140000,3156.180833333334,43.0
2023-10-22 20:17:18.653,10711,291,8,100,False,0,car,0 days 00:01:16.357000,0 days 02:16:16.420000,3178.814166666667,43.0
2023-10-22 20:17:18.893,10784,292,8,100,False,0,car,0 days 00:01:16.597000,0 days 02:16:16.660000,3198.2808333333332,43.0
2023-10-22 20:17:19.213,10809,293,8,100,False,0,car,0 days 00:01:16.917000,0 days 02:16:16.980000,3224.3252777777784,43.0
2023-10-22 20:17:19.653,10828,294,8,100,False,0,car,0 days 00:01:17.357000,0 days 02:16:17.420000,3260.2586111111113,43.0
2023-10-22 20:17:19.853,10836,295,8,100,False,0,car,0 days 00:01:17.557000,0 days 02:16:17.620000,3276.6475000000005,43.0
2023-10-22 20:17:20.212,10882,296,8,100,False,0,car,0 days 00:01:17.916000,0 days 02:16:17.979000,3306.1652777777776,43.0
2023-10-22 20:17:20.452,10924,297,8,100,False,0,car,0 days 00:01:18.156000,0 days 02:16:18.219000,3325.9652777777783,43.0
2023-10-22 20:17:20.853,10952,298,8,100,False,0,car,0 days 00:01:18.557000,0 days 02:16:18.620000,3359.159166666667,43.0
2023-10-22 20:17:21.093,10983,299,8,100,False,0,car,0 days 00:01:18.797000,0 days 02:16:18.860000,3379.0924999999997,43.0
2023-10-22 20:17:21.413,10934,297,8,100,False,0,car,0 days 00:01:19.117000,0 days 02:16:19.180000,3405.4925000000003,43.0
2023-10-22 20:17:21.653,10980,297,8,100,False,0,car,0 days 00:01:19.357000,0 days 02:16:19.420000,3425.2925,43.0
2023-10-22 20:17:21.853,10921,297,8,100,False,0,car,0 days 00:01:19.557000,0 days 02:16:19.620000,3441.7925000000005,43.0
2023-10-22 20:17:22.093,10949,298,8,100,False,0,car,0 days 00:01:19.797000,0 days 02:16:19.860000,3461.659166666667,43.0
2023-10-22 20:17:22.333,11011,298,8,100,False,0,car,0 days 00:01:20.037000,0 days 02:16:20.100000,3481.525833333334,43.0
2023-10-22 20:17:22.493,10974,298,8,100,False,0,car,0 days 00:01:20.197000,0 days 02:16:20.260000,3494.770277777778,43.0
2023-10-22 20:17:23.253,10857,295,8,100,False,0,car,0 days 00:01:20.957000,0 days 02:16:21.020000,3557.048055555555,43.0
2023-10-22 20:17:23.453,11090,294,8,100,False,0,car,0 days 00:01:21.157000,0 days 02:16:21.220000,3573.3813888888885,43.0
2023-10-22 20:17:23.773,10355,283,8,0,True,0,car,0 days 00:01:21.477000,0 days 02:16:21.540000,3598.5369444444445,43.0
2023-10-22 20:17:24.013,9705,268,8,0,True,0,car,0 days 00:01:21.717000,0 days 02:16:21.780000,3616.403611111111,43.0
2023-10-22 20:17:24.213,9933,246,8,0,True,0,car,0 days 00:01:21.917000,0 days 02:16:21.980000,3630.070277777778,43.0
2023-10-22 20:17:24.373,9816,225,7,0,True,0,car,0 days 00:01:22.077000,0 days 02:16:22.140000,3640.070277777778,43.0
2023-10-22 20:17:24.693,10293,193,7,0,True,0,car,0 days 00:01:22.397000,0 days 02:16:22.460000,3657.225833333334,43.0
2023-10-22 20:17:25.053,8875,159,5,0,True,0,car,0 days 00:01:22.757000,0 days 02:16:22.820000,3673.125833333334,43.0
2023-10-22 20:17:25.213,9041,152,5,0,True,0,car,0 days 00:01:22.917000,0 days 02:16:22.980000,3679.8813888888894,43.0
2023-10-22 20:17:25.493,9097,131,4,0,True,0,car,0 days 00:01:23.197000,0 days 02:16:23.260000,3690.0702777777783,43.0
2023-10-22 20:17:25.693,8330,119,3,0,True,0,car,0 days 00:01:23.397000,0 days 02:16:23.460000,3696.6813888888896,43.0
2023-10-22 20:17:26.053,7755,102,3,0,True,0,car,0 days 00:01:23.757000,0 days 02:16:23.820000,3706.8813888888894,43.0
2023-10-22 20:17:26.253,6978,100,3,0,True,0,car,0 days 00:01:23.957000,0 days 02:16:24.020000,3712.4369444444446,43.0
2023-10-22 20:17:26.573,6296,91,3,0,True,0,car,0 days 00:01:24.277000,0 days 02:16:24.340000,3720.5258333333336,43.0
2023-10-22 20:17:26.772,6197,89,3,0,True,0,car,0 days 00:01:24.476000,0 days 02:16:24.539000,3725.445555555556,43.0
2023-10-22 20:17:27.133,6495,86,3,7,False,0,car,0 days 00:01:24.837000,0 days 02:16:24.900000,3734.069444444445,43.0
2023-10-22 20:17:27.373,6291,84,3,10,False,0,car,0 days 00:01:25.077000,0 days 02:16:25.140000,3739.6694444444447,43.0
2023-10-22 20:17:27.613,6458,84,3,31,False,0,car,0 days 00:01:25.317000,0 days 02:16:25.380000,3745.2694444444446,43.0
2023-10-22 20:17:27.853,6915,91,3,41,False,0,car,0 days 00:01:25.557000,0 days 02:16:25.620000,3751.3361111111117,43.0
2023-10-22 20:17:28.013,7032,94,3,46,False,0,car,0 days 00:01:25.717000,0 days 02:16:25.780000,3755.513888888889,43.0
2023-10-22 20:17:28.253,7755,103,3,52,False,0,car,0 days 00:01:25.957000,0 days 02:16:26.020000,3762.3805555555555,43.0
2023-10-22 20:17:28.413,8128,107,3,59,False,0,car,0 days 00:01:26.117000,0 days 02:16:26.180000,3767.1361111111114,43.0
2023-10-22 20:17:28.613,8654,115,3,65,False,0,car,0 days 00:01:26.317000,0 days 02:16:26.380000,3773.525,43.0
2023-10-22 20:17:28.933,9981,128,3,73,False,0,car,0 days 00:01:26.637000,0 days 02:16:26.700000,3784.9027777777783,43.0
2023-10-22 20:17:29.253,11192,137,3,99,False,0,car,0 days 00:01:26.957000,0 days 02:16:27.020000,3797.0805555555557,43.0
2023-10-22 20:17:29.533,9853,162,3,100,False,0,car,0 days 00:01:27.237000,0 days 02:16:27.300000,3809.6805555555557,43.0
2023-10-22 20:17:29.813,10643,170,4,100,False,0,car,0 days 00:01:27.517000,0 days 02:16:27.580000,3822.902777777778,43.0
2023-10-22 20:17:30.173,11392,182,4,99,False,0,car,0 days 00:01:27.877000,0 days 02:16:27.940000,3841.1027777777776,43.0
2023-10-22 20:17:30.333,10692,187,4,99,False,0,car,0 days 00:01:28.037000,0 days 02:16:28.100000,3849.4138888888892,43.0
2023-10-22 20:17:30.533,10408,187,5,99,False,0,car,0 days 00:01:28.237000,0 days 02:16:28.300000,3859.8027777777775,43.0
2023-10-22 20:17:30.853,10486,191,5,0,True,0,car,0 days 00:01:28.557000,0 days 02:16:28.620000,3876.7805555555556,43.0
2023-10-22 20:17:31.253,10472,162,4,0,True,0,car,0 days 00:01:28.957000,0 days 02:16:29.020000,3894.780555555555,43.0
2023-10-22 20:17:31.653,9924,137,3,0,True,0,car,0 days 00:01:29.357000,0 days 02:16:29.420000,3910.0027777777777,43.0
2023-10-22 20:17:32.013,8555,121,3,0,True,0,car,0 days 00:01:29.717000,0 days 02:16:29.780000,3922.1027777777776,43.0
2023-10-22 20:17:32.173,8275,113,3,0,True,0,car,0 days 00:01:29.877000,0 days 02:16:29.940000,3927.1249999999995,43.0
2023-10-22 20:17:32.453,7357,106,3,0,True,0,car,0 days 00:01:30.157000,0 days 02:16:30.220000,3935.369444444444,43.0
2023-10-22 20:17:32.893,7034,98,3,0,False,0,car,0 days 00:01:30.597000,0 days 02:16:30.660000,3947.3472222222217,43.0
2023-10-22 20:17:33.053,6874,96,3,0,False,0,car,0 days 00:01:30.757000,0 days 02:16:30.820000,3951.6138888888886,43.0
2023-10-22 20:17:33.213,6622,95,3,0,False,0,car,0 days 00:01:30.917000,0 days 02:16:30.980000,3955.8361111111108,43.0
2023-10-22 20:17:33.492,6776,91,3,16,False,0,car,0 days 00:01:31.196000,0 days 02:16:31.259000,3962.8886111111105,43.0
2023-10-22 20:17:33.893,6932,93,3,29,False,0,car,0 days 00:01:31.597000,0 days 02:16:31.660000,3973.247777777777,43.0
2023-10-22 20:17:34.253,7552,100,3,37,False,0,car,0 days 00:01:31.957000,0 days 02:16:32.020000,3983.247777777777,43.0
2023-10-22 20:17:34.493,7951,104,3,45,False,0,car,0 days 00:01:32.197000,0 days 02:16:32.260000,3990.1811111111106,43.0
2023-10-22 20:17:34.653,8327,109,3,46,False,0,car,0 days 00:01:32.357000,0 days 02:16:32.420000,3995.025555555555,43.0
2023-10-22 20:17:34.853,8610,114,3,48,False,0,car,0 days 00:01:32.557000,0 days 02:16:32.620000,4001.3588888888885,43.0
2023-10-22 20:17:35.133,9114,123,3,55,False,0,car,0 days 00:01:32.837000,0 days 02:16:32.900000,4010.925555555555,43.0
2023-10-22 20:17:35.533,10109,137,3,65,False,0,car,0 days 00:01:33.237000,0 days 02:16:33.300000,4026.147777777777,43.0
2023-10-22 20:17:35.693,10545,141,3,71,False,0,car,0 days 00:01:33.397000,0 days 02:16:33.460000,4032.4144444444437,43.0
2023-10-22 20:17:35.893,11026,149,3,100,False,0,car,0 days 00:01:33.597000,0 days 02:16:33.660000,4040.692222222221,43.0
2023-10-22 20:17:36.133,11512,158,3,100,False,0,car,0 days 00:01:33.837000,0 days 02:16:33.900000,4051.225555555555,43.0
2023-10-22 20:17:36.293,10392,163,3,100,False,0,car,0 days 00:01:33.997000,0 days 02:16:34.060000,4058.469999999999,43.0
2023-10-22 20:17:36.533,10718,172,4,100,False,0,car,0 days 00:01:34.237000,0 days 02:16:34.300000,4069.936666666665,43.0
2023-10-22 20:17:36.853,11468,180,4,100,False,0,car,0 days 00:01:34.557000,0 days 02:16:34.620000,4085.9366666666656,43.0
2023-10-22 20:17:37.093,11183,187,4,100,False,0,car,0 days 00:01:34.797000,0 days 02:16:34.860000,4098.403333333332,43.0
2023-10-22 20:17:37.333,10282,195,5,100,False,0,car,0 days 00:01:35.037000,0 days 02:16:35.100000,4111.403333333333,43.0
2023-10-22 20:17:37.653,9486,183,5,0,True,0,car,0 days 00:01:35.357000,0 days 02:16:35.420000,4127.669999999999,43.0
2023-10-22 20:17:38.013,10077,168,4,0,True,0,car,0 days 00:01:35.717000,0 days 02:16:35.780000,4144.469999999999,43.0
2023-10-22 20:17:38.333,9272,149,4,0,True,0,car,0 days 00:01:36.037000,0 days 02:16:36.100000,4157.714444444444,43.0
2023-10-22 20:17:38.573,10112,145,3,0,True,0,car,0 days 00:01:36.277000,0 days 02:16:36.340000,4167.38111111111,43.0
2023-10-22 20:17:38.813,9347,132,3,0,True,0,car,0 days 00:01:36.517000,0 days 02:16:36.580000,4176.18111111111,43.0
2023-10-22 20:17:39.013,8735,125,3,0,True,0,car,0 days 00:01:36.717000,0 days 02:16:36.780000,4183.1255555555545,43.0
2023-10-22 20:17:39.213,8255,118,3,0,True,0,car,0 days 00:01:36.917000,0 days 02:16:36.980000,4189.68111111111,43.0
2023-10-22 20:17:39.573,7394,105,3,0,True,0,car,0 days 00:01:37.277000,0 days 02:16:37.340000,4200.18111111111,43.0
2023-10-22 20:17:39.813,6990,99,3,0,True,0,car,0 days 00:01:37.517000,0 days 02:16:37.580000,4206.78111111111,43.0
2023-10-22 20:17:40.093,6494,94,3,0,True,0,car,0 days 00:01:37.797000,0 days 02:16:37.860000,4214.092222222221,43.0
2023-10-22 20:17:40.413,5806,86,3,0,True,0,car,0 days 00:01:38.117000,0 days 02:16:38.180000,4221.736666666666,43.0
2023-10-22 20:17:40.653,5629,81,3,0,False,0,car,0 days 00:01:38.357000,0 days 02:16:38.420000,4227.136666666665,43.0
2023-10-22 20:17:40.933,5626,80,3,3,False,0,car,0 days 00:01:38.637000,0 days 02:16:38.700000,4233.358888888888,43.0
2023-10-22 20:17:41.093,5745,80,3,10,False,0,car,0 days 00:01:38.797000,0 days 02:16:38.860000,4236.914444444444,43.0
2023-10-22 20:17:41.253,5955,79,3,19,False,0,car,0 days 00:01:38.957000,0 days 02:16:39.020000,4240.425555555555,43.0
2023-10-22 20:17:41.493,6401,81,3,35,False,0,car,0 days 00:01:39.197000,0 days 02:16:39.260000,4245.825555555555,43.0
2023-10-22 20:17:41.853,6947,89,3,45,False,0,car,0 days 00:01:39.557000,0 days 02:16:39.620000,4254.725555555555,43.0
2023-10-22 20:17:42.213,7498,101,3,50,False,0,car,0 days 00:01:39.917000,0 days 02:16:39.980000,4264.825555555555,43.0
2023-10-22 20:17:42.573,8847,117,3,64,False,0,car,0 days 00:01:40.277000,0 days 02:16:40.340000,4276.525555555555,43.0
2023-10-22 20:17:42.933,10445,136,3,83,False,0,car,0 days 00:01:40.637000,0 days 02:16:40.700000,4290.125555555555,43.0
2023-10-22 20:17:43.133,10963,148,3,99,False,0,car,0 days 00:01:40.837000,0 days 02:16:40.900000,4298.347777777778,43.0
2023-10-22 20:17:43.333,11143,157,3,100,False,0,car,0 days 00:01:41.037000,0 days 02:16:41.100000,4307.070000000001,43.0
2023-10-22 20:17:43.693,10522,166,4,100,False,0,car,0 days 00:01:41.397000,0 days 02:16:41.460000,4323.670000000001,43.0
2023-10-22 20:17:43.933,11246,179,4,100,False,0,car,0 days 00:01:41.637000,0 days 02:16:41.700000,4335.603333333334,43.0
2023-10-22 20:17:44.213,11144,190,4,99,False,0,car,0 days 00:01:41.917000,0 days 02:16:41.980000,4350.381111111113,43.0
2023-10-22 20:17:44.413,10715,197,5,100,False,0,car,0 days 00:01:42.117000,0 days 02:16:42.180000,4361.325555555557,43.0
2023-10-22 20:17:44.653,11024,206,5,100,False,0,car,0 days 00:01:42.357000,0 days 02:16:42.420000,4375.05888888889,43.0
2023-10-22 20:17:44.933,11506,214,5,100,False,0,car,0 days 00:01:42.637000,0 days 02:16:42.700000,4391.703333333334,43.0
2023-10-22 20:17:45.213,11128,218,5,99,False,0,car,0 days 00:01:42.917000,0 days 02:16:42.980000,4408.658888888889,43.0
2023-10-22 20:17:45.413,10633,222,6,99,False,0,car,0 days 00:01:43.117000,0 days 02:16:43.180000,4420.992222222223,43.0
2023-10-22 20:17:45.853,10982,229,6,100,False,0,car,0 days 00:01:43.557000,0 days 02:16:43.620000,4448.981111111112,43.0
2023-10-22 20:17:46.093,11213,232,6,99,False,0,car,0 days 00:01:43.797000,0 days 02:16:43.860000,4464.447777777778,43.0
2023-10-22 20:17:46.413,11270,236,6,76,False,0,car,0 days 00:01:44.117000,0 days 02:16:44.180000,4485.4255555555565,43.0
2023-10-22 20:17:46.693,11431,238,6,88,False,0,car,0 days 00:01:44.397000,0 days 02:16:44.460000,4503.936666666667,43.0
2023-10-22 20:17:46.853,11501,240,6,92,False,0,car,0 days 00:01:44.557000,0 days 02:16:44.620000,4514.6033333333335,43.0
2023-10-22 20:17:47.093,11606,243,6,88,False,0,car,0 days 00:01:44.797000,0 days 02:16:44.860000,4530.803333333333,43.0
2023-10-22 20:17:47.253,11553,242,6,84,False,0,car,0 days 00:01:44.957000,0 days 02:16:45.020000,4541.558888888889,43.0
2023-10-22 20:17:47.733,11810,248,6,99,False,0,car,0 days 00:01:45.437000,0 days 02:16:45.500000,4574.625555555555,43.0
2023-10-22 20:17:47.933,10434,249,6,100,False,0,car,0 days 00:01:45.637000,0 days 02:16:45.700000,4588.458888888889,43.0
2023-10-22 20:17:48.333,10640,252,7,100,False,0,car,0 days 00:01:46.037000,0 days 02:16:46.100000,4616.458888888889,43.0
2023-10-22 20:17:48.733,10768,256,7,100,False,0,car,0 days 00:01:46.437000,0 days 02:16:46.500000,4644.903333333333,43.0
2023-10-22 20:17:49.053,10895,260,7,99,False,0,car,0 days 00:01:46.757000,0 days 02:16:46.820000,4668.014444444444,43.0
2023-10-22 20:17:49.213,10890,261,7,100,False,0,car,0 days 00:01:46.917000,0 days 02:16:46.980000,4679.6144444444435,43.0
2023-10-22 20:17:49.573,10959,265,7,100,False,0,car,0 days 00:01:47.277000,0 days 02:16:47.340000,4706.1144444444435,43.0
2023-10-22 20:17:49.773,10952,265,7,100,False,0,car,0 days 00:01:47.477000,0 days 02:16:47.540000,4720.836666666666,43.0
2023-10-22 20:17:50.213,11023,265,7,100,False,0,car,0 days 00:01:47.917000,0 days 02:16:47.980000,4753.225555555555,43.0
2023-10-22 20:17:50.493,11044,265,7,99,False,0,car,0 days 00:01:48.197000,0 days 02:16:48.260000,4773.836666666666,43.0
2023-10-22 20:17:50.853,11037,266,7,100,False,0,car,0 days 00:01:48.557000,0 days 02:16:48.620000,4800.4366666666665,43.0
2023-10-22 20:17:51.133,11089,268,7,99,False,0,car,0 days 00:01:48.837000,0 days 02:16:48.900000,4821.281111111111,43.0
2023-10-22 20:17:51.333,11149,269,7,99,False,0,car,0 days 00:01:49.037000,0 days 02:16:49.100000,4836.225555555556,43.0
2023-10-22 20:17:51.573,11172,270,7,100,False,0,car,0 days 00:01:49.277000,0 days 02:16:49.340000,4854.225555555556,43.0
2023-10-22 20:17:51.773,11233,272,7,100,False,0,car,0 days 00:01:49.477000,0 days 02:16:49.540000,4869.336666666667,43.0
2023-10-22 20:17:51.973,10591,260,7,1,True,0,car,0 days 00:01:49.677000,0 days 02:16:49.740000,4883.781111111111,43.0
2023-10-22 20:17:52.293,10011,246,7,0,True,0,car,0 days 00:01:49.997000,0 days 02:16:50.060000,4905.647777777777,43.0
2023-10-22 20:17:52.533,10417,214,6,0,True,0,car,0 days 00:01:50.237000,0 days 02:16:50.300000,4919.914444444444,43.0
2023-10-22 20:17:52.813,9409,210,6,0,True,0,car,0 days 00:01:50.517000,0 days 02:16:50.580000,4936.247777777777,43.0
2023-10-22 20:17:53.093,10348,195,5,0,True,0,car,0 days 00:01:50.797000,0 days 02:16:50.860000,4951.414444444444,43.0
2023-10-22 20:17:53.253,10208,190,5,0,True,0,car,0 days 00:01:50.957000,0 days 02:16:51.020000,4959.858888888888,43.0
2023-10-22 20:17:53.494,9782,186,5,4,False,0,car,0 days 00:01:51.198000,0 days 02:16:51.261000,4972.310555555555,43.0
2023-10-22 20:17:53.693,9634,183,5,25,False,0,car,0 days 00:01:51.397000,0 days 02:16:51.460000,4982.426388888889,43.0
2023-10-22 20:17:53.893,9597,183,5,35,False,0,car,0 days 00:01:51.597000,0 days 02:16:51.660000,4992.593055555555,43.0
2023-10-22 20:17:54.053,9893,179,5,56,False,0,car,0 days 00:01:51.757000,0 days 02:16:51.820000,5000.548611111111,43.0
2023-10-22 20:17:54.253,9893,182,5,61,False,0,car,0 days 00:01:51.957000,0 days 02:16:52.020000,5010.659722222222,43.0
2023-10-22 20:17:54.493,10113,186,5,99,False,0,car,0 days 00:01:52.197000,0 days 02:16:52.260000,5023.059722222222,43.0
2023-10-22 20:17:54.733,10655,196,5,100,False,0,car,0 days 00:01:52.437000,0 days 02:16:52.500000,5036.126388888889,43.0
2023-10-22 20:17:54.973,10956,202,5,100,False,0,car,0 days 00:01:52.677000,0 days 02:16:52.740000,5049.593055555556,43.0
2023-10-22 20:17:55.373,11398,210,5,100,False,0,car,0 days 00:01:53.077000,0 days 02:16:53.140000,5072.926388888889,43.0
2023-10-22 20:17:55.533,11536,214,5,100,False,0,car,0 days 00:01:53.237000,0 days 02:16:53.300000,5082.4375,43.0
2023-10-22 20:17:55.693,10416,215,6,100,False,0,car,0 days 00:01:53.397000,0 days 02:16:53.460000,5091.993055555557,43.0
2023-10-22 20:17:55.853,10379,220,6,100,False,0,car,0 days 00:01:53.557000,0 days 02:16:53.620000,5101.770833333334,43.0
2023-10-22 20:17:56.053,10535,223,6,100,False,0,car,0 days 00:01:53.757000,0 days 02:16:53.820000,5114.159722222223,43.0
2023-10-22 20:17:56.333,10729,228,6,100,False,0,car,0 days 00:01:54.037000,0 days 02:16:54.100000,5131.893055555556,43.0
2023-10-22 20:17:56.533,10870,232,6,100,False,0,car,0 days 00:01:54.237000,0 days 02:16:54.300000,5144.781944444444,43.0
2023-10-22 20:17:56.893,11144,236,6,100,False,0,car,0 days 00:01:54.597000,0 days 02:16:54.660000,5168.381944444444,43.0
2023-10-22 20:17:57.133,10551,221,6,0,True,0,car,0 days 00:01:54.837000,0 days 02:16:54.900000,5183.115277777778,43.0
2023-10-22 20:17:57.613,10928,180,6,0,True,0,car,0 days 00:01:55.317000,0 days 02:16:55.380000,5207.115277777777,43.0
2023-10-22 20:17:57.933,11060,154,4,0,True,8,car,0 days 00:01:55.637000,0 days 02:16:55.700000,5220.804166666666,43.0
2023-10-22 20:17:58.213,9374,134,3,0,True,8,car,0 days 00:01:55.917000,0 days 02:16:55.980000,5231.226388888888,43.0
2023-10-22 20:17:58.613,8209,123,3,0,True,8,car,0 days 00:01:56.317000,0 days 02:16:56.380000,5244.893055555554,43.0
2023-10-22 20:17:58.773,7781,110,3,0,True,8,car,0 days 00:01:56.477000,0 days 02:16:56.540000,5249.781944444444,43.0
2023-10-22 20:17:59.013,7479,106,3,0,True,8,car,0 days 00:01:56.717000,0 days 02:16:56.780000,5256.848611111111,43.0
2023-10-22 20:17:59.253,7335,104,3,0,False,8,car,0 days 00:01:56.957000,0 days 02:16:57.020000,5263.781944444444,43.0
2023-10-22 20:17:59.533,6875,97,3,0,False,8,car,0 days 00:01:57.237000,0 days 02:16:57.300000,5271.326388888889,43.0
2023-10-22 20:17:59.773,7078,93,3,7,False,8,car,0 days 00:01:57.477000,0 days 02:16:57.540000,5277.5263888888885,43.0
2023-10-22 20:18:00.054,6980,92,3,21,False,8,car,0 days 00:01:57.758000,0 days 02:16:57.821000,5284.7074999999995,43.0
2023-10-22 20:18:00.413,7492,98,3,44,False,8,car,0 days 00:01:58.117000,0 days 02:16:58.180000,5294.480277777778,43.0
2023-10-22 20:18:00.853,8244,109,3,51,False,8,car,0 days 00:01:58.557000,0 days 02:16:58.620000,5307.8025,43.0
2023-10-22 20:18:01.013,8559,109,3,60,False,8,car,0 days 00:01:58.717000,0 days 02:16:58.780000,5312.646944444444,43.0
2023-10-22 20:18:01.253,9108,125,3,65,False,8,car,0 days 00:01:58.957000,0 days 02:16:59.020000,5320.980277777777,43.0
2023-10-22 20:18:01.573,10543,139,3,86,False,8,car,0 days 00:01:59.277000,0 days 02:16:59.340000,5333.335833333333,43.0
2023-10-22 20:18:01.893,11663,154,3,100,False,8,car,0 days 00:01:59.597000,0 days 02:16:59.660000,5347.0247222222215,43.0
2023-10-22 20:18:02.293,10674,175,4,100,False,8,car,0 days 00:01:59.997000,0 days 02:17:00.060000,5366.469166666666,43.0
2023-10-22 20:18:02.533,11456,185,4,100,False,14,car,0 days 00:02:00.237000,0 days 02:17:00.300000,5378.802499999999,43.0
2023-10-22 20:18:02.693,10336,188,4,100,False,14,car,0 days 00:02:00.397000,0 days 02:17:00.460000,5387.158055555555,43.0
2023-10-22 20:18:02.853,10690,196,4,100,False,14,car,0 days 00:02:00.557000,0 days 02:17:00.620000,5395.8691666666655,43.0
2023-10-22 20:18:03.853,10788,224,6,100,False,12,car,0 days 00:00:00.151000,0 days 02:17:01.620000,9.395555555555555,44.0
2023-10-22 20:18:04.053,10901,232,6,100,False,12,car,0 days 00:00:00.351000,0 days 02:17:01.820000,22.284444444444443,44.0
2023-10-22 20:18:04.293,11209,237,6,99,False,12,car,0 days 00:00:00.591000,0 days 02:17:02.060000,38.08444444444444,44.0
2023-10-22 20:18:04.493,11449,242,6,99,False,12,car,0 days 00:00:00.791000,0 days 02:17:02.260000,51.52888888888889,44.0
2023-10-22 20:18:04.933,10426,252,7,100,False,12,car,0 days 00:00:01.231000,0 days 02:17:02.700000,82.3288888888889,44.0
2023-10-22 20:18:05.253,10721,258,7,100,False,12,car,0 days 00:00:01.551000,0 days 02:17:03.020000,105.26222222222222,44.0
2023-10-22 20:18:05.533,10846,261,7,100,False,12,car,0 days 00:00:01.831000,0 days 02:17:03.300000,125.56222222222222,44.0
2023-10-22 20:18:05.813,11053,265,7,100,False,12,car,0 days 00:00:02.111000,0 days 02:17:03.580000,146.17333333333335,44.0
2023-10-22 20:18:06.173,11302,272,7,100,False,12,car,0 days 00:00:02.471000,0 days 02:17:03.940000,173.37333333333333,44.0
2023-10-22 20:18:06.493,11474,275,7,100,False,12,car,0 days 00:00:02.791000,0 days 02:17:04.260000,197.81777777777776,44.0
2023-10-22 20:18:06.694,11575,279,7,100,False,12,car,0 days 00:00:02.992000,0 days 02:17:04.461000,213.39527777777778,44.0
2023-10-22 20:18:06.854,10735,280,7,100,False,12,car,0 days 00:00:03.152000,0 days 02:17:04.621000,225.83972222222224,44.0
2023-10-22 20:18:07.053,10486,284,8,100,False,12,car,0 days 00:00:03.351000,0 days 02:17:04.820000,241.53861111111112,44.0
2023-10-22 20:18:07.373,10513,287,8,99,False,12,car,0 days 00:00:03.671000,0 days 02:17:05.140000,267.0497222222222,44.0
2023-10-22 20:18:07.733,10660,291,8,100,False,12,car,0 days 00:00:04.031000,0 days 02:17:05.500000,296.1497222222222,44.0
2023-10-22 20:18:07.933,10730,292,8,100,False,12,car,0 days 00:00:04.231000,0 days 02:17:05.700000,312.3719444444444,44.0
2023-10-22 20:18:08.093,10784,293,8,100,False,12,car,0 days 00:00:04.391000,0 days 02:17:05.860000,325.39416666666665,44.0
2023-10-22 20:18:08.453,10833,294,8,100,False,12,car,0 days 00:00:04.751000,0 days 02:17:06.220000,354.7941666666667,44.0
2023-10-22 20:18:08.653,10848,294,8,100,False,12,car,0 days 00:00:04.951000,0 days 02:17:06.420000,371.12749999999994,44.0
2023-10-22 20:18:08.893,10824,295,8,100,False,12,car,0 days 00:00:05.191000,0 days 02:17:06.660000,390.7941666666666,44.0
2023-10-22 20:18:09.093,10848,295,8,100,False,12,car,0 days 00:00:05.391000,0 days 02:17:06.860000,407.18305555555554,44.0
2023-10-22 20:18:09.253,10820,295,8,100,False,12,car,0 days 00:00:05.551000,0 days 02:17:07.020000,420.2941666666667,44.0
2023-10-22 20:18:09.413,10884,295,8,100,False,12,car,0 days 00:00:05.711000,0 days 02:17:07.180000,433.4052777777778,44.0
2023-10-22 20:18:09.733,10819,295,8,99,False,12,car,0 days 00:00:06.031000,0 days 02:17:07.500000,459.6275,44.0
2023-10-22 20:18:09.893,10710,296,8,100,False,12,car,0 days 00:00:06.191000,0 days 02:17:07.660000,472.78305555555556,44.0
2023-10-22 20:18:10.093,10739,294,8,27,False,12,car,0 days 00:00:06.391000,0 days 02:17:07.860000,489.11638888888893,44.0
2023-10-22 20:18:10.253,10339,288,8,0,False,0,car,0 days 00:00:06.551000,0 days 02:17:08.020000,501.91638888888895,44.0
2023-10-22 20:18:10.413,10411,288,8,0,False,0,car,0 days 00:00:06.711000,0 days 02:17:08.180000,514.716388888889,44.0
2023-10-22 20:18:10.733,9860,246,8,0,True,0,car,0 days 00:00:07.031000,0 days 02:17:08.500000,536.5830555555557,44.0
2023-10-22 20:18:11.053,10385,193,8,0,True,0,car,0 days 00:00:07.351000,0 days 02:17:08.820000,553.7386111111113,44.0
2023-10-22 20:18:11.333,9307,166,7,0,True,0,car,0 days 00:00:07.631000,0 days 02:17:09.100000,566.6497222222224,44.0
2023-10-22 20:18:11.533,9404,149,5,0,True,0,car,0 days 00:00:07.831000,0 days 02:17:09.300000,574.9275000000002,44.0
2023-10-22 20:18:11.773,9633,133,5,0,True,0,car,0 days 00:00:08.071000,0 days 02:17:09.540000,583.7941666666669,44.0
2023-10-22 20:18:12.173,8244,117,3,0,True,0,car,0 days 00:00:08.471000,0 days 02:17:09.940000,596.7941666666669,44.0
2023-10-22 20:18:12.373,7253,102,3,0,True,0,car,0 days 00:00:08.671000,0 days 02:17:10.140000,602.4608333333335,44.0
2023-10-22 20:18:12.533,6933,95,3,0,True,0,car,0 days 00:00:08.831000,0 days 02:17:10.300000,606.6830555555557,44.0
2023-10-22 20:18:12.933,6159,88,3,0,True,0,car,0 days 00:00:09.231000,0 days 02:17:10.700000,616.4608333333335,44.0
2023-10-22 20:18:13.294,5588,82,3,0,False,0,car,0 days 00:00:09.592000,0 days 02:17:11.061000,624.6836111111113,44.0
2023-10-22 20:18:13.534,5401,78,3,0,False,0,car,0 days 00:00:09.832000,0 days 02:17:11.301000,629.8836111111113,44.0
2023-10-22 20:18:13.733,5390,76,3,0,False,0,car,0 days 00:00:10.031000,0 days 02:17:11.500000,634.0847222222225,44.0
2023-10-22 20:18:13.973,5695,75,3,5,False,0,car,0 days 00:00:10.271000,0 days 02:17:11.740000,639.0847222222225,44.0
2023-10-22 20:18:14.213,5804,74,3,21,False,0,car,0 days 00:00:10.511000,0 days 02:17:11.980000,644.0180555555557,44.0
2023-10-22 20:18:14.573,5614,78,3,27,False,0,car,0 days 00:00:10.871000,0 days 02:17:12.340000,651.8180555555558,44.0
2023-10-22 20:18:14.813,6365,82,3,39,False,0,car,0 days 00:00:11.111000,0 days 02:17:12.580000,657.2847222222225,44.0
2023-10-22 20:18:15.053,6862,92,3,42,False,0,car,0 days 00:00:11.351000,0 days 02:17:12.820000,663.4180555555558,44.0
2023-10-22 20:18:15.253,7366,99,3,51,False,0,car,0 days 00:00:11.551000,0 days 02:17:13.020000,668.9180555555558,44.0
2023-10-22 20:18:15.533,8365,110,3,57,False,0,car,0 days 00:00:11.831000,0 days 02:17:13.300000,677.4736111111114,44.0
2023-10-22 20:18:15.853,9108,123,3,62,False,0,car,0 days 00:00:12.151000,0 days 02:17:13.620000,688.4069444444448,44.0
2023-10-22 20:18:16.053,10036,131,3,71,False,0,car,0 days 00:00:12.351000,0 days 02:17:13.820000,695.6847222222226,44.0
2023-10-22 20:18:16.293,11147,139,3,76,False,0,car,0 days 00:00:12.591000,0 days 02:17:14.060000,704.9513888888893,44.0
2023-10-22 20:18:16.533,9747,151,4,76,False,0,car,0 days 00:00:12.831000,0 days 02:17:14.300000,715.018055555556,44.0
2023-10-22 20:18:16.933,10982,172,4,99,False,0,car,0 days 00:00:13.231000,0 days 02:17:14.700000,734.1291666666671,44.0
2023-10-22 20:18:17.293,11600,181,4,99,False,0,car,0 days 00:00:13.591000,0 days 02:17:15.060000,752.2291666666671,44.0
2023-10-22 20:18:17.493,11595,189,4,99,False,0,car,0 days 00:00:13.791000,0 days 02:17:15.260000,762.7291666666672,44.0
2023-10-22 20:18:17.773,11009,206,5,99,False,0,car,0 days 00:00:14.071000,0 days 02:17:15.540000,778.7513888888894,44.0
2023-10-22 20:18:18.013,11551,209,5,100,False,0,car,0 days 00:00:14.311000,0 days 02:17:15.780000,792.6847222222228,44.0
2023-10-22 20:18:18.253,10827,217,5,99,False,0,car,0 days 00:00:14.551000,0 days 02:17:16.020000,807.1513888888895,44.0
2023-10-22 20:18:18.413,10693,217,5,100,False,0,car,0 days 00:00:14.711000,0 days 02:17:16.180000,816.795833333334,44.0
2023-10-22 20:18:18.773,11091,225,6,100,False,0,car,0 days 00:00:15.071000,0 days 02:17:16.540000,839.295833333334,44.0
2023-10-22 20:18:19.053,11232,238,6,99,False,0,car,0 days 00:00:15.351000,0 days 02:17:16.820000,857.8069444444452,44.0
2023-10-22 20:18:19.373,11507,242,6,99,False,0,car,0 days 00:00:15.671000,0 days 02:17:17.140000,879.3180555555563,44.0
2023-10-22 20:18:19.573,11675,245,6,99,False,0,car,0 days 00:00:15.871000,0 days 02:17:17.340000,892.9291666666675,44.0
2023-10-22 20:18:19.974,10842,250,6,100,False,0,car,0 days 00:00:16.272000,0 days 02:17:17.741000,920.7763888888895,44.0
2023-10-22 20:18:20.254,10566,253,7,99,False,0,car,0 days 00:00:16.552000,0 days 02:17:18.021000,940.4541666666673,44.0
2023-10-22 20:18:20.613,10720,257,7,100,False,0,car,0 days 00:00:16.911000,0 days 02:17:18.380000,966.0827777777786,44.0
2023-10-22 20:18:20.813,10820,260,7,99,False,0,car,0 days 00:00:17.111000,0 days 02:17:18.580000,980.5272222222229,44.0
2023-10-22 20:18:21.013,10916,261,7,100,False,0,car,0 days 00:00:17.311000,0 days 02:17:18.780000,995.0272222222229,44.0
2023-10-22 20:18:21.253,10822,264,7,100,False,0,car,0 days 00:00:17.551000,0 days 02:17:19.020000,1012.6272222222228,44.0
2023-10-22 20:18:21.453,10953,265,7,100,False,0,car,0 days 00:00:17.751000,0 days 02:17:19.220000,1027.3494444444452,44.0
2023-10-22 20:18:21.693,11027,266,7,100,False,0,car,0 days 00:00:17.991000,0 days 02:17:19.460000,1045.0827777777783,44.0
2023-10-22 20:18:22.053,11146,269,7,100,False,0,car,0 days 00:00:18.351000,0 days 02:17:19.820000,1071.9827777777782,44.0
2023-10-22 20:18:22.253,11161,270,7,99,False,0,car,0 days 00:00:18.551000,0 days 02:17:20.020000,1086.9827777777782,44.0
2023-10-22 20:18:22.533,11194,270,7,99,False,0,car,0 days 00:00:18.831000,0 days 02:17:20.300000,1107.9827777777782,44.0
2023-10-22 20:18:22.773,11302,271,7,100,False,0,car,0 days 00:00:19.071000,0 days 02:17:20.540000,1126.049444444445,44.0
2023-10-22 20:18:23.053,11274,270,7,100,False,0,car,0 days 00:00:19.351000,0 days 02:17:20.820000,1147.0494444444448,44.0
2023-10-22 20:18:23.293,11391,273,7,99,False,0,car,0 days 00:00:19.591000,0 days 02:17:21.060000,1165.2494444444449,44.0
2023-10-22 20:18:23.453,11342,271,7,99,False,0,car,0 days 00:00:19.751000,0 days 02:17:21.220000,1177.2938888888893,44.0
2023-10-22 20:18:23.853,11029,270,7,35,False,0,car,0 days 00:00:20.151000,0 days 02:17:21.620000,1207.2938888888893,44.0
2023-10-22 20:18:24.133,10680,259,7,25,False,0,car,0 days 00:00:20.431000,0 days 02:17:21.900000,1227.438333333334,44.0
2023-10-22 20:18:24.453,10607,256,7,71,False,0,car,0 days 00:00:20.751000,0 days 02:17:22.220000,1250.1938888888894,44.0
2023-10-22 20:18:24.693,10580,255,7,88,False,0,car,0 days 00:00:20.991000,0 days 02:17:22.460000,1267.1938888888894,44.0
2023-10-22 20:18:24.933,9797,256,7,10,False,0,car,0 days 00:00:21.231000,0 days 02:17:22.700000,1284.2605555555563,44.0
2023-10-22 20:18:25.133,11152,244,7,0,True,0,car,0 days 00:00:21.431000,0 days 02:17:22.900000,1297.8161111111117,44.0
2023-10-22 20:18:25.573,10932,230,6,31,False,0,car,0 days 00:00:21.871000,0 days 02:17:23.340000,1325.9272222222226,44.0
2023-10-22 20:18:25.853,10829,229,6,51,False,0,car,0 days 00:00:22.151000,0 days 02:17:23.620000,1343.7383333333337,44.0
2023-10-22 20:18:26.173,11197,232,6,82,False,0,car,0 days 00:00:22.471000,0 days 02:17:23.940000,1364.360555555556,44.0
2023-10-22 20:18:26.334,10934,233,6,100,False,0,car,0 days 00:00:22.632000,0 days 02:17:24.101000,1374.7808333333337,44.0
2023-10-22 20:18:26.494,11096,235,6,100,False,0,car,0 days 00:00:22.792000,0 days 02:17:24.261000,1385.225277777778,44.0
2023-10-22 20:18:26.814,11097,240,6,31,False,0,car,0 days 00:00:23.112000,0 days 02:17:24.581000,1406.558611111111,44.0
2023-10-22 20:18:27.054,10754,231,6,17,False,0,car,0 days 00:00:23.352000,0 days 02:17:24.821000,1421.9586111111112,44.0
2023-10-22 20:18:27.453,10356,223,6,41,False,0,car,0 days 00:00:23.751000,0 days 02:17:25.220000,1446.6744444444446,44.0
2023-10-22 20:18:27.813,10482,220,6,59,False,0,car,0 days 00:00:24.111000,0 days 02:17:25.580000,1468.6744444444446,44.0
2023-10-22 20:18:28.053,10410,221,6,60,False,0,car,0 days 00:00:24.351000,0 days 02:17:25.820000,1483.407777777778,44.0
2023-10-22 20:18:28.213,10125,221,6,21,False,0,car,0 days 00:00:24.511000,0 days 02:17:25.980000,1493.2300000000002,44.0
2023-10-22 20:18:28.693,9787,215,6,39,False,0,car,0 days 00:00:24.991000,0 days 02:17:26.460000,1521.896666666667,44.0
2023-10-22 20:18:29.053,9761,206,6,31,False,0,car,0 days 00:00:25.351000,0 days 02:17:26.820000,1542.496666666667,44.0
2023-10-22 20:18:29.453,9833,204,6,49,False,0,car,0 days 00:00:25.751000,0 days 02:17:27.220000,1565.1633333333336,44.0
2023-10-22 20:18:29.733,9805,206,6,73,False,0,car,0 days 00:00:26.031000,0 days 02:17:27.500000,1581.1855555555558,44.0
2023-10-22 20:18:29.973,10172,209,6,76,False,0,car,0 days 00:00:26.271000,0 days 02:17:27.740000,1595.1188888888892,44.0
2023-10-22 20:18:30.853,10482,200,5,0,True,0,car,0 days 00:00:27.151000,0 days 02:17:28.620000,1644.007777777778,44.0
2023-10-22 20:18:31.253,9778,183,5,0,True,0,car,0 days 00:00:27.551000,0 days 02:17:29.020000,1664.3411111111113,44.0
2023-10-22 20:18:31.733,9443,178,5,12,False,0,car,0 days 00:00:28.031000,0 days 02:17:29.500000,1688.0744444444447,44.0
2023-10-22 20:18:32.133,9872,175,5,57,False,0,car,0 days 00:00:28.431000,0 days 02:17:29.900000,1707.5188888888893,44.0
2023-10-22 20:18:32.453,9866,178,5,64,False,0,car,0 days 00:00:28.751000,0 days 02:17:30.220000,1723.3411111111116,44.0
2023-10-22 20:18:32.653,10010,182,5,68,False,0,car,0 days 00:00:28.951000,0 days 02:17:30.420000,1733.4522222222226,44.0
2023-10-22 20:18:32.813,10188,182,5,71,False,0,car,0 days 00:00:29.111000,0 days 02:17:30.580000,1741.5411111111116,44.0
2023-10-22 20:18:32.974,10272,186,5,73,False,0,car,0 days 00:00:29.272000,0 days 02:17:30.741000,1749.8594444444448,44.0
2023-10-22 20:18:33.214,9712,191,5,0,False,0,car,0 days 00:00:29.512000,0 days 02:17:30.981000,1762.592777777778,44.0
2023-10-22 20:18:33.414,10265,188,5,0,True,0,car,0 days 00:00:29.712000,0 days 02:17:31.181000,1773.0372222222225,44.0
2023-10-22 20:18:33.774,9999,166,4,0,True,0,car,0 days 00:00:30.072000,0 days 02:17:31.541000,1789.6372222222224,44.0
2023-10-22 20:18:34.053,9580,157,4,0,True,0,car,0 days 00:00:30.351000,0 days 02:17:31.820000,1801.8047222222224,44.0
2023-10-22 20:18:34.253,9255,154,4,0,True,0,car,0 days 00:00:30.551000,0 days 02:17:32.020000,1810.3602777777778,44.0
2023-10-22 20:18:34.573,9055,149,4,12,False,0,car,0 days 00:00:30.871000,0 days 02:17:32.340000,1823.6047222222223,44.0
2023-10-22 20:18:34.773,8834,147,4,12,False,0,car,0 days 00:00:31.071000,0 days 02:17:32.540000,1831.771388888889,44.0
2023-10-22 20:18:34.933,8978,144,4,25,False,0,car,0 days 00:00:31.231000,0 days 02:17:32.700000,1838.1713888888892,44.0
2023-10-22 20:18:35.173,8876,139,4,0,False,0,car,0 days 00:00:31.471000,0 days 02:17:32.940000,1847.4380555555558,44.0
2023-10-22 20:18:35.413,8756,138,4,44,False,0,car,0 days 00:00:31.711000,0 days 02:17:33.180000,1856.6380555555559,44.0
2023-10-22 20:18:35.653,8613,139,4,10,False,0,car,0 days 00:00:31.951000,0 days 02:17:33.420000,1865.9047222222225,44.0
2023-10-22 20:18:35.893,8744,137,4,35,False,0,car,0 days 00:00:32.191000,0 days 02:17:33.660000,1875.038055555556,44.0
2023-10-22 20:18:36.173,8895,138,4,43,False,0,car,0 days 00:00:32.471000,0 days 02:17:33.940000,1885.771388888889,44.0
2023-10-22 20:18:36.413,9308,140,4,65,False,0,car,0 days 00:00:32.711000,0 days 02:17:34.180000,1895.1047222222226,44.0
2023-10-22 20:18:36.813,9562,153,4,32,False,0,car,0 days 00:00:33.111000,0 days 02:17:34.580000,1912.1047222222226,44.0
2023-10-22 20:18:36.973,9772,153,4,28,False,0,car,0 days 00:00:33.271000,0 days 02:17:34.740000,1918.9047222222227,44.0
2023-10-22 20:18:37.293,9812,153,4,47,False,0,car,0 days 00:00:33.591000,0 days 02:17:35.060000,1932.5047222222227,44.0
2023-10-22 20:18:37.613,10072,154,4,53,False,0,car,0 days 00:00:33.911000,0 days 02:17:35.380000,1946.1936111111115,44.0
2023-10-22 20:18:37.813,10289,157,4,63,False,0,car,0 days 00:00:34.111000,0 days 02:17:35.580000,1954.9158333333335,44.0
2023-10-22 20:18:37.973,10675,162,4,65,False,0,car,0 days 00:00:34.271000,0 days 02:17:35.740000,1962.1158333333337,44.0
2023-10-22 20:18:38.213,11004,166,4,76,False,0,car,0 days 00:00:34.511000,0 days 02:17:35.980000,1973.1825000000006,44.0
2023-10-22 20:18:38.373,11209,168,4,94,False,0,car,0 days 00:00:34.671000,0 days 02:17:36.140000,1980.649166666667,44.0
2023-10-22 20:18:38.653,11376,184,4,99,False,0,car,0 days 00:00:34.951000,0 days 02:17:36.420000,1994.9602777777782,44.0
2023-10-22 20:18:38.973,11503,184,4,100,False,0,car,0 days 00:00:35.271000,0 days 02:17:36.740000,2011.3158333333338,44.0
2023-10-22 20:18:39.213,10626,193,5,100,False,0,car,0 days 00:00:35.511000,0 days 02:17:36.980000,2024.1825000000006,44.0
2023-10-22 20:18:39.454,11113,200,5,100,False,0,car,0 days 00:00:35.752000,0 days 02:17:37.221000,2037.5713888888895,44.0
2023-10-22 20:18:39.614,11684,200,5,100,False,0,car,0 days 00:00:35.912000,0 days 02:17:37.381000,2046.4602777777782,44.0
2023-10-22 20:18:40.853,11536,247,6,99,False,0,car,0 days 00:00:37.151000,0 days 02:17:38.620000,2131.4694444444453,44.0
2023-10-22 20:18:41.093,10443,248,6,99,False,0,car,0 days 00:00:37.391000,0 days 02:17:38.860000,2148.002777777778,44.0
2023-10-22 20:18:41.533,10621,259,7,99,False,0,car,0 days 00:00:37.831000,0 days 02:17:39.300000,2179.658333333334,44.0
2023-10-22 20:18:41.773,10871,260,7,100,False,0,car,0 days 00:00:38.071000,0 days 02:17:39.540000,2196.9916666666672,44.0
2023-10-22 20:18:42.093,11089,265,7,99,False,0,car,0 days 00:00:38.391000,0 days 02:17:39.860000,2220.547222222223,44.0
2023-10-22 20:18:42.253,11159,269,7,100,False,0,car,0 days 00:00:38.551000,0 days 02:17:40.020000,2232.5027777777786,44.0
2023-10-22 20:18:42.453,11329,271,7,99,False,0,car,0 days 00:00:38.751000,0 days 02:17:40.220000,2247.558333333334,44.0
2023-10-22 20:18:42.613,11313,274,7,100,False,0,car,0 days 00:00:38.911000,0 days 02:17:40.380000,2259.7361111111118,44.0
2023-10-22 20:18:42.973,11516,277,7,99,False,0,car,0 days 00:00:39.271000,0 days 02:17:40.740000,2287.4361111111116,44.0
2023-10-22 20:18:43.333,10356,281,7,100,False,0,car,0 days 00:00:39.631000,0 days 02:17:41.100000,2315.5361111111115,44.0
2023-10-22 20:18:43.773,10534,285,8,100,False,0,car,0 days 00:00:40.071000,0 days 02:17:41.540000,2350.3694444444445,44.0
2023-10-22 20:18:44.013,10637,288,8,99,False,0,car,0 days 00:00:40.311000,0 days 02:17:41.780000,2369.569444444445,44.0
2023-10-22 20:18:44.453,10796,283,8,0,False,0,car,0 days 00:00:40.751000,0 days 02:17:42.220000,2404.1583333333333,44.0
2023-10-22 20:18:44.653,9676,245,8,0,True,0,car,0 days 00:00:40.951000,0 days 02:17:42.420000,2417.7694444444446,44.0
2023-10-22 20:18:45.093,9482,198,7,0,True,0,car,0 days 00:00:41.391000,0 days 02:17:42.860000,2441.9694444444444,44.0
2023-10-22 20:18:45.333,9324,173,7,0,True,0,car,0 days 00:00:41.631000,0 days 02:17:43.100000,2453.5027777777777,44.0
2023-10-22 20:18:45.693,8804,172,5,0,True,0,car,0 days 00:00:41.991000,0 days 02:17:43.460000,2470.7027777777776,44.0
2023-10-22 20:18:45.853,9324,172,4,0,True,0,car,0 days 00:00:42.151000,0 days 02:17:43.620000,2478.347222222222,44.0
2023-10-22 20:18:46.134,8472,113,3,0,True,0,car,0 days 00:00:42.432000,0 days 02:17:43.901000,2487.1675,44.0
2023-10-22 20:18:46.534,6825,98,3,0,True,0,car,0 days 00:00:42.832000,0 days 02:17:44.301000,2498.0563888888887,44.0
2023-10-22 20:18:46.934,5687,81,3,0,True,0,car,0 days 00:00:43.232000,0 days 02:17:44.701000,2507.0563888888887,44.0
2023-10-22 20:18:47.134,5367,78,3,0,True,0,car,0 days 00:00:43.432000,0 days 02:17:44.901000,2511.389722222222,44.0
2023-10-22 20:18:47.294,4889,75,3,0,True,0,car,0 days 00:00:43.592000,0 days 02:17:45.061000,2514.7230555555557,44.0
2023-10-22 20:18:47.493,4772,71,3,0,True,0,car,0 days 00:00:43.791000,0 days 02:17:45.260000,2518.6477777777777,44.0
2023-10-22 20:18:47.733,4563,67,3,0,False,0,car,0 days 00:00:44.031000,0 days 02:17:45.500000,2523.1144444444444,44.0
2023-10-22 20:18:47.933,4474,66,3,0,False,0,car,0 days 00:00:44.231000,0 days 02:17:45.700000,2526.781111111111,44.0
2023-10-22 20:18:48.253,4911,63,3,14,False,0,car,0 days 00:00:44.551000,0 days 02:17:46.020000,2532.381111111111,44.0
2023-10-22 20:18:48.533,5285,68,3,22,False,0,car,0 days 00:00:44.831000,0 days 02:17:46.300000,2537.6699999999996,44.0
2023-10-22 20:18:48.733,5434,71,3,32,False,0,car,0 days 00:00:45.031000,0 days 02:17:46.500000,2541.614444444444,44.0
2023-10-22 20:18:49.173,6719,80,3,41,False,0,car,0 days 00:00:45.471000,0 days 02:17:46.940000,2551.392222222222,44.0
2023-10-22 20:18:49.373,6914,85,3,40,False,0,car,0 days 00:00:45.671000,0 days 02:17:47.140000,2556.114444444444,44.0
2023-10-22 20:18:49.573,7230,91,3,45,False,0,car,0 days 00:00:45.871000,0 days 02:17:47.340000,2561.1699999999996,44.0
2023-10-22 20:18:49.733,7612,98,3,50,False,0,car,0 days 00:00:46.031000,0 days 02:17:47.500000,2565.525555555555,44.0
2023-10-22 20:18:50.013,8440,104,3,57,False,0,car,0 days 00:00:46.311000,0 days 02:17:47.780000,2573.614444444444,44.0
2023-10-22 20:18:50.173,9042,112,3,59,False,0,car,0 days 00:00:46.471000,0 days 02:17:47.940000,2578.5922222222216,44.0
2023-10-22 20:18:50.333,9130,118,3,62,False,0,car,0 days 00:00:46.631000,0 days 02:17:48.100000,2583.836666666666,44.0
2023-10-22 20:18:50.653,10531,132,3,84,False,0,car,0 days 00:00:46.951000,0 days 02:17:48.420000,2595.5699999999993,44.0
2023-10-22 20:18:50.933,11950,147,3,100,False,0,car,0 days 00:00:47.231000,0 days 02:17:48.700000,2607.0033333333326,44.0
2023-10-22 20:18:51.173,10327,156,3,100,False,0,car,0 days 00:00:47.471000,0 days 02:17:48.940000,2617.4033333333323,44.0
2023-10-22 20:18:51.413,10872,165,4,100,False,0,car,0 days 00:00:47.711000,0 days 02:17:49.180000,2628.4033333333323,44.0
2023-10-22 20:18:51.653,11853,175,4,100,False,0,car,0 days 00:00:47.951000,0 days 02:17:49.420000,2640.0699999999993,44.0
2023-10-22 20:18:52.013,10565,184,4,100,False,8,car,0 days 00:00:48.311000,0 days 02:17:49.780000,2658.4699999999993,44.0
2023-10-22 20:18:52.213,11043,199,5,100,False,8,car,0 days 00:00:48.511000,0 days 02:17:49.980000,2669.525555555555,44.0
2023-10-22 20:18:52.533,11283,212,5,100,False,8,car,0 days 00:00:48.831000,0 days 02:17:50.300000,2688.3699999999994,44.0
2023-10-22 20:18:52.894,10600,221,6,100,False,8,car,0 days 00:00:49.192000,0 days 02:17:50.661000,2710.531388888888,44.0
2023-10-22 20:18:53.094,10799,226,6,100,False,8,car,0 days 00:00:49.392000,0 days 02:17:50.861000,2723.086944444444,44.0
2023-10-22 20:18:53.254,10939,231,6,100,False,8,car,0 days 00:00:49.552000,0 days 02:17:51.021000,2733.3536111111102,44.0
2023-10-22 20:18:53.614,11317,238,6,100,False,8,car,0 days 00:00:49.912000,0 days 02:17:51.381000,2757.1536111111104,44.0
2023-10-22 20:18:53.774,11468,240,6,100,False,8,car,0 days 00:00:50.072000,0 days 02:17:51.541000,2767.8202777777774,44.0
2023-10-22 20:18:53.974,11675,246,6,100,False,8,car,0 days 00:00:50.272000,0 days 02:17:51.741000,2781.486944444444,44.0
2023-10-22 20:18:54.333,10498,254,7,100,False,8,car,0 days 00:00:50.631000,0 days 02:17:52.100000,2806.8163888888885,44.0
2023-10-22 20:18:54.693,10778,258,7,100,False,14,car,0 days 00:00:50.991000,0 days 02:17:52.460000,2832.6163888888887,44.0
2023-10-22 20:18:54.853,10862,261,7,100,False,12,car,0 days 00:00:51.151000,0 days 02:17:52.620000,2844.216388888889,44.0
2023-10-22 20:18:55.053,10967,265,7,99,False,12,car,0 days 00:00:51.351000,0 days 02:17:52.820000,2858.9386111111107,44.0
2023-10-22 20:18:55.413,11256,270,7,100,False,12,car,0 days 00:00:51.711000,0 days 02:17:53.180000,2885.9386111111107,44.0
2023-10-22 20:18:55.813,11540,274,7,100,False,12,car,0 days 00:00:52.111000,0 days 02:17:53.580000,2916.383055555555,44.0
2023-10-22 20:18:55.973,11632,278,7,100,False,12,car,0 days 00:00:52.271000,0 days 02:17:53.740000,2928.738611111111,44.0
2023-10-22 20:18:56.173,10652,281,7,100,False,12,car,0 days 00:00:52.471000,0 days 02:17:53.940000,2944.3497222222218,44.0
2023-10-22 20:18:56.413,10496,282,8,100,False,12,car,0 days 00:00:52.711000,0 days 02:17:54.180000,2963.149722222222,44.0
2023-10-22 20:18:56.653,10701,287,8,100,False,12,car,0 days 00:00:52.951000,0 days 02:17:54.420000,2982.2830555555556,44.0
2023-10-22 20:18:57.053,10667,291,8,100,False,12,car,0 days 00:00:53.351000,0 days 02:17:54.820000,3014.6163888888887,44.0
2023-10-22 20:18:57.253,10834,293,8,100,False,12,car,0 days 00:00:53.551000,0 days 02:17:55.020000,3030.8941666666665,44.0
2023-10-22 20:18:57.533,10897,295,8,100,False,12,car,0 days 00:00:53.831000,0 days 02:17:55.300000,3053.838611111111,44.0
2023-10-22 20:18:57.773,11006,298,8,100,False,12,car,0 days 00:00:54.071000,0 days 02:17:55.540000,3073.705277777777,44.0
2023-10-22 20:18:58.013,10915,300,8,100,False,12,car,0 days 00:00:54.311000,0 days 02:17:55.780000,3093.705277777777,44.0
2023-10-22 20:18:58.213,11115,300,8,100,False,12,car,0 days 00:00:54.511000,0 days 02:17:55.980000,3110.371944444444,44.0
2023-10-22 20:18:58.653,11264,307,8,100,False,12,car,0 days 00:00:54.951000,0 days 02:17:56.420000,3147.894166666666,44.0
2023-10-22 20:18:58.933,11310,307,8,100,False,12,car,0 days 00:00:55.231000,0 days 02:17:56.700000,3171.7719444444438,44.0
2023-10-22 20:18:59.133,11323,309,8,100,False,12,car,0 days 00:00:55.431000,0 days 02:17:56.900000,3188.9386111111103,44.0
2023-10-22 20:18:59.294,11323,309,8,100,False,12,car,0 days 00:00:55.592000,0 days 02:17:57.061000,3202.757777777777,44.0
2023-10-22 20:18:59.534,11404,312,8,100,False,12,car,0 days 00:00:55.832000,0 days 02:17:57.301000,3223.557777777777,44.0
2023-10-22 20:18:59.734,11496,312,8,100,False,12,car,0 days 00:00:56.032000,0 days 02:17:57.501000,3240.89111111111,44.0
2023-10-22 20:19:00.134,11639,315,8,100,False,12,car,0 days 00:00:56.432000,0 days 02:17:57.901000,3275.8911111111106,44.0
2023-10-22 20:19:00.294,11632,314,8,100,False,12,car,0 days 00:00:56.592000,0 days 02:17:58.061000,3289.846666666666,44.0
2023-10-22 20:19:00.574,11724,317,8,100,False,12,car,0 days 00:00:56.872000,0 days 02:17:58.341000,3314.5022222222215,44.0
2023-10-22 20:19:00.933,11674,318,8,100,False,12,car,0 days 00:00:57.231000,0 days 02:17:58.700000,3346.2138888888885,44.0
2023-10-22 20:19:01.293,11737,320,8,100,False,12,car,0 days 00:00:57.591000,0 days 02:17:59.060000,3378.2138888888885,44.0
2023-10-22 20:19:01.493,11777,320,8,100,False,12,car,0 days 00:00:57.791000,0 days 02:17:59.260000,3395.991666666666,44.0
2023-10-22 20:19:01.733,11750,320,8,100,False,12,car,0 days 00:00:58.031000,0 days 02:17:59.500000,3417.3249999999994,44.0
2023-10-22 20:19:01.933,11732,320,8,100,False,12,car,0 days 00:00:58.231000,0 days 02:17:59.700000,3435.102777777777,44.0
2023-10-22 20:19:02.333,11769,320,8,100,False,12,car,0 days 00:00:58.631000,0 days 02:18:00.100000,3470.658333333333,44.0
2023-10-22 20:19:02.533,11750,320,8,100,False,12,car,0 days 00:00:58.831000,0 days 02:18:00.300000,3488.4361111111107,44.0
2023-10-22 20:19:02.733,11794,321,8,100,False,12,car,0 days 00:00:59.031000,0 days 02:18:00.500000,3506.2694444444437,44.0
2023-10-22 20:19:02.973,11763,320,8,100,False,12,car,0 days 00:00:59.271000,0 days 02:18:00.740000,3527.602777777777,44.0
2023-10-22 20:19:03.173,11824,321,8,100,False,12,car,0 days 00:00:59.471000,0 days 02:18:00.940000,3545.43611111111,44.0
2023-10-22 20:19:03.613,11552,322,8,0,True,0,car,0 days 00:00:59.911000,0 days 02:18:01.380000,3584.791666666666,44.0
2023-10-22 20:19:03.773,10572,296,8,0,True,0,car,0 days 00:01:00.071000,0 days 02:18:01.540000,3597.947222222221,44.0
2023-10-22 20:19:03.933,10747,284,8,0,True,0,car,0 days 00:01:00.231000,0 days 02:18:01.700000,3610.569444444444,44.0
2023-10-22 20:19:04.213,9871,252,8,0,True,0,car,0 days 00:01:00.511000,0 days 02:18:01.980000,3630.169444444444,44.0
2023-10-22 20:19:04.373,10644,239,8,0,True,0,car,0 days 00:01:00.671000,0 days 02:18:02.140000,3640.7916666666656,44.0
2023-10-22 20:19:04.573,10592,210,6,0,True,0,car,0 days 00:01:00.871000,0 days 02:18:02.340000,3652.4583333333326,44.0
2023-10-22 20:19:04.853,10626,180,5,0,True,0,car,0 days 00:01:01.151000,0 days 02:18:02.620000,3666.4583333333326,44.0
2023-10-22 20:19:05.213,10282,153,4,0,True,0,car,0 days 00:01:01.511000,0 days 02:18:02.980000,3681.7583333333328,44.0
2023-10-22 20:19:05.493,10474,132,3,0,True,0,car,0 days 00:01:01.791000,0 days 02:18:03.260000,3692.024999999999,44.0
2023-10-22 20:19:05.733,9618,115,2,0,True,0,car,0 days 00:01:02.031000,0 days 02:18:03.500000,3699.6916666666657,44.0
2023-10-22 20:19:06.734,6917,83,2,0,True,0,car,0 days 00:01:03.032000,0 days 02:18:04.501000,3722.7702777777768,44.0
2023-10-22 20:19:07.054,6318,78,2,0,False,0,car,0 days 00:01:03.352000,0 days 02:18:04.821000,3729.70361111111,44.0
2023-10-22 20:19:07.294,6532,76,2,14,False,0,car,0 days 00:01:03.592000,0 days 02:18:05.061000,3734.7702777777768,44.0
2023-10-22 20:19:07.533,6557,74,2,25,False,0,car,0 days 00:01:03.831000,0 days 02:18:05.300000,3739.683055555555,44.0
2023-10-22 20:19:07.733,6949,78,2,38,False,0,car,0 days 00:01:04.031000,0 days 02:18:05.500000,3744.0163888888883,44.0
2023-10-22 20:19:08.013,7773,84,2,46,False,0,car,0 days 00:01:04.311000,0 days 02:18:05.780000,3750.5497222222216,44.0
2023-10-22 20:19:08.333,8379,97,2,52,False,0,car,0 days 00:01:04.631000,0 days 02:18:06.100000,3759.171944444444,44.0
2023-10-22 20:19:08.533,9363,106,2,63,False,0,car,0 days 00:01:04.831000,0 days 02:18:06.300000,3765.060833333333,44.0
2023-10-22 20:19:08.733,10503,113,2,71,False,0,car,0 days 00:01:05.031000,0 days 02:18:06.500000,3771.338611111111,44.0
2023-10-22 20:19:09.133,10803,132,2,100,False,0,car,0 days 00:01:05.431000,0 days 02:18:06.900000,3786.0052777777773,44.0
2023-10-22 20:19:09.493,11419,147,3,100,False,0,car,0 days 00:01:05.791000,0 days 02:18:07.260000,3800.705277777777,44.0
2023-10-22 20:19:09.893,10304,165,3,100,False,0,car,0 days 00:01:06.191000,0 days 02:18:07.660000,3819.0386111111106,44.0
2023-10-22 20:19:10.173,11244,176,4,99,False,0,car,0 days 00:01:06.471000,0 days 02:18:07.940000,3832.7274999999995,44.0
2023-10-22 20:19:10.533,10869,187,4,100,False,0,car,0 days 00:01:06.831000,0 days 02:18:08.300000,3851.4274999999993,44.0
2023-10-22 20:19:10.733,10039,192,4,22,False,0,car,0 days 00:01:07.031000,0 days 02:18:08.500000,3862.0941666666663,44.0
2023-10-22 20:19:10.973,10157,180,5,0,True,0,car,0 days 00:01:07.271000,0 days 02:18:08.740000,3874.094166666666,44.0
2023-10-22 20:19:11.133,10548,161,5,0,True,0,car,0 days 00:01:07.431000,0 days 02:18:08.900000,3881.2497222222214,44.0
2023-10-22 20:19:11.373,10287,153,4,0,True,0,car,0 days 00:01:07.671000,0 days 02:18:09.140000,3891.4497222222217,44.0
2023-10-22 20:19:11.573,9269,135,3,0,True,0,car,0 days 00:01:07.871000,0 days 02:18:09.340000,3898.949722222221,44.0
2023-10-22 20:19:11.813,8674,125,3,0,True,0,car,0 days 00:01:08.111000,0 days 02:18:09.580000,3907.2830555555547,44.0
2023-10-22 20:19:12.213,7294,108,3,0,True,0,car,0 days 00:01:08.511000,0 days 02:18:09.980000,3919.2830555555543,44.0
2023-10-22 20:19:12.454,6906,100,3,0,True,0,car,0 days 00:01:08.752000,0 days 02:18:10.221000,3925.9774999999986,44.0
2023-10-22 20:19:12.654,6578,97,3,0,True,0,car,0 days 00:01:08.952000,0 days 02:18:10.421000,3931.3663888888877,44.0
2023-10-22 20:19:12.894,6267,91,3,0,True,0,car,0 days 00:01:09.192000,0 days 02:18:10.661000,3937.4330555555543,44.0
2023-10-22 20:19:13.294,5881,88,3,0,False,0,car,0 days 00:01:09.592000,0 days 02:18:11.061000,3947.210833333332,44.0
2023-10-22 20:19:13.574,6150,82,3,12,False,0,car,0 days 00:01:09.872000,0 days 02:18:11.341000,3953.58861111111,44.0
2023-10-22 20:19:13.734,6150,84,3,15,False,0,car,0 days 00:01:10.032000,0 days 02:18:11.501000,3957.321944444443,44.0
2023-10-22 20:19:13.934,6365,85,3,21,False,0,car,0 days 00:01:10.232000,0 days 02:18:11.701000,3962.044166666665,44.0
2023-10-22 20:19:14.293,6936,90,3,39,False,0,car,0 days 00:01:10.591000,0 days 02:18:12.060000,3971.019166666665,44.0
2023-10-22 20:19:14.493,7253,94,3,44,False,0,car,0 days 00:01:10.791000,0 days 02:18:12.260000,3976.2413888888873,44.0
2023-10-22 20:19:14.653,7479,99,3,44,False,0,car,0 days 00:01:10.951000,0 days 02:18:12.420000,3980.6413888888874,44.0
2023-10-22 20:19:14.813,7805,101,3,46,False,0,car,0 days 00:01:11.111000,0 days 02:18:12.580000,3985.1302777777764,44.0
2023-10-22 20:19:15.053,8243,108,3,47,False,0,car,0 days 00:01:11.351000,0 days 02:18:12.820000,3992.3302777777762,44.0
2023-10-22 20:19:15.333,8731,116,3,45,False,0,car,0 days 00:01:11.631000,0 days 02:18:13.100000,4001.3524999999986,44.0
2023-10-22 20:19:15.693,9514,122,3,55,False,0,car,0 days 00:01:11.991000,0 days 02:18:13.460000,4013.5524999999984,44.0
2023-10-22 20:19:16.013,9956,130,3,64,False,0,car,0 days 00:01:12.311000,0 days 02:18:13.780000,4025.108055555554,44.0
2023-10-22 20:19:16.333,10948,137,3,99,False,0,car,0 days 00:01:12.631000,0 days 02:18:14.100000,4037.2858333333315,44.0
2023-10-22 20:19:16.733,11205,160,3,100,False,0,car,0 days 00:01:13.031000,0 days 02:18:14.500000,4055.0636111111094,44.0
2023-10-22 20:19:17.053,11026,170,4,99,False,0,car,0 days 00:01:13.351000,0 days 02:18:14.820000,4070.17472222222,44.0
2023-10-22 20:19:17.293,11267,176,4,99,False,0,car,0 days 00:01:13.591000,0 days 02:18:15.060000,4081.9080555555533,44.0
2023-10-22 20:19:17.453,11437,182,4,100,False,0,car,0 days 00:01:13.751000,0 days 02:18:15.220000,4089.9969444444428,44.0
2023-10-22 20:19:17.613,11437,185,4,100,False,0,car,0 days 00:01:13.911000,0 days 02:18:15.380000,4098.219166666665,44.0
2023-10-22 20:19:17.893,10688,193,5,0,False,0,car,0 days 00:01:14.191000,0 days 02:18:15.660000,4113.230277777776,44.0
2023-10-22 20:19:18.333,10343,176,5,0,True,0,car,0 days 00:01:14.631000,0 days 02:18:16.100000,4134.741388888887,44.0
2023-10-22 20:19:18.533,10089,163,4,0,True,0,car,0 days 00:01:14.831000,0 days 02:18:16.300000,4143.7969444444425,44.0
2023-10-22 20:19:18.733,10851,153,4,0,True,0,car,0 days 00:01:15.031000,0 days 02:18:16.500000,4152.2969444444425,44.0
2023-10-22 20:19:19.214,10263,129,3,0,True,0,car,0 days 00:01:15.512000,0 days 02:18:16.981000,4169.532777777776,44.0
2023-10-22 20:19:19.374,9453,119,3,0,True,0,car,0 days 00:01:15.672000,0 days 02:18:17.141000,4174.821666666664,44.0
2023-10-22 20:19:19.774,8430,101,2,0,True,0,car,0 days 00:01:16.072000,0 days 02:18:17.541000,4186.043888888887,44.0
2023-10-22 20:19:20.014,7603,95,2,0,True,0,car,0 days 00:01:16.312000,0 days 02:18:17.781000,4192.37722222222,44.0
2023-10-22 20:19:20.214,6979,88,2,0,True,0,car,0 days 00:01:16.512000,0 days 02:18:17.981000,4197.266111111108,44.0
2023-10-22 20:19:20.374,6699,83,2,0,True,0,car,0 days 00:01:16.672000,0 days 02:18:18.141000,4200.954999999997,44.0
2023-10-22 20:19:20.654,6282,77,2,0,True,0,car,0 days 00:01:16.952000,0 days 02:18:18.421000,4206.943888888886,44.0
2023-10-22 20:19:20.814,6129,76,2,0,False,0,car,0 days 00:01:17.112000,0 days 02:18:18.581000,4210.321666666664,44.0
2023-10-22 20:19:20.973,5908,73,2,0,False,0,car,0 days 00:01:17.271000,0 days 02:18:18.740000,4213.545833333331,44.0
2023-10-22 20:19:21.213,6277,71,2,11,False,0,car,0 days 00:01:17.511000,0 days 02:18:18.980000,4218.279166666664,44.0
2023-10-22 20:19:21.413,6353,70,2,20,False,0,car,0 days 00:01:17.711000,0 days 02:18:19.180000,4222.168055555553,44.0
2023-10-22 20:19:21.573,6605,72,2,24,False,0,car,0 days 00:01:17.871000,0 days 02:18:19.340000,4225.368055555553,44.0
2023-10-22 20:19:21.733,6662,75,2,32,False,0,car,0 days 00:01:18.031000,0 days 02:18:19.500000,4228.701388888887,44.0
2023-10-22 20:19:22.013,7424,77,2,40,False,0,car,0 days 00:01:18.311000,0 days 02:18:19.780000,4234.690277777776,44.0
2023-10-22 20:19:22.253,7862,86,2,44,False,0,car,0 days 00:01:18.551000,0 days 02:18:20.020000,4240.4236111111095,44.0
2023-10-22 20:19:22.573,8567,94,2,49,False,0,car,0 days 00:01:18.871000,0 days 02:18:20.340000,4248.779166666664,44.0
2023-10-22 20:19:22.773,9118,101,2,53,False,0,car,0 days 00:01:19.071000,0 days 02:18:20.540000,4254.390277777776,44.0
2023-10-22 20:19:23.133,10210,116,2,64,False,0,car,0 days 00:01:19.431000,0 days 02:18:20.900000,4265.990277777776,44.0
2023-10-22 20:19:23.573,10183,131,2,90,False,0,car,0 days 00:01:19.871000,0 days 02:18:21.340000,4282.001388888887,44.0
2023-10-22 20:19:23.733,10726,143,3,99,False,0,car,0 days 00:01:20.031000,0 days 02:18:21.500000,4288.356944444443,44.0
2023-10-22 20:19:23.893,11359,143,3,100,False,0,car,0 days 00:01:20.191000,0 days 02:18:21.660000,4294.712499999999,44.0
2023-10-22 20:19:24.053,11714,156,3,100,False,0,car,0 days 00:01:20.351000,0 days 02:18:21.820000,4301.645833333332,44.0
2023-10-22 20:19:24.413,11031,170,4,100,False,0,car,0 days 00:01:20.711000,0 days 02:18:22.180000,4318.645833333332,44.0
2023-10-22 20:19:24.573,11466,178,4,100,False,0,car,0 days 00:01:20.871000,0 days 02:18:22.340000,4326.556944444443,44.0
2023-10-22 20:19:25.013,10739,193,4,100,False,0,car,0 days 00:01:21.311000,0 days 02:18:22.780000,4350.145833333332,44.0
2023-10-22 20:19:25.213,10991,199,5,100,False,0,car,0 days 00:01:21.511000,0 days 02:18:22.980000,4361.201388888887,44.0
2023-10-22 20:19:25.453,11371,206,5,100,False,0,car,0 days 00:01:21.751000,0 days 02:18:23.220000,4374.93472222222,44.0
2023-10-22 20:19:25.854,10820,214,5,100,False,0,car,0 days 00:01:22.152000,0 days 02:18:23.621000,4398.771944444443,44.0
2023-10-22 20:19:26.254,10788,224,6,100,False,0,car,0 days 00:01:22.552000,0 days 02:18:24.021000,4423.660833333332,44.0
2023-10-22 20:19:26.454,10788,227,6,100,False,0,car,0 days 00:01:22.752000,0 days 02:18:24.221000,4436.271944444443,44.0
2023-10-22 20:19:26.614,11045,229,6,100,False,0,car,0 days 00:01:22.912000,0 days 02:18:24.381000,4446.449722222222,44.0
2023-10-22 20:19:26.774,10980,232,6,100,False,0,car,0 days 00:01:23.072000,0 days 02:18:24.541000,4456.760833333333,44.0
2023-10-22 20:19:27.014,11137,233,6,100,False,0,car,0 days 00:01:23.312000,0 days 02:18:24.781000,4472.294166666666,44.0
2023-10-22 20:19:27.174,11217,234,6,100,False,0,car,0 days 00:01:23.472000,0 days 02:18:24.941000,4482.694166666665,44.0
2023-10-22 20:19:27.454,11185,235,6,100,False,0,car,0 days 00:01:23.752000,0 days 02:18:25.221000,4500.971944444444,44.0
2023-10-22 20:19:27.614,11178,236,6,100,False,0,car,0 days 00:01:23.912000,0 days 02:18:25.381000,4511.4608333333335,44.0
2023-10-22 20:19:27.813,11345,237,6,100,False,0,car,0 days 00:01:24.111000,0 days 02:18:25.580000,4524.5616666666665,44.0
2023-10-22 20:19:28.013,11284,237,6,100,False,0,car,0 days 00:01:24.311000,0 days 02:18:25.780000,4537.7283333333335,44.0
2023-10-22 20:19:28.293,11348,238,6,100,False,0,car,0 days 00:01:24.591000,0 days 02:18:26.060000,4556.2394444444435,44.0
2023-10-22 20:19:28.493,11349,238,6,100,False,0,car,0 days 00:01:24.791000,0 days 02:18:26.260000,4569.461666666666,44.0
2023-10-22 20:19:28.653,11369,239,6,100,False,0,car,0 days 00:01:24.951000,0 days 02:18:26.420000,4580.083888888888,44.0
2023-10-22 20:19:28.973,11418,241,6,100,False,0,car,0 days 00:01:25.271000,0 days 02:18:26.740000,4601.506111111111,44.0
2023-10-22 20:19:29.133,11463,242,6,100,False,0,car,0 days 00:01:25.431000,0 days 02:18:26.900000,4612.261666666666,44.0
2023-10-22 20:19:29.493,11544,244,6,100,False,0,car,0 days 00:01:25.791000,0 days 02:18:27.260000,4636.661666666666,44.0
2023-10-22 20:19:30.333,10347,249,7,100,False,0,car,0 days 00:01:26.631000,0 days 02:18:28.100000,4694.761666666666,44.0
2023-10-22 20:19:30.493,10491,248,7,100,False,0,car,0 days 00:01:26.791000,0 days 02:18:28.260000,4705.783888888888,44.0
2023-10-22 20:19:30.813,10611,253,7,100,False,0,car,0 days 00:01:27.111000,0 days 02:18:28.580000,4728.272777777777,44.0
2023-10-22 20:19:31.013,10503,252,7,100,False,0,car,0 days 00:01:27.311000,0 days 02:18:28.780000,4742.272777777777,44.0
2023-10-22 20:19:31.173,10578,253,7,100,False,0,car,0 days 00:01:27.471000,0 days 02:18:28.940000,4753.517222222222,44.0
2023-10-22 20:19:31.453,10585,256,7,100,False,0,car,0 days 00:01:27.751000,0 days 02:18:29.220000,4773.428333333333,44.0
2023-10-22 20:19:31.613,10680,257,7,99,False,0,car,0 days 00:01:27.911000,0 days 02:18:29.380000,4784.850555555555,44.0
2023-10-22 20:19:31.853,10757,258,7,99,False,0,car,0 days 00:01:28.151000,0 days 02:18:29.620000,4802.050555555555,44.0
2023-10-22 20:19:32.013,10790,259,7,100,False,0,car,0 days 00:01:28.311000,0 days 02:18:29.780000,4813.5616666666665,44.0
2023-10-22 20:19:32.214,10842,260,7,99,False,0,car,0 days 00:01:28.512000,0 days 02:18:29.981000,4828.078333333333,44.0
2023-10-22 20:19:32.494,10930,262,7,100,False,0,car,0 days 00:01:28.792000,0 days 02:18:30.261000,4848.456111111111,44.0
2023-10-22 20:19:32.774,10516,265,7,21,False,0,car,0 days 00:01:29.072000,0 days 02:18:30.541000,4869.067222222222,44.0
2023-10-22 20:19:33.054,9822,260,7,0,True,0,car,0 days 00:01:29.352000,0 days 02:18:30.821000,4889.289444444445,44.0
2023-10-22 20:19:33.214,10087,237,7,0,True,0,car,0 days 00:01:29.512000,0 days 02:18:30.981000,4899.822777777777,44.0
2023-10-22 20:19:33.454,10061,215,6,0,True,0,car,0 days 00:01:29.752000,0 days 02:18:31.221000,4914.1561111111105,44.0
2023-10-22 20:19:33.614,10118,210,6,0,True,0,car,0 days 00:01:29.912000,0 days 02:18:31.381000,4923.489444444444,44.0
2023-10-22 20:19:33.934,10268,193,5,0,True,0,car,0 days 00:01:30.232000,0 days 02:18:31.701000,4940.6449999999995,44.0
2023-10-22 20:19:34.094,10159,191,5,0,False,0,car,0 days 00:01:30.392000,0 days 02:18:31.861000,4949.133888888889,44.0
2023-10-22 20:19:34.254,9871,189,5,0,True,0,car,0 days 00:01:30.552000,0 days 02:18:32.021000,4957.533888888889,44.0
2023-10-22 20:19:34.533,9694,183,5,17,False,0,car,0 days 00:01:30.831000,0 days 02:18:32.300000,4971.716388888889,44.0
2023-10-22 20:19:34.693,9607,180,5,46,False,0,car,0 days 00:01:30.991000,0 days 02:18:32.460000,4979.716388888889,44.0
2023-10-22 20:19:34.973,9905,178,5,63,False,0,car,0 days 00:01:31.271000,0 days 02:18:32.740000,4993.560833333334,44.0
2023-10-22 20:19:35.213,10280,183,5,78,False,0,car,0 days 00:01:31.511000,0 days 02:18:32.980000,5005.760833333334,44.0
2023-10-22 20:19:35.613,10631,189,5,100,False,0,car,0 days 00:01:31.911000,0 days 02:18:33.380000,5026.760833333334,44.0
2023-10-22 20:19:35.893,10949,197,5,100,False,0,car,0 days 00:01:32.191000,0 days 02:18:33.660000,5042.083055555556,44.0
2023-10-22 20:19:36.253,11411,207,5,100,False,0,car,0 days 00:01:32.551000,0 days 02:18:34.020000,5062.783055555556,44.0
2023-10-22 20:19:36.653,10191,216,5,100,False,0,car,0 days 00:01:32.951000,0 days 02:18:34.420000,5086.783055555555,44.0
2023-10-22 20:19:36.933,10444,220,6,100,False,0,car,0 days 00:01:33.231000,0 days 02:18:34.700000,5103.894166666666,44.0
2023-10-22 20:19:37.093,10634,223,6,100,False,0,car,0 days 00:01:33.391000,0 days 02:18:34.860000,5113.8052777777775,44.0
2023-10-22 20:19:37.413,10859,228,6,100,False,0,car,0 days 00:01:33.711000,0 days 02:18:35.180000,5134.071944444444,44.0
2023-10-22 20:19:37.573,10918,231,6,100,False,0,car,0 days 00:01:33.871000,0 days 02:18:35.340000,5144.33861111111,44.0
2023-10-22 20:19:37.813,11096,234,6,97,False,0,car,0 days 00:01:34.111000,0 days 02:18:35.580000,5159.938611111111,44.0
2023-10-22 20:19:38.053,10746,224,6,0,True,0,car,0 days 00:01:34.351000,0 days 02:18:35.820000,5174.871944444444,44.0
2023-10-22 20:19:38.413,10348,194,5,0,True,0,car,0 days 00:01:34.711000,0 days 02:18:36.180000,5194.271944444444,44.0
2023-10-22 20:19:38.613,9788,174,5,0,True,0,car,0 days 00:01:34.911000,0 days 02:18:36.380000,5203.938611111111,44.0
2023-10-22 20:19:38.814,10311,154,5,0,True,0,car,0 days 00:01:35.112000,0 days 02:18:36.581000,5212.536944444444,44.0
2023-10-22 20:19:39.014,9275,145,3,0,True,0,car,0 days 00:01:35.312000,0 days 02:18:36.781000,5220.5925,44.0
2023-10-22 20:19:39.174,8632,126,3,0,True,0,car,0 days 00:01:35.472000,0 days 02:18:36.941000,5226.192499999999,44.0
2023-10-22 20:19:39.454,7756,112,3,0,True,0,car,0 days 00:01:35.752000,0 days 02:18:37.221000,5234.90361111111,44.0
2023-10-22 20:19:39.774,7255,104,3,0,True,0,car,0 days 00:01:36.072000,0 days 02:18:37.541000,5244.1480555555545,44.0
2023-10-22 20:19:40.054,6940,101,3,0,False,0,car,0 days 00:01:36.352000,0 days 02:18:37.821000,5252.00361111111,44.0
2023-10-22 20:19:40.214,6774,99,3,0,False,0,car,0 days 00:01:36.512000,0 days 02:18:37.981000,5256.40361111111,44.0
2023-10-22 20:19:40.374,6677,96,3,0,False,0,car,0 days 00:01:36.672000,0 days 02:18:38.141000,5260.670277777776,44.0
2023-10-22 20:19:40.574,6749,91,3,9,False,0,car,0 days 00:01:36.872000,0 days 02:18:38.341000,5265.725833333332,44.0
2023-10-22 20:19:40.774,6775,91,3,21,False,0,car,0 days 00:01:37.072000,0 days 02:18:38.541000,5270.781388888888,44.0
2023-10-22 20:19:41.133,7384,95,3,39,False,0,car,0 days 00:01:37.431000,0 days 02:18:38.900000,5280.254999999998,44.0
2023-10-22 20:19:41.573,8024,104,3,50,False,0,car,0 days 00:01:37.871000,0 days 02:18:39.340000,5292.966111111109,44.0
2023-10-22 20:19:41.733,8279,110,3,56,False,0,car,0 days 00:01:38.031000,0 days 02:18:39.500000,5297.854999999999,44.0
2023-10-22 20:19:41.893,8627,113,3,58,False,0,car,0 days 00:01:38.191000,0 days 02:18:39.660000,5302.877222222221,44.0
2023-10-22 20:19:42.053,9327,120,3,64,False,0,car,0 days 00:01:38.351000,0 days 02:18:39.820000,5308.210555555554,44.0
2023-10-22 20:19:42.333,10114,132,3,78,False,0,car,0 days 00:01:38.631000,0 days 02:18:40.100000,5318.47722222222,44.0
2023-10-22 20:19:42.493,10682,132,3,96,False,0,car,0 days 00:01:38.791000,0 days 02:18:40.260000,5324.343888888887,44.0
2023-10-22 20:19:42.813,11690,151,3,100,False,0,car,0 days 00:01:39.111000,0 days 02:18:40.580000,5337.766111111109,44.0
2023-10-22 20:19:43.093,10959,167,3,100,False,0,car,0 days 00:01:39.391000,0 days 02:18:40.860000,5350.754999999998,44.0
2023-10-22 20:19:43.293,11308,173,4,100,False,0,car,0 days 00:01:39.591000,0 days 02:18:41.060000,5360.366111111109,44.0
2023-10-22 20:19:43.533,11706,185,4,100,False,0,car,0 days 00:01:39.831000,0 days 02:18:41.300000,5372.699444444443,44.0
2023-10-22 20:19:43.853,10705,196,4,100,False,0,car,0 days 00:01:40.151000,0 days 02:18:41.620000,5390.121666666664,44.0
2023-10-22 20:19:44.013,11046,199,5,100,False,0,car,0 days 00:01:40.311000,0 days 02:18:41.780000,5398.966111111109,44.0
2023-10-22 20:19:44.213,11368,205,5,100,False,0,car,0 days 00:01:40.511000,0 days 02:18:41.980000,5410.354999999998,44.0
2023-10-22 20:19:44.653,10322,219,5,100,False,0,car,0 days 00:00:00.112000,0 days 02:18:42.420000,6.813333333333333,45.0
2023-10-22 20:19:45.053,10865,229,6,100,False,0,car,0 days 00:00:00.512000,0 days 02:18:42.820000,32.257777777777775,45.0
2023-10-22 20:19:45.254,11175,234,6,100,False,0,car,0 days 00:00:00.713000,0 days 02:18:43.021000,45.32277777777777,45.0
2023-10-22 20:19:45.414,11284,236,6,100,False,0,car,0 days 00:00:00.873000,0 days 02:18:43.181000,55.81166666666667,45.0
2023-10-22 20:19:45.654,11455,242,6,100,False,0,car,0 days 00:00:01.113000,0 days 02:18:43.421000,71.945,45.0
2023-10-22 20:19:45.814,11611,244,6,100,False,0,car,0 days 00:00:01.273000,0 days 02:18:43.581000,82.78944444444443,45.0
2023-10-22 20:19:46.094,11091,249,6,100,False,0,car,0 days 00:00:01.553000,0 days 02:18:43.861000,102.1561111111111,45.0
2023-10-22 20:19:46.374,10613,253,6,100,False,0,car,0 days 00:00:01.833000,0 days 02:18:44.141000,121.83388888888888,45.0
2023-10-22 20:19:46.614,10690,256,7,100,False,0,car,0 days 00:00:02.073000,0 days 02:18:44.381000,138.90055555555554,45.0
2023-10-22 20:19:46.854,10807,260,7,100,False,0,car,0 days 00:00:02.313000,0 days 02:18:44.621000,156.23388888888888,45.0
2023-10-22 20:19:47.094,11000,263,7,100,False,0,car,0 days 00:00:02.553000,0 days 02:18:44.861000,173.7672222222222,45.0
2023-10-22 20:19:47.254,10977,265,7,100,False,0,car,0 days 00:00:02.713000,0 days 02:18:45.021000,185.545,45.0
2023-10-22 20:19:47.534,11097,268,7,100,False,0,car,0 days 00:00:02.993000,0 days 02:18:45.301000,206.38944444444442,45.0
2023-10-22 20:19:47.814,11252,270,7,100,False,0,car,0 days 00:00:03.273000,0 days 02:18:45.581000,227.38944444444445,45.0
2023-10-22 20:19:48.093,11368,273,7,100,False,0,car,0 days 00:00:03.552000,0 days 02:18:45.860000,248.54694444444445,45.0
2023-10-22 20:19:48.533,11492,278,7,100,False,0,car,0 days 00:00:03.992000,0 days 02:18:46.300000,282.52472222222224,45.0
2023-10-22 20:19:48.813,11158,279,7,100,False,0,car,0 days 00:00:04.272000,0 days 02:18:46.580000,304.2247222222223,45.0
2023-10-22 20:19:49.133,10422,281,8,100,False,0,car,0 days 00:00:04.592000,0 days 02:18:46.900000,329.2025,45.0
2023-10-22 20:19:49.413,10307,281,8,100,False,0,car,0 days 00:00:04.872000,0 days 02:18:47.180000,351.05805555555554,45.0
2023-10-22 20:19:49.613,10361,281,8,100,False,0,car,0 days 00:00:05.072000,0 days 02:18:47.380000,366.6691666666667,45.0
2023-10-22 20:19:49.973,10253,280,8,100,False,0,car,0 days 00:00:05.432000,0 days 02:18:47.740000,394.6691666666667,45.0
2023-10-22 20:19:50.173,10279,280,8,100,False,0,car,0 days 00:00:05.632000,0 days 02:18:47.940000,410.22472222222217,45.0
2023-10-22 20:19:50.413,10248,280,8,100,False,0,car,0 days 00:00:05.872000,0 days 02:18:48.180000,428.89138888888886,45.0
2023-10-22 20:19:50.693,10207,278,8,100,False,0,car,0 days 00:00:06.152000,0 days 02:18:48.460000,450.5136111111111,45.0
2023-10-22 20:19:50.893,10386,278,8,98,False,0,car,0 days 00:00:06.352000,0 days 02:18:48.660000,465.9580555555556,45.0
2023-10-22 20:19:51.213,10334,276,8,0,False,0,car,0 days 00:00:06.672000,0 days 02:18:48.980000,490.4913888888889,45.0
2023-10-22 20:19:51.693,9448,264,8,0,False,0,car,0 days 00:00:07.152000,0 days 02:18:49.460000,525.6913888888889,45.0
2023-10-22 20:19:51.894,9168,255,8,0,True,0,car,0 days 00:00:07.353000,0 days 02:18:49.661000,539.9288888888889,45.0
2023-10-22 20:19:52.174,8429,217,8,0,True,0,car,0 days 00:00:07.633000,0 days 02:18:49.941000,556.8066666666666,45.0
2023-10-22 20:19:52.374,8708,194,8,0,True,0,car,0 days 00:00:07.833000,0 days 02:18:50.141000,567.5844444444444,45.0
2023-10-22 20:19:52.694,8860,166,7,0,True,0,car,0 days 00:00:08.153000,0 days 02:18:50.461000,582.34,45.0
2023-10-22 20:19:52.894,8769,146,5,0,True,0,car,0 days 00:00:08.353000,0 days 02:18:50.661000,590.4511111111111,45.0
2023-10-22 20:19:53.134,8995,136,5,0,True,0,car,0 days 00:00:08.593000,0 days 02:18:50.901000,599.5177777777778,45.0
2023-10-22 20:19:53.454,8323,113,3,0,True,0,car,0 days 00:00:08.913000,0 days 02:18:51.221000,609.5622222222223,45.0
2023-10-22 20:19:53.734,7173,102,3,0,True,0,car,0 days 00:00:09.193000,0 days 02:18:51.501000,617.4955555555556,45.0
2023-10-22 20:19:53.894,6672,98,3,0,True,0,car,0 days 00:00:09.353000,0 days 02:18:51.661000,621.8511111111112,45.0
2023-10-22 20:19:54.094,6293,93,3,0,True,0,car,0 days 00:00:09.553000,0 days 02:18:51.861000,627.017777777778,45.0
2023-10-22 20:19:54.294,6034,89,3,0,False,0,car,0 days 00:00:09.753000,0 days 02:18:52.061000,631.9622222222224,45.0
2023-10-22 20:19:54.494,5912,86,3,0,False,0,car,0 days 00:00:09.953000,0 days 02:18:52.261000,636.7400000000001,45.0
2023-10-22 20:19:54.773,5552,83,3,0,False,0,car,0 days 00:00:10.232000,0 days 02:18:52.540000,643.1725000000001,45.0
2023-10-22 20:19:55.133,5954,78,3,13,False,0,car,0 days 00:00:10.592000,0 days 02:18:52.900000,650.9725000000002,45.0
2023-10-22 20:19:55.373,5963,79,3,21,False,0,car,0 days 00:00:10.832000,0 days 02:18:53.140000,656.2391666666668,45.0
2023-10-22 20:19:55.533,6104,82,3,30,False,0,car,0 days 00:00:10.992000,0 days 02:18:53.300000,659.8836111111113,45.0
2023-10-22 20:19:56.013,6875,90,3,44,False,0,car,0 days 00:00:11.472000,0 days 02:18:53.780000,671.8836111111113,45.0
2023-10-22 20:19:56.413,7941,101,3,50,False,0,car,0 days 00:00:11.872000,0 days 02:18:54.180000,683.1058333333336,45.0
2023-10-22 20:19:56.573,8224,106,3,50,False,0,car,0 days 00:00:12.032000,0 days 02:18:54.340000,687.8169444444447,45.0
2023-10-22 20:19:56.853,9054,117,3,60,False,0,car,0 days 00:00:12.312000,0 days 02:18:54.620000,696.9169444444448,45.0
2023-10-22 20:19:57.053,9721,125,3,67,False,0,car,0 days 00:00:12.512000,0 days 02:18:54.820000,703.8613888888892,45.0
2023-10-22 20:19:57.293,10354,134,3,75,False,0,car,0 days 00:00:12.752000,0 days 02:18:55.060000,712.7947222222226,45.0
2023-10-22 20:19:57.613,11033,147,3,93,False,0,car,0 days 00:00:13.072000,0 days 02:18:55.380000,725.8613888888892,45.0
2023-10-22 20:19:57.933,10799,166,4,100,False,0,car,0 days 00:00:13.392000,0 days 02:18:55.700000,740.6169444444448,45.0
2023-10-22 20:19:58.173,11346,175,4,99,False,0,car,0 days 00:00:13.632000,0 days 02:18:55.940000,752.2836111111114,45.0
2023-10-22 20:19:58.494,10600,189,4,99,False,0,car,0 days 00:00:13.953000,0 days 02:18:56.261000,769.1361111111114,45.0
2023-10-22 20:19:58.774,11021,201,5,100,False,0,car,0 days 00:00:14.233000,0 days 02:18:56.541000,784.7694444444448,45.0
2023-10-22 20:19:59.014,11308,209,5,99,False,0,car,0 days 00:00:14.473000,0 days 02:18:56.781000,798.7027777777782,45.0
2023-10-22 20:19:59.294,10385,216,5,100,False,0,car,0 days 00:00:14.753000,0 days 02:18:57.061000,815.5027777777782,45.0
2023-10-22 20:19:59.574,10803,223,5,99,False,0,car,0 days 00:00:15.033000,0 days 02:18:57.341000,832.8472222222226,45.0
2023-10-22 20:19:59.934,11064,232,6,99,False,0,car,0 days 00:00:15.393000,0 days 02:18:57.701000,856.0472222222227,45.0
2023-10-22 20:20:00.214,11339,236,6,100,False,0,car,0 days 00:00:15.673000,0 days 02:18:57.981000,874.4027777777782,45.0
2023-10-22 20:20:00.574,11621,243,6,100,False,0,car,0 days 00:00:16.033000,0 days 02:18:58.341000,898.7027777777782,45.0
2023-10-22 20:20:00.774,11709,246,6,99,False,0,car,0 days 00:00:16.233000,0 days 02:18:58.541000,912.3694444444449,45.0
2023-10-22 20:20:00.974,10869,249,6,100,False,0,car,0 days 00:00:16.433000,0 days 02:18:58.741000,926.2027777777781,45.0
2023-10-22 20:20:01.373,10541,254,7,100,False,0,car,0 days 00:00:16.832000,0 days 02:18:59.140000,954.3544444444449,45.0
2023-10-22 20:20:01.813,10799,258,7,100,False,0,car,0 days 00:00:17.272000,0 days 02:18:59.580000,985.8877777777781,45.0
2023-10-22 20:20:02.213,10927,262,7,100,False,0,car,0 days 00:00:17.672000,0 days 02:18:59.980000,1014.9988888888894,45.0
2023-10-22 20:20:02.493,11098,266,7,100,False,0,car,0 days 00:00:17.952000,0 days 02:19:00.260000,1035.6877777777784,45.0
2023-10-22 20:20:02.733,11269,269,7,100,False,0,car,0 days 00:00:18.192000,0 days 02:19:00.500000,1053.6211111111115,45.0
2023-10-22 20:20:02.933,11199,270,7,100,False,0,car,0 days 00:00:18.392000,0 days 02:19:00.700000,1068.6211111111115,45.0
2023-10-22 20:20:03.213,11268,271,7,99,False,0,car,0 days 00:00:18.672000,0 days 02:19:00.980000,1089.6988888888893,45.0
2023-10-22 20:20:03.453,11292,272,7,99,False,0,car,0 days 00:00:18.912000,0 days 02:19:01.220000,1107.8322222222225,45.0
2023-10-22 20:20:03.733,11344,272,7,100,False,0,car,0 days 00:00:19.192000,0 days 02:19:01.500000,1128.987777777778,45.0
2023-10-22 20:20:04.053,11273,272,7,99,False,0,car,0 days 00:00:19.512000,0 days 02:19:01.820000,1153.1655555555558,45.0
2023-10-22 20:20:04.373,11383,272,7,99,False,0,car,0 days 00:00:19.832000,0 days 02:19:02.140000,1177.3433333333335,45.0
2023-10-22 20:20:04.653,11254,272,7,100,False,0,car,0 days 00:00:20.112000,0 days 02:19:02.420000,1198.4988888888888,45.0
2023-10-22 20:20:04.933,11307,273,7,98,False,0,car,0 days 00:00:20.392000,0 days 02:19:02.700000,1219.7322222222222,45.0
2023-10-22 20:20:05.294,10736,268,7,22,True,0,car,0 days 00:00:20.753000,0 days 02:19:03.061000,1246.6066666666666,45.0
2023-10-22 20:20:05.494,10794,262,7,53,False,0,car,0 days 00:00:20.953000,0 days 02:19:03.261000,1261.162222222222,45.0
2023-10-22 20:20:05.694,10629,256,7,73,False,0,car,0 days 00:00:21.153000,0 days 02:19:03.461000,1275.3844444444442,45.0
2023-10-22 20:20:05.894,10791,256,7,0,True,0,car,0 days 00:00:21.353000,0 days 02:19:03.661000,1289.6066666666666,45.0
2023-10-22 20:20:06.094,10371,252,7,0,True,0,car,0 days 00:00:21.553000,0 days 02:19:03.861000,1303.6066666666666,45.0
2023-10-22 20:20:06.294,10752,243,7,1,True,0,car,0 days 00:00:21.753000,0 days 02:19:04.061000,1317.1066666666666,45.0
2023-10-22 20:20:06.694,10794,232,6,48,False,0,car,0 days 00:00:22.153000,0 days 02:19:04.461000,1342.8844444444442,45.0
2023-10-22 20:20:06.974,10850,227,6,64,False,0,car,0 days 00:00:22.433000,0 days 02:19:04.741000,1360.5399999999997,45.0
2023-10-22 20:20:07.294,10949,228,6,99,False,0,car,0 days 00:00:22.753000,0 days 02:19:05.061000,1380.8066666666664,45.0
2023-10-22 20:20:07.574,11026,232,6,100,False,0,car,0 days 00:00:23.033000,0 days 02:19:05.341000,1398.8511111111109,45.0
2023-10-22 20:20:07.974,11063,235,6,43,False,0,car,0 days 00:00:23.433000,0 days 02:19:05.741000,1424.962222222222,45.0
2023-10-22 20:20:08.133,10942,231,6,38,False,0,car,0 days 00:00:23.592000,0 days 02:19:05.900000,1435.1647222222218,45.0
2023-10-22 20:20:08.293,10616,231,6,29,False,0,car,0 days 00:00:23.752000,0 days 02:19:06.060000,1445.4313888888885,45.0
2023-10-22 20:20:08.613,10610,226,6,45,False,0,car,0 days 00:00:24.072000,0 days 02:19:06.380000,1465.5202777777774,45.0
2023-10-22 20:20:08.773,10513,223,6,48,False,0,car,0 days 00:00:24.232000,0 days 02:19:06.540000,1475.4313888888885,45.0
2023-10-22 20:20:09.013,10173,221,6,0,False,0,car,0 days 00:00:24.472000,0 days 02:19:06.780000,1490.1647222222218,45.0
2023-10-22 20:20:09.213,9957,217,6,11,False,0,car,0 days 00:00:24.672000,0 days 02:19:06.980000,1502.2202777777773,45.0
2023-10-22 20:20:09.413,9943,213,6,43,False,0,car,0 days 00:00:24.872000,0 days 02:19:07.180000,1514.0536111111105,45.0
2023-10-22 20:20:09.733,9911,209,6,55,False,0,car,0 days 00:00:25.192000,0 days 02:19:07.500000,1532.6313888888883,45.0
2023-10-22 20:20:09.933,9958,209,6,53,False,0,car,0 days 00:00:25.392000,0 days 02:19:07.700000,1544.2424999999994,45.0
2023-10-22 20:20:10.253,10012,210,6,64,False,0,car,0 days 00:00:25.712000,0 days 02:19:08.020000,1562.9091666666661,45.0
2023-10-22 20:20:10.493,10090,210,6,80,False,0,car,0 days 00:00:25.952000,0 days 02:19:08.260000,1576.9091666666664,45.0
2023-10-22 20:20:10.733,10401,214,6,91,False,0,car,0 days 00:00:26.192000,0 days 02:19:08.500000,1591.175833333333,45.0
2023-10-22 20:20:10.933,10280,216,6,100,False,0,car,0 days 00:00:26.392000,0 days 02:19:08.700000,1603.175833333333,45.0
2023-10-22 20:20:11.814,10846,206,6,0,True,0,car,0 days 00:00:27.273000,0 days 02:19:09.581000,1653.5886111111108,45.0
2023-10-22 20:20:12.014,10425,199,5,0,True,0,car,0 days 00:00:27.473000,0 days 02:19:09.781000,1664.6441666666663,45.0
2023-10-22 20:20:12.214,10105,193,5,0,True,0,car,0 days 00:00:27.673000,0 days 02:19:09.981000,1675.3663888888884,45.0
2023-10-22 20:20:12.374,9872,189,5,0,True,0,car,0 days 00:00:27.833000,0 days 02:19:10.141000,1683.7663888888885,45.0
2023-10-22 20:20:12.614,9717,184,5,9,False,0,car,0 days 00:00:28.073000,0 days 02:19:10.381000,1696.0330555555554,45.0
2023-10-22 20:20:12.934,9798,178,5,51,False,0,car,0 days 00:00:28.393000,0 days 02:19:10.701000,1711.8552777777777,45.0
2023-10-22 20:20:13.254,9824,181,5,69,False,0,car,0 days 00:00:28.713000,0 days 02:19:11.021000,1727.9441666666667,45.0
2023-10-22 20:20:13.534,10389,187,5,78,False,0,car,0 days 00:00:28.993000,0 days 02:19:11.301000,1742.488611111111,45.0
2023-10-22 20:20:13.734,10721,192,5,80,False,0,car,0 days 00:00:29.193000,0 days 02:19:11.501000,1753.1552777777777,45.0
2023-10-22 20:20:14.134,10744,200,5,77,False,0,car,0 days 00:00:29.593000,0 days 02:19:11.901000,1775.3774999999998,45.0
2023-10-22 20:20:14.414,10906,190,5,0,True,0,car,0 days 00:00:29.873000,0 days 02:19:12.181000,1790.1552777777777,45.0
2023-10-22 20:20:14.614,10411,178,4,0,True,0,car,0 days 00:00:30.073000,0 days 02:19:12.381000,1800.0441666666666,45.0
2023-10-22 20:20:14.893,9794,164,4,0,True,0,car,0 days 00:00:30.352000,0 days 02:19:12.660000,1812.7541666666666,45.0
2023-10-22 20:20:15.173,9363,156,4,0,True,0,car,0 days 00:00:30.632000,0 days 02:19:12.940000,1824.8875,45.0
2023-10-22 20:20:15.413,9218,151,4,0,True,0,car,0 days 00:00:30.872000,0 days 02:19:13.180000,1834.9541666666667,45.0
2023-10-22 20:20:15.613,8869,146,4,6,False,0,car,0 days 00:00:31.072000,0 days 02:19:13.380000,1843.0652777777777,45.0
2023-10-22 20:20:15.813,8853,142,4,34,False,0,car,0 days 00:00:31.272000,0 days 02:19:13.580000,1850.9541666666667,45.0
2023-10-22 20:20:16.093,8612,140,4,4,False,0,car,0 days 00:00:31.552000,0 days 02:19:13.860000,1861.8430555555556,45.0
2023-10-22 20:20:16.413,8284,136,4,17,False,0,car,0 days 00:00:31.872000,0 days 02:19:14.180000,1873.9319444444445,45.0
2023-10-22 20:20:16.573,8420,134,4,8,False,0,car,0 days 00:00:32.032000,0 days 02:19:14.340000,1879.8875,45.0
2023-10-22 20:20:17.013,8443,132,4,44,False,0,car,0 days 00:00:32.472000,0 days 02:19:14.780000,1896.0208333333335,45.0
2023-10-22 20:20:17.333,9022,140,4,72,False,0,car,0 days 00:00:32.792000,0 days 02:19:15.100000,1908.4652777777778,45.0
2023-10-22 20:20:17.653,9441,152,4,74,False,0,car,0 days 00:00:33.112000,0 days 02:19:15.420000,1921.976388888889,45.0
2023-10-22 20:20:17.893,10012,157,4,50,False,0,car,0 days 00:00:33.352000,0 days 02:19:15.660000,1932.4430555555555,45.0
2023-10-22 20:20:18.254,9990,160,4,47,False,0,car,0 days 00:00:33.713000,0 days 02:19:16.021000,1948.4875000000002,45.0
2023-10-22 20:20:18.614,10413,162,4,67,False,0,car,0 days 00:00:34.073000,0 days 02:19:16.381000,1964.6875000000002,45.0
2023-10-22 20:20:18.774,10553,166,4,67,False,0,car,0 days 00:00:34.233000,0 days 02:19:16.541000,1972.0652777777777,45.0
2023-10-22 20:20:19.094,11126,175,4,99,False,0,car,0 days 00:00:34.553000,0 days 02:19:16.861000,1987.6208333333334,45.0
2023-10-22 20:20:19.254,11406,183,4,99,False,0,car,0 days 00:00:34.713000,0 days 02:19:17.021000,1995.7541666666668,45.0
2023-10-22 20:20:19.694,11897,189,5,100,False,0,car,0 days 00:00:35.153000,0 days 02:19:17.461000,2018.8541666666667,45.0
2023-10-22 20:20:19.974,11485,202,5,100,False,0,car,0 days 00:00:35.433000,0 days 02:19:17.741000,2034.565277777778,45.0
2023-10-22 20:20:20.214,11616,208,5,100,False,0,car,0 days 00:00:35.673000,0 days 02:19:17.981000,2048.4319444444445,45.0
2023-10-22 20:20:20.494,10958,220,5,100,False,0,car,0 days 00:00:35.953000,0 days 02:19:18.261000,2065.543055555556,45.0
2023-10-22 20:20:20.894,11188,231,6,99,False,0,car,0 days 00:00:36.353000,0 days 02:19:18.661000,2091.2097222222224,45.0
2023-10-22 20:20:21.054,11108,235,6,100,False,0,car,0 days 00:00:36.513000,0 days 02:19:18.821000,2101.6541666666667,45.0
2023-10-22 20:20:21.254,11346,240,6,99,False,0,car,0 days 00:00:36.713000,0 days 02:19:19.021000,2114.9875,45.0
2023-10-22 20:20:21.414,11594,241,6,100,False,0,car,0 days 00:00:36.873000,0 days 02:19:19.181000,2125.698611111111,45.0
2023-10-22 20:20:21.773,10786,247,7,100,False,0,car,0 days 00:00:37.232000,0 days 02:19:19.540000,2150.33,45.0
2023-10-22 20:20:22.133,10647,253,7,99,False,0,car,0 days 00:00:37.592000,0 days 02:19:19.900000,2175.63,45.0
2023-10-22 20:20:22.413,10752,256,7,100,False,0,car,0 days 00:00:37.872000,0 days 02:19:20.180000,2195.541111111111,45.0
2023-10-22 20:20:22.653,10841,261,7,99,False,0,car,0 days 00:00:38.112000,0 days 02:19:20.420000,2212.9411111111112,45.0
2023-10-22 20:20:22.973,11109,266,7,100,False,0,car,0 days 00:00:38.432000,0 days 02:19:20.740000,2236.585555555556,45.0
2023-10-22 20:20:23.213,11199,269,7,99,False,0,car,0 days 00:00:38.672000,0 days 02:19:20.980000,2254.518888888889,45.0
2023-10-22 20:20:23.413,11282,272,7,100,False,0,car,0 days 00:00:38.872000,0 days 02:19:21.180000,2269.63,45.0
2023-10-22 20:20:23.613,11340,273,7,100,False,0,car,0 days 00:00:39.072000,0 days 02:19:21.380000,2284.796666666667,45.0
2023-10-22 20:20:23.813,10640,275,7,100,False,0,car,0 days 00:00:39.272000,0 days 02:19:21.580000,2300.0744444444445,45.0
2023-10-22 20:20:24.093,10260,278,8,99,False,0,car,0 days 00:00:39.552000,0 days 02:19:21.860000,2321.6966666666667,45.0
2023-10-22 20:20:24.373,10419,282,8,99,False,0,car,0 days 00:00:39.832000,0 days 02:19:22.140000,2343.63,45.0
2023-10-22 20:20:24.573,10442,282,8,99,False,0,car,0 days 00:00:40.032000,0 days 02:19:22.340000,2359.2966666666666,45.0
2023-10-22 20:20:24.814,10458,285,8,99,False,0,car,0 days 00:00:40.273000,0 days 02:19:22.581000,2378.375833333334,45.0
2023-10-22 20:20:25.054,10102,280,8,0,False,0,car,0 days 00:00:40.513000,0 days 02:19:22.821000,2397.0425,45.0
2023-10-22 20:20:25.334,9945,266,8,0,True,0,car,0 days 00:00:40.793000,0 days 02:19:23.101000,2417.731388888889,45.0
2023-10-22 20:20:25.654,9279,230,8,0,True,0,car,0 days 00:00:41.113000,0 days 02:19:23.421000,2438.1758333333332,45.0
2023-10-22 20:20:25.814,9567,219,7,0,True,0,car,0 days 00:00:41.273000,0 days 02:19:23.581000,2447.909166666667,45.0
2023-10-22 20:20:25.974,8727,197,7,0,True,0,car,0 days 00:00:41.433000,0 days 02:19:23.741000,2456.6647222222223,45.0
2023-10-22 20:20:26.294,9411,170,6,0,True,0,car,0 days 00:00:41.753000,0 days 02:19:24.061000,2471.7758333333336,45.0
2023-10-22 20:20:26.494,9598,161,6,0,True,0,car,0 days 00:00:41.953000,0 days 02:19:24.261000,2480.7202777777784,45.0
2023-10-22 20:20:26.694,10296,138,5,0,True,0,car,0 days 00:00:42.153000,0 days 02:19:24.461000,2488.386944444445,45.0
2023-10-22 20:20:26.894,8896,125,3,0,True,0,car,0 days 00:00:42.353000,0 days 02:19:24.661000,2495.3313888888893,45.0
2023-10-22 20:20:27.374,7054,100,3,0,True,0,car,0 days 00:00:42.833000,0 days 02:19:25.141000,2508.6647222222223,45.0
2023-10-22 20:20:27.534,6646,94,3,0,True,0,car,0 days 00:00:42.993000,0 days 02:19:25.301000,2512.8425,45.0
2023-10-22 20:20:28.054,5772,84,3,0,True,0,car,0 days 00:00:43.513000,0 days 02:19:25.821000,2524.9758333333334,45.0
2023-10-22 20:20:28.293,5436,79,3,0,False,0,car,0 days 00:00:43.752000,0 days 02:19:26.060000,2530.2205555555556,45.0
2023-10-22 20:20:28.493,5318,77,3,0,False,0,car,0 days 00:00:43.952000,0 days 02:19:26.260000,2534.4983333333334,45.0
2023-10-22 20:20:28.733,5062,74,3,0,False,0,car,0 days 00:00:44.192000,0 days 02:19:26.500000,2539.431666666667,45.0
2023-10-22 20:20:29.013,4942,72,3,6,False,0,car,0 days 00:00:44.472000,0 days 02:19:26.780000,2545.0316666666668,45.0
2023-10-22 20:20:29.333,5620,71,3,23,False,0,car,0 days 00:00:44.792000,0 days 02:19:27.100000,2551.342777777778,45.0
2023-10-22 20:20:29.573,5735,74,3,24,False,0,car,0 days 00:00:45.032000,0 days 02:19:27.340000,2556.2761111111113,45.0
2023-10-22 20:20:29.733,5928,74,3,30,False,0,car,0 days 00:00:45.192000,0 days 02:19:27.500000,2559.565,45.0
2023-10-22 20:20:30.093,6596,82,3,36,False,0,car,0 days 00:00:45.552000,0 days 02:19:27.860000,2567.765,45.0
2023-10-22 20:20:30.493,7280,92,3,46,False,0,car,0 days 00:00:45.952000,0 days 02:19:28.260000,2577.987222222222,45.0
2023-10-22 20:20:30.693,7782,98,3,50,False,0,car,0 days 00:00:46.152000,0 days 02:19:28.460000,2583.4316666666664,45.0
2023-10-22 20:20:31.053,8331,112,3,58,False,0,car,0 days 00:00:46.512000,0 days 02:19:28.820000,2594.631666666666,45.0
2023-10-22 20:20:31.253,9195,119,3,65,False,0,car,0 days 00:00:46.712000,0 days 02:19:29.020000,2601.2427777777775,45.0
2023-10-22 20:20:31.414,9195,123,3,65,False,0,car,0 days 00:00:46.873000,0 days 02:19:29.181000,2606.7436111111106,45.0
2023-10-22 20:20:31.734,10749,142,3,85,False,0,car,0 days 00:00:47.193000,0 days 02:19:29.501000,2619.365833333333,45.0
2023-10-22 20:20:32.094,10038,157,4,100,False,0,car,0 days 00:00:47.553000,0 days 02:19:29.861000,2635.0658333333326,45.0
2023-10-22 20:20:32.254,10587,167,4,100,False,0,car,0 days 00:00:47.713000,0 days 02:19:30.021000,2642.488055555555,45.0
2023-10-22 20:20:32.574,11290,180,4,100,False,0,car,0 days 00:00:48.033000,0 days 02:19:30.341000,2658.488055555555,45.0
2023-10-22 20:20:32.814,10535,188,4,100,False,0,car,0 days 00:00:48.273000,0 days 02:19:30.581000,2671.0213888888884,45.0
2023-10-22 20:20:32.974,10854,196,5,100,False,0,car,0 days 00:00:48.433000,0 days 02:19:30.741000,2679.732499999999,45.0
2023-10-22 20:20:33.174,11004,203,5,100,False,0,car,0 days 00:00:48.633000,0 days 02:19:30.941000,2691.010277777777,45.0
2023-10-22 20:20:33.654,10407,218,5,100,False,0,car,0 days 00:00:49.113000,0 days 02:19:31.421000,2720.0769444444436,45.0
2023-10-22 20:20:33.894,10756,224,6,100,False,0,car,0 days 00:00:49.353000,0 days 02:19:31.661000,2735.010277777777,45.0
2023-10-22 20:20:34.174,11029,231,6,100,False,0,car,0 days 00:00:49.633000,0 days 02:19:31.941000,2752.9769444444437,45.0
2023-10-22 20:20:34.334,11164,236,6,100,False,0,car,0 days 00:00:49.793000,0 days 02:19:32.101000,2763.4658333333323,45.0
2023-10-22 20:20:34.694,11508,242,6,100,False,0,car,0 days 00:00:50.153000,0 days 02:19:32.461000,2787.665833333332,45.0
2023-10-22 20:20:35.013,11268,248,6,97,False,0,car,0 days 00:00:50.472000,0 days 02:19:32.780000,2809.641388888888,45.0
2023-10-22 20:20:35.293,10493,250,7,100,False,0,car,0 days 00:00:50.752000,0 days 02:19:33.060000,2829.085833333332,45.0
2023-10-22 20:20:35.573,10540,256,7,100,False,0,car,0 days 00:00:51.032000,0 days 02:19:33.340000,2848.9969444444428,45.0
2023-10-22 20:20:35.773,10540,258,7,100,False,0,car,0 days 00:00:51.232000,0 days 02:19:33.540000,2863.3302777777762,45.0
2023-10-22 20:20:36.133,10898,262,7,100,False,0,car,0 days 00:00:51.592000,0 days 02:19:33.900000,2889.530277777776,45.0
2023-10-22 20:20:36.293,11059,265,7,100,False,0,car,0 days 00:00:51.752000,0 days 02:19:34.060000,2901.308055555554,45.0
2023-10-22 20:20:36.493,11076,267,7,100,False,0,car,0 days 00:00:51.952000,0 days 02:19:34.260000,2916.141388888887,45.0
2023-10-22 20:20:36.733,11351,270,7,100,False,0,car,0 days 00:00:52.192000,0 days 02:19:34.500000,2934.141388888887,45.0
2023-10-22 20:20:36.933,11301,272,7,100,False,0,car,0 days 00:00:52.392000,0 days 02:19:34.700000,2949.2524999999982,45.0
2023-10-22 20:20:37.093,11373,273,7,100,False,0,car,0 days 00:00:52.552000,0 days 02:19:34.860000,2961.3858333333314,45.0
2023-10-22 20:20:37.333,11447,276,7,100,False,0,car,0 days 00:00:52.792000,0 days 02:19:35.100000,2979.7858333333315,45.0
2023-10-22 20:20:37.493,11444,277,7,100,False,0,car,0 days 00:00:52.952000,0 days 02:19:35.260000,2992.096944444442,45.0
2023-10-22 20:20:37.733,11641,279,7,100,False,0,car,0 days 00:00:53.192000,0 days 02:19:35.500000,3010.6969444444426,45.0
2023-10-22 20:20:37.894,10661,278,7,100,False,0,car,0 days 00:00:53.353000,0 days 02:19:35.661000,3023.1297222222206,45.0
2023-10-22 20:20:38.134,10374,280,8,100,False,0,car,0 days 00:00:53.593000,0 days 02:19:35.901000,3041.7963888888876,45.0
2023-10-22 20:20:38.374,10394,282,8,99,False,0,car,0 days 00:00:53.833000,0 days 02:19:36.141000,3060.5963888888873,45.0
2023-10-22 20:20:38.854,10514,286,8,100,False,0,car,0 days 00:00:54.313000,0 days 02:19:36.621000,3098.729722222221,45.0
2023-10-22 20:20:39.014,10565,286,8,100,False,0,car,0 days 00:00:54.473000,0 days 02:19:36.781000,3111.4408333333317,45.0
2023-10-22 20:20:39.294,10671,289,8,100,False,0,car,0 days 00:00:54.753000,0 days 02:19:37.061000,3133.9186111111094,45.0
2023-10-22 20:20:39.614,10704,291,8,100,False,0,car,0 days 00:00:55.073000,0 days 02:19:37.381000,3159.785277777776,45.0
2023-10-22 20:20:40.014,10820,293,8,100,False,0,car,0 days 00:00:55.473000,0 days 02:19:37.781000,3192.340833333332,45.0
2023-10-22 20:20:40.174,10840,294,8,100,False,0,car,0 days 00:00:55.633000,0 days 02:19:37.941000,3205.407499999999,45.0
2023-10-22 20:20:40.534,10907,296,8,100,False,0,car,0 days 00:00:55.993000,0 days 02:19:38.301000,3235.007499999999,45.0
2023-10-22 20:20:40.974,10955,296,8,100,False,0,car,0 days 00:00:56.433000,0 days 02:19:38.741000,3271.1852777777763,45.0
2023-10-22 20:20:41.334,10951,297,8,100,False,0,car,0 days 00:00:56.793000,0 days 02:19:39.101000,3300.885277777776,45.0
2023-10-22 20:20:41.733,11015,299,8,100,False,0,car,0 days 00:00:57.192000,0 days 02:19:39.500000,3334.024444444443,45.0
2023-10-22 20:20:42.093,10980,299,8,100,False,0,car,0 days 00:00:57.552000,0 days 02:19:39.860000,3363.924444444443,45.0
2023-10-22 20:20:42.293,11038,300,8,100,False,0,car,0 days 00:00:57.752000,0 days 02:19:40.060000,3380.59111111111,45.0
2023-10-22 20:20:42.613,11043,300,8,100,False,0,car,0 days 00:00:58.072000,0 days 02:19:40.380000,3407.2577777777765,45.0
2023-10-22 20:20:42.813,11080,300,8,100,False,0,car,0 days 00:00:58.272000,0 days 02:19:40.580000,3423.924444444443,45.0
2023-10-22 20:20:43.213,11061,300,8,100,False,0,car,0 days 00:00:58.672000,0 days 02:19:40.980000,3457.257777777776,45.0
2023-10-22 20:20:43.573,11064,301,8,100,False,0,car,0 days 00:00:59.032000,0 days 02:19:41.340000,3487.357777777776,45.0
2023-10-22 20:20:43.733,11090,302,8,100,False,0,car,0 days 00:00:59.192000,0 days 02:19:41.500000,3500.7799999999984,45.0
2023-10-22 20:20:43.933,11128,302,8,100,False,0,car,0 days 00:00:59.392000,0 days 02:19:41.700000,3517.557777777776,45.0
2023-10-22 20:20:44.093,11061,302,8,100,False,0,car,0 days 00:00:59.552000,0 days 02:19:41.860000,3530.979999999998,45.0
2023-10-22 20:20:44.333,11113,301,8,100,False,0,car,0 days 00:00:59.792000,0 days 02:19:42.100000,3551.0466666666653,45.0
2023-10-22 20:20:44.614,10796,297,8,0,False,0,car,0 days 00:01:00.073000,0 days 02:19:42.381000,3574.229166666665,45.0
2023-10-22 20:20:44.774,10471,291,8,0,False,0,car,0 days 00:01:00.233000,0 days 02:19:42.541000,3587.162499999998,45.0
2023-10-22 20:20:45.054,9990,283,8,0,True,0,car,0 days 00:01:00.513000,0 days 02:19:42.821000,3609.1736111111095,45.0
2023-10-22 20:20:45.494,9330,238,8,0,True,0,car,0 days 00:01:00.953000,0 days 02:19:43.261000,3638.262499999999,45.0
2023-10-22 20:20:45.694,8878,217,8,0,True,0,car,0 days 00:01:01.153000,0 days 02:19:43.461000,3650.318055555554,45.0
2023-10-22 20:20:45.854,8919,196,8,0,True,0,car,0 days 00:01:01.313000,0 days 02:19:43.621000,3659.0291666666653,45.0
2023-10-22 20:20:46.054,9282,176,8,0,True,0,car,0 days 00:01:01.513000,0 days 02:19:43.821000,3668.8069444444427,45.0
2023-10-22 20:20:46.294,8513,167,6,0,True,0,car,0 days 00:01:01.753000,0 days 02:19:44.061000,3679.940277777776,45.0
2023-10-22 20:20:46.574,9242,134,5,0,True,0,car,0 days 00:01:02.033000,0 days 02:19:44.341000,3690.3624999999984,45.0
2023-10-22 20:20:46.774,8453,122,4,0,True,0,car,0 days 00:01:02.233000,0 days 02:19:44.541000,3697.140277777776,45.0
2023-10-22 20:20:47.134,7347,104,3,0,True,0,car,0 days 00:01:02.593000,0 days 02:19:44.901000,3707.5402777777763,45.0
2023-10-22 20:20:47.294,6959,101,3,0,True,0,car,0 days 00:01:02.753000,0 days 02:19:45.061000,3712.029166666665,45.0
2023-10-22 20:20:47.494,6442,95,3,0,True,0,car,0 days 00:01:02.953000,0 days 02:19:45.261000,3717.3069444444427,45.0
2023-10-22 20:20:47.694,6162,91,3,0,True,0,car,0 days 00:01:03.153000,0 days 02:19:45.461000,3722.3624999999984,45.0
2023-10-22 20:20:48.054,5869,84,3,0,False,0,car,0 days 00:01:03.513000,0 days 02:19:45.821000,3730.7624999999985,45.0
2023-10-22 20:20:48.294,5924,83,3,4,False,0,car,0 days 00:01:03.753000,0 days 02:19:46.061000,3736.2958333333318,45.0
2023-10-22 20:20:48.453,6118,81,3,14,False,0,car,0 days 00:01:03.912000,0 days 02:19:46.220000,3739.8733333333316,45.0
2023-10-22 20:20:48.733,6417,84,3,39,False,0,car,0 days 00:01:04.192000,0 days 02:19:46.500000,3746.406666666665,45.0
2023-10-22 20:20:48.973,6899,89,3,47,False,0,car,0 days 00:01:04.432000,0 days 02:19:46.740000,3752.3399999999983,45.0
2023-10-22 20:20:49.333,7538,99,3,55,False,0,car,0 days 00:01:04.792000,0 days 02:19:47.100000,3762.2399999999984,45.0
2023-10-22 20:20:49.573,8643,111,3,65,False,0,car,0 days 00:01:05.032000,0 days 02:19:47.340000,3769.639999999998,45.0
2023-10-22 20:20:49.733,9179,120,3,74,False,0,car,0 days 00:01:05.192000,0 days 02:19:47.500000,3774.973333333331,45.0
2023-10-22 20:20:49.973,9319,130,3,74,False,0,car,0 days 00:01:05.432000,0 days 02:19:47.740000,3783.639999999998,45.0
2023-10-22 20:20:50.173,10544,140,3,100,False,0,car,0 days 00:01:05.632000,0 days 02:19:47.940000,3791.417777777776,45.0
2023-10-22 20:20:50.333,11104,151,3,100,False,0,car,0 days 00:01:05.792000,0 days 02:19:48.100000,3798.1288888888866,45.0
2023-10-22 20:20:50.813,10973,169,3,100,False,0,car,0 days 00:01:06.272000,0 days 02:19:48.580000,3820.66222222222,45.0
2023-10-22 20:20:51.174,11508,184,4,100,False,0,car,0 days 00:01:06.633000,0 days 02:19:48.941000,3839.1133333333305,45.0
2023-10-22 20:20:51.334,10388,187,4,99,False,0,car,0 days 00:01:06.793000,0 days 02:19:49.101000,3847.424444444442,45.0
2023-10-22 20:20:51.494,10458,192,5,100,False,0,car,0 days 00:01:06.953000,0 days 02:19:49.261000,3855.9577777777754,45.0
2023-10-22 20:20:51.814,10681,197,5,0,False,0,car,0 days 00:01:07.273000,0 days 02:19:49.581000,3873.4688888888863,45.0
2023-10-22 20:20:52.134,10660,179,5,0,True,0,car,0 days 00:01:07.593000,0 days 02:19:49.901000,3889.379999999998,45.0
2023-10-22 20:20:52.334,10933,166,4,0,True,0,car,0 days 00:01:07.793000,0 days 02:19:50.101000,3898.60222222222,45.0
2023-10-22 20:20:52.654,10392,146,3,0,True,0,car,0 days 00:01:08.113000,0 days 02:19:50.421000,3911.5799999999977,45.0
2023-10-22 20:20:52.814,10392,141,3,0,True,0,car,0 days 00:01:08.273000,0 days 02:19:50.581000,3917.846666666664,45.0
2023-10-22 20:20:53.254,8670,120,3,0,True,0,car,0 days 00:01:08.713000,0 days 02:19:51.021000,3932.5133333333306,45.0
2023-10-22 20:20:53.414,8286,117,3,0,True,0,car,0 days 00:01:08.873000,0 days 02:19:51.181000,3937.713333333331,45.0
2023-10-22 20:20:53.654,7844,111,3,0,True,0,car,0 days 00:01:09.113000,0 days 02:19:51.421000,3945.1133333333305,45.0
2023-10-22 20:20:54.014,7083,102,3,0,True,0,car,0 days 00:01:09.473000,0 days 02:19:51.781000,3955.3133333333303,45.0
2023-10-22 20:20:54.254,6976,99,3,0,False,0,car,0 days 00:01:09.713000,0 days 02:19:52.021000,3961.9133333333302,45.0
2023-10-22 20:20:54.614,6982,97,3,21,False,0,car,0 days 00:01:10.073000,0 days 02:19:52.381000,3971.61333333333,45.0
2023-10-22 20:20:54.814,7065,93,3,30,False,0,car,0 days 00:01:10.273000,0 days 02:19:52.581000,3976.7799999999966,45.0
2023-10-22 20:20:55.053,7177,97,3,32,False,0,car,0 days 00:01:10.512000,0 days 02:19:52.820000,3983.219722222219,45.0
2023-10-22 20:20:55.253,7548,100,3,38,False,0,car,0 days 00:01:10.712000,0 days 02:19:53.020000,3988.7752777777746,45.0
2023-10-22 20:20:55.413,7599,101,3,38,False,0,car,0 days 00:01:10.872000,0 days 02:19:53.180000,3993.264166666663,45.0
2023-10-22 20:20:55.733,8167,106,3,46,False,0,car,0 days 00:01:11.192000,0 days 02:19:53.500000,4002.686388888885,45.0
2023-10-22 20:20:56.133,9034,119,3,55,False,0,car,0 days 00:01:11.592000,0 days 02:19:53.900000,4015.908611111108,45.0
2023-10-22 20:20:56.453,9809,128,3,67,False,0,car,0 days 00:01:11.912000,0 days 02:19:54.220000,4027.286388888886,45.0
2023-10-22 20:20:56.813,10954,139,3,91,False,0,car,0 days 00:01:12.272000,0 days 02:19:54.580000,4041.186388888886,45.0
2023-10-22 20:20:57.213,11180,156,3,100,False,0,car,0 days 00:01:12.672000,0 days 02:19:54.980000,4058.519722222219,45.0
2023-10-22 20:20:57.373,10471,164,3,100,False,0,car,0 days 00:01:12.832000,0 days 02:19:55.140000,4065.808611111108,45.0
2023-10-22 20:20:57.734,11133,176,4,99,False,0,car,0 days 00:01:13.193000,0 days 02:19:55.501000,4083.457499999997,45.0
2023-10-22 20:20:58.054,9954,184,4,99,False,0,car,0 days 00:01:13.513000,0 days 02:19:55.821000,4099.813055555553,45.0
2023-10-22 20:20:58.294,10464,190,5,91,False,0,car,0 days 00:01:13.753000,0 days 02:19:56.061000,4112.479722222219,45.0
2023-10-22 20:20:58.454,11159,193,5,0,False,0,car,0 days 00:01:13.913000,0 days 02:19:56.221000,4121.057499999996,45.0
2023-10-22 20:20:58.814,9630,192,5,0,True,0,car,0 days 00:01:14.273000,0 days 02:19:56.581000,4140.257499999996,45.0
2023-10-22 20:20:59.294,9299,157,4,0,True,0,car,0 days 00:01:14.753000,0 days 02:19:57.061000,4161.1908333333295,45.0
2023-10-22 20:20:59.614,10126,148,4,0,True,0,car,0 days 00:01:15.073000,0 days 02:19:57.381000,4174.346388888885,45.0
2023-10-22 20:20:59.774,9320,139,3,0,True,0,car,0 days 00:01:15.233000,0 days 02:19:57.541000,4180.5241666666625,45.0
2023-10-22 20:21:00.054,8477,121,3,0,True,0,car,0 days 00:01:15.513000,0 days 02:19:57.821000,4189.935277777774,45.0
2023-10-22 20:21:00.214,8057,121,3,0,True,0,car,0 days 00:01:15.673000,0 days 02:19:57.981000,4195.313055555552,45.0
2023-10-22 20:21:00.534,7612,105,3,0,True,0,car,0 days 00:01:15.993000,0 days 02:19:58.301000,4204.646388888885,45.0
2023-10-22 20:21:00.774,7051,100,3,0,True,0,car,0 days 00:01:16.233000,0 days 02:19:58.541000,4211.313055555552,45.0
2023-10-22 20:21:00.934,6722,97,3,0,True,0,car,0 days 00:01:16.393000,0 days 02:19:58.701000,4215.624166666663,45.0
2023-10-22 20:21:01.294,6432,93,3,0,False,0,car,0 days 00:01:16.753000,0 days 02:19:59.061000,4224.924166666663,45.0
2023-10-22 20:21:01.494,6226,90,3,0,False,0,car,0 days 00:01:16.953000,0 days 02:19:59.261000,4229.924166666663,45.0
2023-10-22 20:21:01.734,6068,86,3,0,False,0,car,0 days 00:01:17.193000,0 days 02:19:59.501000,4235.657499999997,45.0
2023-10-22 20:21:02.213,6188,82,3,20,False,0,car,0 days 00:01:17.672000,0 days 02:19:59.980000,4246.568055555552,45.0
2023-10-22 20:21:02.613,6603,87,3,36,False,0,car,0 days 00:01:18.072000,0 days 02:20:00.380000,4256.234722222219,45.0
2023-10-22 20:21:02.813,6952,90,3,41,False,0,car,0 days 00:01:18.272000,0 days 02:20:00.580000,4261.234722222219,45.0
2023-10-22 20:21:03.013,7328,94,3,44,False,0,car,0 days 00:01:18.472000,0 days 02:20:00.780000,4266.4569444444405,45.0
2023-10-22 20:21:03.173,7772,97,3,48,False,0,car,0 days 00:01:18.632000,0 days 02:20:00.940000,4270.768055555552,45.0
2023-10-22 20:21:03.413,8232,105,3,55,False,0,car,0 days 00:01:18.872000,0 days 02:20:01.180000,4277.768055555552,45.0
2023-10-22 20:21:03.653,8768,115,3,62,False,0,car,0 days 00:01:19.112000,0 days 02:20:01.420000,4285.434722222218,45.0
2023-10-22 20:21:03.813,9253,119,3,69,False,0,car,0 days 00:01:19.272000,0 days 02:20:01.580000,4290.723611111107,45.0
2023-10-22 20:21:04.053,9906,132,3,79,False,0,car,0 days 00:01:19.512000,0 days 02:20:01.820000,4299.523611111107,45.0
2023-10-22 20:21:04.374,10412,146,3,87,False,0,car,0 days 00:01:19.833000,0 days 02:20:02.141000,4312.541944444441,45.0
2023-10-22 20:21:04.654,10412,161,3,100,False,0,car,0 days 00:01:20.113000,0 days 02:20:02.421000,4325.0641666666625,45.0
2023-10-22 20:21:04.894,10755,166,4,100,False,0,car,0 days 00:01:20.353000,0 days 02:20:02.661000,4336.130833333329,45.0
2023-10-22 20:21:05.294,10506,186,4,100,False,0,car,0 days 00:01:20.753000,0 days 02:20:03.061000,4356.797499999996,45.0
2023-10-22 20:21:05.454,10536,193,4,100,False,0,car,0 days 00:01:20.913000,0 days 02:20:03.221000,4365.375277777774,45.0
2023-10-22 20:21:05.654,10879,200,5,100,False,0,car,0 days 00:01:21.113000,0 days 02:20:03.421000,4376.486388888885,45.0
2023-10-22 20:21:05.894,11274,200,5,100,False,0,car,0 days 00:01:21.353000,0 days 02:20:03.661000,4389.819722222218,45.0
2023-10-22 20:21:06.054,11591,209,5,100,False,0,car,0 days 00:01:21.513000,0 days 02:20:03.821000,4399.108611111107,45.0
2023-10-22 20:21:06.454,10407,220,6,100,False,0,car,0 days 00:01:21.913000,0 days 02:20:04.221000,4423.5530555555515,45.0
2023-10-22 20:21:06.694,10747,225,6,100,False,0,car,0 days 00:01:22.153000,0 days 02:20:04.461000,4438.553055555552,45.0
2023-10-22 20:21:06.854,10759,227,6,100,False,0,car,0 days 00:01:22.313000,0 days 02:20:04.621000,4448.641944444441,45.0
2023-10-22 20:21:07.134,10984,227,6,100,False,0,car,0 days 00:01:22.593000,0 days 02:20:04.901000,4466.297499999997,45.0
2023-10-22 20:21:07.334,10992,230,6,100,False,0,car,0 days 00:01:22.793000,0 days 02:20:05.101000,4479.075277777775,45.0
2023-10-22 20:21:07.734,11024,232,6,100,False,0,car,0 days 00:01:23.193000,0 days 02:20:05.501000,4504.853055555553,45.0
2023-10-22 20:21:08.134,11201,235,6,100,False,0,car,0 days 00:01:23.593000,0 days 02:20:05.901000,4530.964166666664,45.0
2023-10-22 20:21:08.454,11271,237,6,100,False,0,car,0 days 00:01:23.913000,0 days 02:20:06.221000,4552.0308333333305,45.0
2023-10-22 20:21:08.693,11405,239,6,100,False,0,car,0 days 00:01:24.152000,0 days 02:20:06.460000,4567.897777777775,45.0
2023-10-22 20:21:08.973,11515,240,6,100,False,0,car,0 days 00:01:24.432000,0 days 02:20:06.740000,4586.564444444442,45.0
2023-10-22 20:21:09.333,11427,241,6,100,False,0,car,0 days 00:01:24.792000,0 days 02:20:07.100000,4610.664444444443,45.0
2023-10-22 20:21:09.533,11419,242,6,100,False,0,car,0 days 00:01:24.992000,0 days 02:20:07.300000,4624.108888888887,45.0
2023-10-22 20:21:09.693,11494,243,6,100,False,0,car,0 days 00:01:25.152000,0 days 02:20:07.460000,4634.908888888887,45.0
2023-10-22 20:21:09.933,10556,244,6,100,False,0,car,0 days 00:01:25.392000,0 days 02:20:07.700000,4651.175555555554,45.0
2023-10-22 20:21:10.133,10247,246,6,100,False,0,car,0 days 00:01:25.592000,0 days 02:20:07.900000,4664.842222222221,45.0
2023-10-22 20:21:10.373,10336,247,7,100,False,0,car,0 days 00:01:25.832000,0 days 02:20:08.140000,4681.308888888887,45.0
2023-10-22 20:21:10.693,10406,249,7,100,False,0,car,0 days 00:01:26.152000,0 days 02:20:08.460000,4703.442222222221,45.0
2023-10-22 20:21:10.934,10512,251,7,100,False,0,car,0 days 00:01:26.393000,0 days 02:20:08.701000,4720.245277777776,45.0
2023-10-22 20:21:11.214,10421,252,7,100,False,0,car,0 days 00:01:26.673000,0 days 02:20:08.981000,4739.845277777777,45.0
2023-10-22 20:21:11.374,10561,254,7,100,False,0,car,0 days 00:01:26.833000,0 days 02:20:09.141000,4751.134166666665,45.0
2023-10-22 20:21:11.654,10638,254,7,100,False,0,car,0 days 00:01:27.113000,0 days 02:20:09.421000,4770.88972222222,45.0
2023-10-22 20:21:12.014,10788,258,7,99,False,0,car,0 days 00:01:27.473000,0 days 02:20:09.781000,4796.689722222221,45.0
2023-10-22 20:21:12.214,10795,259,7,99,False,0,car,0 days 00:01:27.673000,0 days 02:20:09.981000,4811.078611111109,45.0
2023-10-22 20:21:12.534,10864,262,7,99,False,0,car,0 days 00:01:27.993000,0 days 02:20:10.301000,4834.367499999998,45.0
2023-10-22 20:21:12.814,10931,264,7,99,False,0,car,0 days 00:01:28.273000,0 days 02:20:10.581000,4854.900833333331,45.0
2023-10-22 20:21:13.054,10262,266,7,0,False,0,car,0 days 00:01:28.513000,0 days 02:20:10.821000,4872.634166666665,45.0
2023-10-22 20:21:13.334,10684,257,7,0,True,0,car,0 days 00:01:28.793000,0 days 02:20:11.101000,4892.623055555554,45.0
2023-10-22 20:21:13.534,10110,251,7,0,True,0,car,0 days 00:01:28.993000,0 days 02:20:11.301000,4906.567499999997,45.0
2023-10-22 20:21:13.854,10133,228,7,0,True,0,car,0 days 00:01:29.313000,0 days 02:20:11.621000,4926.834166666665,45.0
2023-10-22 20:21:14.014,9976,222,6,0,True,0,car,0 days 00:01:29.473000,0 days 02:20:11.781000,4936.7008333333315,45.0
2023-10-22 20:21:14.294,9778,205,6,0,True,0,car,0 days 00:01:29.753000,0 days 02:20:12.061000,4952.645277777776,45.0
2023-10-22 20:21:14.534,10372,194,5,0,True,0,car,0 days 00:01:29.993000,0 days 02:20:12.301000,4965.578611111109,45.0
2023-10-22 20:21:14.974,9966,187,5,25,False,0,car,0 days 00:01:30.433000,0 days 02:20:12.741000,4988.434166666665,45.0
2023-10-22 20:21:15.213,9881,185,5,44,False,0,car,0 days 00:01:30.672000,0 days 02:20:12.980000,5000.716111111109,45.0
2023-10-22 20:21:15.453,10195,185,5,64,False,0,car,0 days 00:01:30.912000,0 days 02:20:13.220000,5013.049444444443,45.0
2023-10-22 20:21:15.853,10574,194,5,95,False,0,car,0 days 00:01:31.312000,0 days 02:20:13.620000,5034.604999999998,45.0
2023-10-22 20:21:16.173,11140,201,5,100,False,0,car,0 days 00:01:31.632000,0 days 02:20:13.940000,5052.4716666666645,45.0
2023-10-22 20:21:16.653,11074,214,5,100,False,0,car,0 days 00:01:32.112000,0 days 02:20:14.420000,5081.004999999997,45.0
2023-10-22 20:21:16.853,10330,218,5,100,False,0,car,0 days 00:01:32.312000,0 days 02:20:14.620000,5093.116111111109,45.0
2023-10-22 20:21:17.053,10474,221,6,100,False,0,car,0 days 00:01:32.512000,0 days 02:20:14.820000,5105.393888888887,45.0
2023-10-22 20:21:17.414,10819,225,6,100,False,0,car,0 days 00:01:32.873000,0 days 02:20:15.181000,5127.956388888887,45.0
2023-10-22 20:21:18.374,10460,227,6,0,True,0,car,0 days 00:01:33.833000,0 days 02:20:16.141000,5188.48972222222,45.0
2023-10-22 20:21:18.734,10786,202,6,0,True,0,car,0 days 00:01:34.193000,0 days 02:20:16.501000,5208.68972222222,45.0
2023-10-22 20:21:19.014,10159,202,5,0,True,0,car,0 days 00:01:34.473000,0 days 02:20:16.781000,5224.40083333333,45.0
2023-10-22 20:21:19.254,10532,155,4,0,True,0,car,0 days 00:01:34.713000,0 days 02:20:17.021000,5234.734166666663,45.0
2023-10-22 20:21:19.534,9272,129,3,0,True,0,car,0 days 00:01:34.993000,0 days 02:20:17.301000,5244.767499999997,45.0
2023-10-22 20:21:19.894,7980,116,3,0,True,0,car,0 days 00:01:35.353000,0 days 02:20:17.661000,5256.367499999998,45.0
2023-10-22 20:21:20.254,7443,105,3,0,True,0,car,0 days 00:01:35.713000,0 days 02:20:18.021000,5266.867499999998,45.0
2023-10-22 20:21:20.494,7099,101,3,0,False,0,car,0 days 00:01:35.953000,0 days 02:20:18.261000,5273.600833333331,45.0
2023-10-22 20:21:20.694,7060,99,3,0,False,0,car,0 days 00:01:36.153000,0 days 02:20:18.461000,5279.100833333331,45.0
2023-10-22 20:21:21.094,6864,93,3,20,False,0,car,0 days 00:01:36.553000,0 days 02:20:18.861000,5289.434166666664,45.0
2023-10-22 20:21:21.334,7029,92,3,29,False,0,car,0 days 00:01:36.793000,0 days 02:20:19.101000,5295.567499999997,45.0
2023-10-22 20:21:21.614,7530,96,3,42,False,0,car,0 days 00:01:37.073000,0 days 02:20:19.381000,5303.034166666664,45.0
2023-10-22 20:21:21.933,8026,102,3,51,False,0,car,0 days 00:01:37.392000,0 days 02:20:19.700000,5312.072499999997,45.0
2023-10-22 20:21:22.093,8390,108,3,57,False,0,car,0 days 00:01:37.552000,0 days 02:20:19.860000,5316.872499999997,45.0
2023-10-22 20:21:22.253,8704,114,3,62,False,0,car,0 days 00:01:37.712000,0 days 02:20:20.020000,5321.939166666663,45.0
2023-10-22 20:21:22.493,9554,122,3,70,False,0,car,0 days 00:01:37.952000,0 days 02:20:20.260000,5330.072499999997,45.0
2023-10-22 20:21:22.773,10070,134,3,76,False,0,car,0 days 00:01:38.232000,0 days 02:20:20.540000,5340.494722222219,45.0
2023-10-22 20:21:23.053,11137,148,3,94,False,0,car,0 days 00:01:38.512000,0 days 02:20:20.820000,5352.00583333333,45.0
2023-10-22 20:21:23.253,11839,158,3,100,False,0,car,0 days 00:01:38.712000,0 days 02:20:21.020000,5360.783611111108,45.0
2023-10-22 20:21:23.613,11144,171,4,100,False,0,car,0 days 00:01:39.072000,0 days 02:20:21.380000,5377.883611111109,45.0
2023-10-22 20:21:23.894,11453,183,4,100,False,0,car,0 days 00:01:39.353000,0 days 02:20:21.661000,5392.167777777775,45.0
2023-10-22 20:21:24.094,10588,190,4,100,False,0,car,0 days 00:01:39.553000,0 days 02:20:21.861000,5402.723333333331,45.0
2023-10-22 20:21:24.294,10923,197,5,100,False,0,car,0 days 00:01:39.753000,0 days 02:20:22.061000,5413.667777777775,45.0
2023-10-22 20:21:24.654,11490,209,5,100,False,0,car,0 days 00:01:40.113000,0 days 02:20:22.421000,5434.567777777775,45.0
2023-10-22 20:21:24.814,11727,213,5,100,False,0,car,0 days 00:01:40.273000,0 days 02:20:22.581000,5444.034444444441,45.0
2023-10-22 20:21:25.094,10905,221,5,100,False,0,car,0 days 00:00:00.177000,0 days 02:20:22.861000,10.865833333333333,46.0
2023-10-22 20:21:25.254,10633,226,6,100,False,0,car,0 days 00:00:00.337000,0 days 02:20:23.021000,20.91027777777778,46.0
2023-10-22 20:21:25.414,10927,228,6,100,False,0,car,0 days 00:00:00.497000,0 days 02:20:23.181000,31.04361111111111,46.0
2023-10-22 20:21:25.854,11300,237,6,100,False,0,car,0 days 00:00:00.937000,0 days 02:20:23.621000,60.01027777777778,46.0
2023-10-22 20:21:26.294,11674,247,6,100,False,0,car,0 days 00:00:01.377000,0 days 02:20:24.061000,90.19916666666667,46.0
2023-10-22 20:21:26.654,11979,254,6,100,False,0,car,0 days 00:00:01.737000,0 days 02:20:24.421000,115.59916666666668,46.0
2023-10-22 20:21:26.934,11979,256,7,100,False,0,car,0 days 00:00:02.017000,0 days 02:20:24.701000,135.5102777777778,46.0
2023-10-22 20:21:27.294,10901,262,7,100,False,0,car,0 days 00:00:02.377000,0 days 02:20:25.061000,161.71027777777778,46.0
2023-10-22 20:21:27.654,10981,266,7,100,False,0,car,0 days 00:00:02.737000,0 days 02:20:25.421000,188.3102777777778,46.0
2023-10-22 20:21:27.814,11122,266,7,100,False,0,car,0 days 00:00:02.897000,0 days 02:20:25.581000,200.1325,46.0
2023-10-22 20:21:28.014,11257,270,7,100,False,0,car,0 days 00:00:03.097000,0 days 02:20:25.781000,215.1325,46.0
2023-10-22 20:21:28.254,11266,270,7,100,False,0,car,0 days 00:00:03.337000,0 days 02:20:26.021000,233.1325,46.0
2023-10-22 20:21:28.534,11385,274,7,100,False,0,car,0 days 00:00:03.617000,0 days 02:20:26.301000,254.4436111111111,46.0
2023-10-22 20:21:28.733,11567,276,7,100,False,0,car,0 days 00:00:03.816000,0 days 02:20:26.500000,269.7002777777777,46.0
2023-10-22 20:21:29.053,11543,277,7,100,False,0,car,0 days 00:00:04.136000,0 days 02:20:26.820000,294.3225,46.0
2023-10-22 20:21:29.293,11630,279,7,100,False,0,car,0 days 00:00:04.376000,0 days 02:20:27.060000,312.9225,46.0
2023-10-22 20:21:29.573,11674,281,7,100,False,0,car,0 days 00:00:04.656000,0 days 02:20:27.340000,334.7780555555555,46.0
2023-10-22 20:21:29.813,11754,282,7,100,False,0,car,0 days 00:00:04.896000,0 days 02:20:27.580000,353.5780555555555,46.0
2023-10-22 20:21:30.133,10774,284,7,100,False,0,car,0 days 00:00:05.216000,0 days 02:20:27.900000,378.8225,46.0
2023-10-22 20:21:30.413,10411,284,8,100,False,0,car,0 days 00:00:05.496000,0 days 02:20:28.180000,400.9113888888889,46.0
2023-10-22 20:21:30.694,10385,283,8,100,False,0,car,0 days 00:00:05.777000,0 days 02:20:28.461000,423.0011111111111,46.0
2023-10-22 20:21:31.094,9781,281,8,0,False,0,car,0 days 00:00:06.177000,0 days 02:20:28.861000,454.22333333333324,46.0
2023-10-22 20:21:31.494,9763,269,8,0,False,0,car,0 days 00:00:06.577000,0 days 02:20:29.261000,484.11222222222216,46.0
2023-10-22 20:21:31.654,9654,263,8,0,False,0,car,0 days 00:00:06.737000,0 days 02:20:29.421000,495.8011111111111,46.0
2023-10-22 20:21:31.934,9050,247,8,0,True,0,car,0 days 00:00:07.017000,0 days 02:20:29.701000,515.0122222222222,46.0
2023-10-22 20:21:32.174,8892,240,8,0,True,0,car,0 days 00:00:07.257000,0 days 02:20:29.941000,531.0122222222222,46.0
2023-10-22 20:21:32.734,8079,175,6,0,True,0,car,0 days 00:00:07.817000,0 days 02:20:30.501000,558.2344444444445,46.0
2023-10-22 20:21:33.054,8012,152,5,0,True,0,car,0 days 00:00:08.137000,0 days 02:20:30.821000,571.7455555555557,46.0
2023-10-22 20:21:33.214,8457,152,5,0,True,0,car,0 days 00:00:08.297000,0 days 02:20:30.981000,578.5011111111113,46.0
2023-10-22 20:21:33.534,7598,122,4,0,True,0,car,0 days 00:00:08.617000,0 days 02:20:31.301000,589.3455555555557,46.0
2023-10-22 20:21:33.734,8145,114,4,0,True,0,car,0 days 00:00:08.817000,0 days 02:20:31.501000,595.678888888889,46.0
2023-10-22 20:21:34.014,7458,111,3,0,True,0,car,0 days 00:00:09.097000,0 days 02:20:31.781000,604.3122222222223,46.0
2023-10-22 20:21:34.254,7088,101,3,0,True,0,car,0 days 00:00:09.337000,0 days 02:20:32.021000,611.0455555555557,46.0
2023-10-22 20:21:34.574,6599,94,3,0,True,0,car,0 days 00:00:09.657000,0 days 02:20:32.341000,619.4011111111113,46.0
2023-10-22 20:21:34.774,6245,90,3,0,True,0,car,0 days 00:00:09.857000,0 days 02:20:32.541000,624.4011111111113,46.0
2023-10-22 20:21:35.134,5969,85,3,0,False,0,car,0 days 00:00:10.217000,0 days 02:20:32.901000,632.9011111111113,46.0
2023-10-22 20:21:35.294,5911,84,3,0,False,0,car,0 days 00:00:10.377000,0 days 02:20:33.061000,636.6344444444446,46.0
2023-10-22 20:21:35.533,5973,85,3,6,False,0,car,0 days 00:00:10.616000,0 days 02:20:33.300000,642.2775000000001,46.0
2023-10-22 20:21:35.693,5836,78,3,17,False,0,car,0 days 00:00:10.776000,0 days 02:20:33.460000,645.7441666666668,46.0
2023-10-22 20:21:35.973,6215,81,3,26,False,0,car,0 days 00:00:11.056000,0 days 02:20:33.740000,652.0441666666668,46.0
2023-10-22 20:21:36.373,6501,87,3,36,False,0,car,0 days 00:00:11.456000,0 days 02:20:34.140000,661.7108333333334,46.0
2023-10-22 20:21:36.573,7039,91,3,41,False,0,car,0 days 00:00:11.656000,0 days 02:20:34.340000,666.766388888889,46.0
2023-10-22 20:21:36.813,7739,96,3,46,False,0,car,0 days 00:00:11.896000,0 days 02:20:34.580000,673.166388888889,46.0
2023-10-22 20:21:36.973,7962,101,3,46,False,0,car,0 days 00:00:12.056000,0 days 02:20:34.740000,677.6552777777778,46.0
2023-10-22 20:21:37.134,8522,105,3,53,False,0,car,0 days 00:00:12.217000,0 days 02:20:34.901000,682.3511111111111,46.0
2023-10-22 20:21:37.374,9089,114,3,57,False,0,car,0 days 00:00:12.457000,0 days 02:20:35.141000,689.9511111111111,46.0
2023-10-22 20:21:37.534,9649,122,3,64,False,0,car,0 days 00:00:12.617000,0 days 02:20:35.301000,695.3733333333333,46.0
2023-10-22 20:21:37.774,10080,130,3,65,False,0,car,0 days 00:00:12.857000,0 days 02:20:35.541000,704.04,46.0
2023-10-22 20:21:38.094,11086,143,3,84,False,0,car,0 days 00:00:13.177000,0 days 02:20:35.861000,716.7511111111111,46.0
2023-10-22 20:21:38.374,10433,153,3,99,False,0,car,0 days 00:00:13.457000,0 days 02:20:36.141000,728.6511111111112,46.0
2023-10-22 20:21:38.654,10965,167,4,99,False,0,car,0 days 00:00:13.737000,0 days 02:20:36.421000,741.64,46.0
2023-10-22 20:21:38.814,10933,167,4,99,False,0,car,0 days 00:00:13.897000,0 days 02:20:36.581000,749.0622222222222,46.0
2023-10-22 20:21:38.974,10236,186,4,100,False,0,car,0 days 00:00:14.057000,0 days 02:20:36.741000,757.3288888888889,46.0
2023-10-22 20:21:39.334,10996,198,5,99,False,0,car,0 days 00:00:14.417000,0 days 02:20:37.101000,777.1288888888888,46.0
2023-10-22 20:21:39.694,11158,209,5,100,False,0,car,0 days 00:00:14.777000,0 days 02:20:37.461000,798.0288888888888,46.0
2023-10-22 20:21:40.094,10672,222,6,100,False,0,car,0 days 00:00:15.177000,0 days 02:20:37.861000,822.6955555555555,46.0
2023-10-22 20:21:40.374,11288,229,6,99,False,0,car,0 days 00:00:15.457000,0 days 02:20:38.141000,840.5066666666667,46.0
2023-10-22 20:21:40.654,11236,236,6,99,False,0,car,0 days 00:00:15.737000,0 days 02:20:38.421000,858.8622222222222,46.0
2023-10-22 20:21:40.814,11376,238,6,99,False,0,car,0 days 00:00:15.897000,0 days 02:20:38.581000,869.4399999999999,46.0
2023-10-22 20:21:41.054,11605,244,6,99,False,0,car,0 days 00:00:16.137000,0 days 02:20:38.821000,885.7066666666666,46.0
2023-10-22 20:21:41.374,11518,248,6,100,False,0,car,0 days 00:00:16.457000,0 days 02:20:39.141000,907.7511111111111,46.0
2023-10-22 20:21:41.534,10503,251,7,99,False,0,car,0 days 00:00:16.617000,0 days 02:20:39.301000,918.9066666666666,46.0
2023-10-22 20:21:41.934,10681,256,7,99,False,0,car,0 days 00:00:17.017000,0 days 02:20:39.701000,947.351111111111,46.0
2023-10-22 20:21:42.213,10825,258,7,100,False,0,car,0 days 00:00:17.296000,0 days 02:20:39.980000,967.346111111111,46.0
2023-10-22 20:21:42.413,10837,259,7,100,False,0,car,0 days 00:00:17.496000,0 days 02:20:40.180000,981.7349999999998,46.0
2023-10-22 20:21:42.613,10984,262,7,100,False,0,car,0 days 00:00:17.696000,0 days 02:20:40.380000,996.2905555555556,46.0
2023-10-22 20:21:43.053,11203,268,7,100,False,0,car,0 days 00:00:18.136000,0 days 02:20:40.820000,1029.046111111111,46.0
2023-10-22 20:21:43.373,11382,272,7,99,False,0,car,0 days 00:00:18.456000,0 days 02:20:41.140000,1053.2238888888887,46.0
2023-10-22 20:21:43.654,11397,275,7,99,False,0,car,0 days 00:00:18.737000,0 days 02:20:41.421000,1074.6891666666663,46.0
2023-10-22 20:21:43.854,11425,276,7,99,False,0,car,0 days 00:00:18.937000,0 days 02:20:41.621000,1090.0224999999998,46.0
2023-10-22 20:21:44.174,10162,276,7,99,False,0,car,0 days 00:00:19.257000,0 days 02:20:41.941000,1114.555833333333,46.0
2023-10-22 20:21:44.454,10173,276,8,99,False,0,car,0 days 00:00:19.537000,0 days 02:20:42.221000,1136.0224999999996,46.0
2023-10-22 20:21:44.654,10280,274,8,100,False,0,car,0 days 00:00:19.737000,0 days 02:20:42.421000,1151.2447222222218,46.0
2023-10-22 20:21:44.854,10267,276,8,99,False,0,car,0 days 00:00:19.937000,0 days 02:20:42.621000,1166.5780555555552,46.0
2023-10-22 20:21:45.054,10102,275,8,100,False,0,car,0 days 00:00:20.137000,0 days 02:20:42.821000,1181.855833333333,46.0
2023-10-22 20:21:45.254,10292,275,8,0,True,0,car,0 days 00:00:20.337000,0 days 02:20:43.021000,1197.133611111111,46.0
2023-10-22 20:21:45.414,10012,272,8,0,True,0,car,0 days 00:00:20.497000,0 days 02:20:43.181000,1209.2224999999999,46.0
2023-10-22 20:21:45.654,10610,263,8,0,False,0,car,0 days 00:00:20.737000,0 days 02:20:43.421000,1226.7558333333332,46.0
2023-10-22 20:21:45.934,10537,253,7,58,False,0,car,0 days 00:00:21.017000,0 days 02:20:43.701000,1246.433611111111,46.0
2023-10-22 20:21:46.334,10526,252,7,86,False,0,car,0 days 00:00:21.417000,0 days 02:20:44.101000,1274.4336111111113,46.0
2023-10-22 20:21:46.574,10381,253,7,3,True,0,car,0 days 00:00:21.657000,0 days 02:20:44.341000,1291.3002777777779,46.0
2023-10-22 20:21:46.974,10961,237,7,5,False,0,car,0 days 00:00:22.057000,0 days 02:20:44.741000,1317.6336111111111,46.0
2023-10-22 20:21:47.214,10875,234,6,48,False,0,car,0 days 00:00:22.297000,0 days 02:20:44.981000,1333.2336111111113,46.0
2023-10-22 20:21:47.534,10875,227,6,48,False,0,car,0 days 00:00:22.617000,0 days 02:20:45.301000,1353.411388888889,46.0
2023-10-22 20:21:47.894,11049,231,6,99,False,0,car,0 days 00:00:22.977000,0 days 02:20:45.661000,1376.5113888888889,46.0
2023-10-22 20:21:48.134,11020,235,6,99,False,0,car,0 days 00:00:23.217000,0 days 02:20:45.901000,1392.1780555555554,46.0
2023-10-22 20:21:48.374,10726,234,6,24,True,0,car,0 days 00:00:23.457000,0 days 02:20:46.141000,1407.7780555555555,46.0
2023-10-22 20:21:48.853,10410,224,6,0,False,0,car,0 days 00:00:23.936000,0 days 02:20:46.620000,1437.5825,46.0
2023-10-22 20:21:49.253,9875,217,6,0,False,0,car,0 days 00:00:24.336000,0 days 02:20:47.020000,1461.693611111111,46.0
2023-10-22 20:21:49.533,9696,206,6,40,False,0,car,0 days 00:00:24.616000,0 days 02:20:47.300000,1477.7158333333334,46.0
2023-10-22 20:21:49.773,9510,205,6,0,False,0,car,0 days 00:00:24.856000,0 days 02:20:47.540000,1491.3825000000002,46.0
2023-10-22 20:21:50.013,9482,201,6,53,False,0,car,0 days 00:00:25.096000,0 days 02:20:47.780000,1504.7825,46.0
2023-10-22 20:21:50.214,9690,199,6,67,False,0,car,0 days 00:00:25.297000,0 days 02:20:47.981000,1515.8933333333334,46.0
2023-10-22 20:21:50.494,9611,201,6,67,False,0,car,0 days 00:00:25.577000,0 days 02:20:48.261000,1531.5266666666669,46.0
2023-10-22 20:21:50.774,9739,204,6,62,False,0,car,0 days 00:00:25.857000,0 days 02:20:48.541000,1547.3933333333334,46.0
2023-10-22 20:21:51.134,10074,208,6,82,False,0,car,0 days 00:00:26.217000,0 days 02:20:48.901000,1568.1933333333334,46.0
2023-10-22 20:21:51.494,10235,211,6,100,False,0,car,0 days 00:00:26.577000,0 days 02:20:49.261000,1589.2933333333335,46.0
2023-10-22 20:21:51.654,10319,215,6,100,False,0,car,0 days 00:00:26.737000,0 days 02:20:49.421000,1598.848888888889,46.0
2023-10-22 20:21:51.894,10456,220,6,67,False,0,car,0 days 00:00:26.977000,0 days 02:20:49.661000,1613.5155555555557,46.0
2023-10-22 20:21:52.134,9934,220,6,0,True,0,car,0 days 00:00:27.217000,0 days 02:20:49.901000,1628.1822222222222,46.0
2023-10-22 20:21:52.334,10509,214,6,0,True,0,car,0 days 00:00:27.417000,0 days 02:20:50.101000,1640.0711111111113,46.0
2023-10-22 20:21:52.654,10532,199,5,0,True,0,car,0 days 00:00:27.737000,0 days 02:20:50.421000,1657.76,46.0
2023-10-22 20:21:52.974,10016,192,5,0,True,0,car,0 days 00:00:28.057000,0 days 02:20:50.741000,1674.8266666666666,46.0
2023-10-22 20:21:53.174,9900,189,5,11,False,0,car,0 days 00:00:28.257000,0 days 02:20:50.941000,1685.3266666666668,46.0
2023-10-22 20:21:53.334,9811,189,5,39,False,0,car,0 days 00:00:28.417000,0 days 02:20:51.101000,1693.726666666667,46.0
2023-10-22 20:21:53.654,9922,182,5,51,False,0,car,0 days 00:00:28.737000,0 days 02:20:51.421000,1709.9044444444446,46.0
2023-10-22 20:21:54.054,10315,187,5,70,False,0,car,0 days 00:00:29.137000,0 days 02:20:51.821000,1730.6822222222224,46.0
2023-10-22 20:21:54.254,10478,190,5,73,False,0,car,0 days 00:00:29.337000,0 days 02:20:52.021000,1741.2377777777779,46.0
2023-10-22 20:21:54.694,10000,197,5,0,True,0,car,0 days 00:00:29.777000,0 days 02:20:52.461000,1765.3155555555556,46.0
2023-10-22 20:21:54.854,10297,190,5,0,True,0,car,0 days 00:00:29.937000,0 days 02:20:52.621000,1773.76,46.0
2023-10-22 20:21:55.014,10976,190,5,0,True,0,car,0 days 00:00:30.097000,0 days 02:20:52.781000,1782.2044444444443,46.0
2023-10-22 20:21:55.414,9895,168,4,0,True,0,car,0 days 00:00:30.497000,0 days 02:20:53.181000,1800.8711111111108,46.0
2023-10-22 20:21:55.693,9479,158,4,0,False,0,car,0 days 00:00:30.776000,0 days 02:20:53.460000,1813.1161111111107,46.0
2023-10-22 20:21:55.853,9479,156,4,0,False,0,car,0 days 00:00:30.936000,0 days 02:20:53.620000,1820.0494444444441,46.0
2023-10-22 20:21:56.253,8898,147,4,0,False,0,car,0 days 00:00:31.336000,0 days 02:20:54.020000,1836.3827777777774,46.0
2023-10-22 20:21:56.573,8431,145,4,0,True,0,car,0 days 00:00:31.656000,0 days 02:20:54.340000,1849.2716666666663,46.0
2023-10-22 20:21:56.854,8099,132,4,5,False,0,car,0 days 00:00:31.937000,0 days 02:20:54.621000,1859.5749999999998,46.0
2023-10-22 20:21:57.174,8177,130,4,28,False,0,car,0 days 00:00:32.257000,0 days 02:20:54.941000,1871.1305555555552,46.0
2023-10-22 20:21:57.534,8259,131,4,41,False,0,car,0 days 00:00:32.617000,0 days 02:20:55.301000,1884.2305555555552,46.0
2023-10-22 20:21:57.854,8878,136,4,57,False,0,car,0 days 00:00:32.937000,0 days 02:20:55.621000,1896.3194444444441,46.0
2023-10-22 20:21:58.134,9086,146,4,72,False,0,car,0 days 00:00:33.217000,0 days 02:20:55.901000,1907.6749999999997,46.0
2023-10-22 20:21:58.414,9598,149,4,51,False,0,car,0 days 00:00:33.497000,0 days 02:20:56.181000,1919.2638888888887,46.0
2023-10-22 20:21:58.574,9579,154,4,39,False,0,car,0 days 00:00:33.657000,0 days 02:20:56.341000,1926.108333333333,46.0
2023-10-22 20:21:58.734,9615,154,4,36,False,0,car,0 days 00:00:33.817000,0 days 02:20:56.501000,1932.9527777777776,46.0
2023-10-22 20:21:59.014,9778,155,4,51,False,0,car,0 days 00:00:34.097000,0 days 02:20:56.781000,1945.0083333333332,46.0
2023-10-22 20:21:59.294,10166,157,4,58,False,0,car,0 days 00:00:34.377000,0 days 02:20:57.061000,1957.2194444444444,46.0
2023-10-22 20:21:59.534,10326,160,4,58,False,0,car,0 days 00:00:34.617000,0 days 02:20:57.301000,1967.886111111111,46.0
2023-10-22 20:21:59.814,10796,166,4,78,False,0,car,0 days 00:00:34.897000,0 days 02:20:57.581000,1980.7972222222222,46.0
2023-10-22 20:21:59.974,10931,173,4,86,False,0,car,0 days 00:00:35.057000,0 days 02:20:57.741000,1988.4861111111113,46.0
2023-10-22 20:22:00.254,11583,173,4,100,False,0,car,0 days 00:00:35.337000,0 days 02:20:58.021000,2001.9416666666668,46.0
2023-10-22 20:22:00.694,10845,173,4,100,False,0,car,0 days 00:00:35.777000,0 days 02:20:58.461000,2023.0861111111112,46.0
2023-10-22 20:22:00.894,11324,204,5,100,False,0,car,0 days 00:00:35.977000,0 days 02:20:58.661000,2034.4194444444443,46.0
2023-10-22 20:22:01.094,11459,210,5,99,False,0,car,0 days 00:00:36.177000,0 days 02:20:58.861000,2046.086111111111,46.0
2023-10-22 20:22:01.294,11116,216,5,100,False,0,car,0 days 00:00:36.377000,0 days 02:20:59.061000,2058.086111111111,46.0
2023-10-22 20:22:01.534,10623,225,6,99,False,0,car,0 days 00:00:36.617000,0 days 02:20:59.301000,2073.0861111111108,46.0
2023-10-22 20:22:01.694,10936,227,6,99,False,0,car,0 days 00:00:36.777000,0 days 02:20:59.461000,2083.1749999999997,46.0
2023-10-22 20:22:02.014,11239,234,6,99,False,0,car,0 days 00:00:37.097000,0 days 02:20:59.781000,2103.975,46.0
2023-10-22 20:22:02.214,11075,238,6,100,False,0,car,0 days 00:00:37.297000,0 days 02:20:59.981000,2117.1972222222216,46.0
2023-10-22 20:22:02.373,9962,244,6,100,False,0,car,0 days 00:00:37.456000,0 days 02:21:00.140000,2127.9738888888887,46.0
2023-10-22 20:22:02.693,10326,245,7,99,False,0,car,0 days 00:00:37.776000,0 days 02:21:00.460000,2149.7516666666666,46.0
2023-10-22 20:22:02.893,10488,249,7,99,False,0,car,0 days 00:00:37.976000,0 days 02:21:00.660000,2163.5849999999996,46.0
2023-10-22 20:22:03.253,10703,257,7,99,False,0,car,0 days 00:00:38.336000,0 days 02:21:01.020000,2189.2849999999994,46.0
2023-10-22 20:22:03.414,10807,258,7,100,False,0,car,0 days 00:00:38.497000,0 days 02:21:01.181000,2200.823333333333,46.0
2023-10-22 20:22:03.694,10941,261,7,99,False,0,car,0 days 00:00:38.777000,0 days 02:21:01.461000,2221.123333333333,46.0
2023-10-22 20:22:03.934,11080,267,7,99,False,0,car,0 days 00:00:39.017000,0 days 02:21:01.701000,2238.923333333333,46.0
2023-10-22 20:22:04.294,11298,271,7,99,False,0,car,0 days 00:00:39.377000,0 days 02:21:02.061000,2266.023333333333,46.0
2023-10-22 20:22:04.534,10889,275,7,99,False,0,car,0 days 00:00:39.617000,0 days 02:21:02.301000,2284.356666666666,46.0
2023-10-22 20:22:04.814,10211,276,8,99,False,0,car,0 days 00:00:39.897000,0 days 02:21:02.581000,2305.823333333333,46.0
2023-10-22 20:22:05.054,10285,279,8,100,False,0,car,0 days 00:00:40.137000,0 days 02:21:02.821000,2324.423333333333,46.0
2023-10-22 20:22:05.414,10090,283,8,25,False,0,car,0 days 00:00:40.497000,0 days 02:21:03.181000,2352.7233333333334,46.0
2023-10-22 20:22:05.654,9777,278,8,0,False,0,car,0 days 00:00:40.737000,0 days 02:21:03.421000,2371.2566666666667,46.0
2023-10-22 20:22:05.894,9756,273,8,0,True,0,car,0 days 00:00:40.977000,0 days 02:21:03.661000,2389.4566666666665,46.0
2023-10-22 20:22:06.094,9425,264,8,0,True,0,car,0 days 00:00:41.177000,0 days 02:21:03.861000,2404.1233333333334,46.0
2023-10-22 20:22:06.334,9346,238,8,0,True,0,car,0 days 00:00:41.417000,0 days 02:21:04.101000,2419.9900000000002,46.0
2023-10-22 20:22:06.654,9031,201,8,0,True,0,car,0 days 00:00:41.737000,0 days 02:21:04.421000,2437.856666666667,46.0
2023-10-22 20:22:07.094,8677,164,5,0,True,0,car,0 days 00:00:42.177000,0 days 02:21:04.861000,2457.9011111111113,46.0
2023-10-22 20:22:07.414,8835,139,5,0,True,0,car,0 days 00:00:42.497000,0 days 02:21:05.181000,2470.2566666666667,46.0
2023-10-22 20:22:07.654,8398,126,4,0,True,0,car,0 days 00:00:42.737000,0 days 02:21:05.421000,2478.6566666666668,46.0
2023-10-22 20:22:07.934,7192,103,3,0,True,0,car,0 days 00:00:43.017000,0 days 02:21:05.701000,2486.6677777777777,46.0
2023-10-22 20:22:08.134,6666,95,3,0,True,0,car,0 days 00:00:43.217000,0 days 02:21:05.901000,2491.9455555555555,46.0
2023-10-22 20:22:08.294,6461,92,3,0,True,0,car,0 days 00:00:43.377000,0 days 02:21:06.061000,2496.0344444444445,46.0
2023-10-22 20:22:08.494,6071,92,3,0,True,0,car,0 days 00:00:43.577000,0 days 02:21:06.261000,2501.1455555555553,46.0
2023-10-22 20:22:08.654,5981,85,3,0,True,0,car,0 days 00:00:43.737000,0 days 02:21:06.421000,2504.923333333333,46.0
2023-10-22 20:22:08.934,5681,81,3,0,False,0,car,0 days 00:00:44.017000,0 days 02:21:06.701000,2511.2233333333334,46.0
2023-10-22 20:22:09.293,5301,76,3,0,False,0,car,0 days 00:00:44.376000,0 days 02:21:07.060000,2518.802222222222,46.0
2023-10-22 20:22:09.573,5147,74,3,0,False,0,car,0 days 00:00:44.656000,0 days 02:21:07.340000,2524.5577777777776,46.0
2023-10-22 20:22:09.813,5137,71,3,9,False,0,car,0 days 00:00:44.896000,0 days 02:21:07.580000,2529.291111111111,46.0
2023-10-22 20:22:10.014,5261,69,3,15,False,0,car,0 days 00:00:45.097000,0 days 02:21:07.781000,2533.143611111111,46.0
2023-10-22 20:22:10.174,5495,72,3,19,False,0,car,0 days 00:00:45.257000,0 days 02:21:07.941000,2536.343611111111,46.0
2023-10-22 20:22:10.574,5749,74,3,25,False,0,car,0 days 00:00:45.657000,0 days 02:21:08.341000,2544.565833333333,46.0
2023-10-22 20:22:10.854,6309,74,3,38,False,0,car,0 days 00:00:45.937000,0 days 02:21:08.621000,2550.3213888888886,46.0
2023-10-22 20:22:11.014,6800,85,3,39,False,0,car,0 days 00:00:46.097000,0 days 02:21:08.781000,2554.0991666666664,46.0
2023-10-22 20:22:11.254,7023,93,3,44,False,0,car,0 days 00:00:46.337000,0 days 02:21:09.021000,2560.2991666666667,46.0
2023-10-22 20:22:11.614,7765,98,3,49,False,0,car,0 days 00:00:46.697000,0 days 02:21:09.381000,2570.099166666667,46.0
2023-10-22 20:22:11.894,8527,113,3,61,False,0,car,0 days 00:00:46.977000,0 days 02:21:09.661000,2578.8880555555556,46.0
2023-10-22 20:22:12.174,9249,122,3,64,False,0,car,0 days 00:00:47.257000,0 days 02:21:09.941000,2588.3769444444447,46.0
2023-10-22 20:22:12.454,9887,137,3,80,False,0,car,0 days 00:00:47.537000,0 days 02:21:10.221000,2599.0325000000003,46.0
2023-10-22 20:22:12.814,11193,153,3,100,False,0,car,0 days 00:00:47.897000,0 days 02:21:10.581000,2614.3325000000004,46.0
2023-10-22 20:22:12.974,10430,162,3,100,False,0,car,0 days 00:00:48.057000,0 days 02:21:10.741000,2621.5325000000007,46.0
2023-10-22 20:22:13.214,11256,172,4,100,False,0,car,0 days 00:00:48.297000,0 days 02:21:10.981000,2632.999166666667,46.0
2023-10-22 20:22:13.494,11511,184,4,100,False,0,car,0 days 00:00:48.577000,0 days 02:21:11.261000,2647.310277777778,46.0
2023-10-22 20:22:13.774,10602,195,4,100,False,0,car,0 days 00:00:48.857000,0 days 02:21:11.541000,2662.4769444444446,46.0
2023-10-22 20:22:14.094,11324,206,5,100,False,0,car,0 days 00:00:49.177000,0 days 02:21:11.861000,2680.7880555555557,46.0
2023-10-22 20:22:14.254,11516,212,5,100,False,0,car,0 days 00:00:49.337000,0 days 02:21:12.021000,2690.210277777778,46.0
2023-10-22 20:22:14.494,10879,218,5,100,False,0,car,0 days 00:00:49.577000,0 days 02:21:12.261000,2704.743611111111,46.0
2023-10-22 20:22:14.654,10616,221,5,100,False,0,car,0 days 00:00:49.737000,0 days 02:21:12.421000,2714.5658333333336,46.0
2023-10-22 20:22:14.814,10710,226,6,100,False,0,car,0 days 00:00:49.897000,0 days 02:21:12.581000,2724.610277777778,46.0
2023-10-22 20:22:15.134,11170,236,6,100,False,0,car,0 days 00:00:50.217000,0 days 02:21:12.901000,2745.5880555555555,46.0
2023-10-22 20:22:15.294,11365,236,6,100,False,0,car,0 days 00:00:50.377000,0 days 02:21:13.061000,2756.0769444444445,46.0
2023-10-22 20:22:15.454,11451,242,6,100,False,0,car,0 days 00:00:50.537000,0 days 02:21:13.221000,2766.8325,46.0
2023-10-22 20:22:15.694,10280,246,6,100,False,0,car,0 days 00:00:50.777000,0 days 02:21:13.461000,2783.2325,46.0
2023-10-22 20:22:16.133,10582,255,7,100,False,0,car,0 days 00:00:51.216000,0 days 02:21:13.900000,2814.3283333333334,46.0
2023-10-22 20:22:16.373,10709,258,7,100,False,0,car,0 days 00:00:51.456000,0 days 02:21:14.140000,2831.5283333333336,46.0
2023-10-22 20:22:16.534,10813,261,7,100,False,0,car,0 days 00:00:51.617000,0 days 02:21:14.301000,2843.2008333333333,46.0
2023-10-22 20:22:16.814,10813,263,7,100,False,0,car,0 days 00:00:51.897000,0 days 02:21:14.581000,2863.656388888889,46.0
2023-10-22 20:22:16.974,11052,266,7,100,False,0,car,0 days 00:00:52.057000,0 days 02:21:14.741000,2875.4786111111116,46.0
2023-10-22 20:22:17.214,11237,268,7,100,False,0,car,0 days 00:00:52.297000,0 days 02:21:14.981000,2893.345277777778,46.0
2023-10-22 20:22:17.494,11311,271,7,100,False,0,car,0 days 00:00:52.577000,0 days 02:21:15.261000,2914.423055555556,46.0
2023-10-22 20:22:17.774,11266,273,7,100,False,0,car,0 days 00:00:52.857000,0 days 02:21:15.541000,2935.6563888888895,46.0
2023-10-22 20:22:18.094,11583,277,7,100,False,0,car,0 days 00:00:53.177000,0 days 02:21:15.861000,2960.278611111112,46.0
2023-10-22 20:22:18.294,11668,279,7,100,False,0,car,0 days 00:00:53.377000,0 days 02:21:16.061000,2975.778611111112,46.0
2023-10-22 20:22:18.574,10279,280,7,100,False,0,car,0 days 00:00:53.657000,0 days 02:21:16.341000,2997.556388888889,46.0
2023-10-22 20:22:18.734,10370,281,8,100,False,0,car,0 days 00:00:53.817000,0 days 02:21:16.501000,3010.045277777778,46.0
2023-10-22 20:22:18.894,10450,282,8,100,False,0,car,0 days 00:00:53.977000,0 days 02:21:16.661000,3022.578611111111,46.0
2023-10-22 20:22:19.094,10520,283,8,100,False,0,car,0 days 00:00:54.177000,0 days 02:21:16.861000,3038.3008333333337,46.0
2023-10-22 20:22:19.334,10498,285,8,100,False,0,car,0 days 00:00:54.417000,0 days 02:21:17.101000,3057.3008333333337,46.0
2023-10-22 20:22:19.494,10538,285,8,100,False,0,car,0 days 00:00:54.577000,0 days 02:21:17.261000,3069.9675,46.0
2023-10-22 20:22:19.894,10650,288,8,100,False,0,car,0 days 00:00:54.977000,0 days 02:21:17.661000,3101.9675,46.0
2023-10-22 20:22:20.294,10695,291,8,100,False,0,car,0 days 00:00:55.377000,0 days 02:21:18.061000,3134.300833333334,46.0
2023-10-22 20:22:20.494,10748,292,8,100,False,0,car,0 days 00:00:55.577000,0 days 02:21:18.261000,3150.523055555556,46.0
2023-10-22 20:22:20.734,10766,293,8,100,False,0,car,0 days 00:00:55.817000,0 days 02:21:18.501000,3170.056388888889,46.0
2023-10-22 20:22:21.094,10837,295,8,99,False,0,car,0 days 00:00:56.177000,0 days 02:21:18.861000,3199.556388888889,46.0
2023-10-22 20:22:21.534,10905,296,8,100,False,0,car,0 days 00:00:56.617000,0 days 02:21:19.301000,3235.7341666666666,46.0
2023-10-22 20:22:21.694,10899,296,8,100,False,0,car,0 days 00:00:56.777000,0 days 02:21:19.461000,3248.8897222222226,46.0
2023-10-22 20:22:21.894,10905,296,8,100,False,0,car,0 days 00:00:56.977000,0 days 02:21:19.661000,3265.3341666666665,46.0
2023-10-22 20:22:22.054,10945,297,8,100,False,0,car,0 days 00:00:57.137000,0 days 02:21:19.821000,3278.534166666667,46.0
2023-10-22 20:22:22.374,10931,297,8,100,False,0,car,0 days 00:00:57.457000,0 days 02:21:20.141000,3304.934166666667,46.0
2023-10-22 20:22:22.693,10968,298,8,100,False,0,car,0 days 00:00:57.776000,0 days 02:21:20.460000,3331.3402777777783,46.0
2023-10-22 20:22:22.893,11052,298,8,97,False,0,car,0 days 00:00:57.976000,0 days 02:21:20.660000,3347.8958333333335,46.0
2023-10-22 20:22:23.094,10983,299,8,100,False,0,car,0 days 00:00:58.177000,0 days 02:21:20.861000,3364.59,46.0
2023-10-22 20:22:23.334,11005,299,8,100,False,0,car,0 days 00:00:58.417000,0 days 02:21:21.101000,3384.5233333333335,46.0
2023-10-22 20:22:23.614,11030,299,8,100,False,0,car,0 days 00:00:58.697000,0 days 02:21:21.381000,3407.778888888889,46.0
2023-10-22 20:22:23.814,10970,300,8,100,False,0,car,0 days 00:00:58.897000,0 days 02:21:21.581000,3424.4455555555555,46.0
2023-10-22 20:22:24.214,11040,299,8,100,False,0,car,0 days 00:00:59.297000,0 days 02:21:21.981000,3457.6677777777777,46.0
2023-10-22 20:22:24.414,11033,300,8,100,False,0,car,0 days 00:00:59.497000,0 days 02:21:22.181000,3474.3344444444447,46.0
2023-10-22 20:22:24.814,11059,300,8,100,False,0,car,0 days 00:00:59.897000,0 days 02:21:22.581000,3507.6677777777777,46.0
2023-10-22 20:22:25.174,11072,301,8,100,False,0,car,0 days 00:01:00.257000,0 days 02:21:22.941000,3537.7677777777776,46.0
2023-10-22 20:22:25.374,10540,299,8,28,False,0,car,0 days 00:01:00.457000,0 days 02:21:23.141000,3554.378888888889,46.0
2023-10-22 20:22:25.574,10517,292,8,0,False,0,car,0 days 00:01:00.657000,0 days 02:21:23.341000,3570.6011111111106,46.0
2023-10-22 20:22:25.814,10244,285,8,0,True,0,car,0 days 00:01:00.897000,0 days 02:21:23.581000,3589.6011111111106,46.0
2023-10-22 20:22:26.054,9551,262,8,0,True,0,car,0 days 00:01:01.137000,0 days 02:21:23.821000,3607.0677777777773,46.0
2023-10-22 20:22:26.454,8824,232,8,0,True,0,car,0 days 00:01:01.537000,0 days 02:21:24.221000,3632.845555555555,46.0
2023-10-22 20:22:26.614,9239,211,7,0,True,0,car,0 days 00:01:01.697000,0 days 02:21:24.381000,3642.2233333333334,46.0
2023-10-22 20:22:27.014,8750,168,6,0,True,0,car,0 days 00:01:02.097000,0 days 02:21:24.781000,3660.89,46.0
2023-10-22 20:22:27.214,8841,159,5,0,True,0,car,0 days 00:01:02.297000,0 days 02:21:24.981000,3669.723333333333,46.0
2023-10-22 20:22:27.494,9027,129,4,0,True,0,car,0 days 00:01:02.577000,0 days 02:21:25.261000,3679.756666666666,46.0
2023-10-22 20:22:27.734,8370,116,3,0,True,0,car,0 days 00:01:02.817000,0 days 02:21:25.501000,3687.49,46.0
2023-10-22 20:22:28.054,7415,105,3,0,True,0,car,0 days 00:01:03.137000,0 days 02:21:25.821000,3696.8233333333333,46.0
2023-10-22 20:22:28.214,7170,102,3,0,True,0,car,0 days 00:01:03.297000,0 days 02:21:25.981000,3701.3566666666666,46.0
2023-10-22 20:22:28.414,6547,97,3,0,True,0,car,0 days 00:01:03.497000,0 days 02:21:26.181000,3706.7455555555557,46.0
2023-10-22 20:22:28.574,6547,92,3,0,True,0,car,0 days 00:01:03.657000,0 days 02:21:26.341000,3710.8344444444447,46.0
2023-10-22 20:22:28.774,6473,90,3,0,False,0,car,0 days 00:01:03.857000,0 days 02:21:26.541000,3715.8344444444447,46.0
2023-10-22 20:22:29.094,6298,86,3,7,False,0,car,0 days 00:01:04.177000,0 days 02:21:26.861000,3723.4788888888893,46.0
2023-10-22 20:22:29.253,6341,86,3,24,False,0,car,0 days 00:01:04.336000,0 days 02:21:27.020000,3727.2772222222225,46.0
2023-10-22 20:22:29.493,6813,89,3,41,False,0,car,0 days 00:01:04.576000,0 days 02:21:27.260000,3733.210555555556,46.0
2023-10-22 20:22:29.734,7164,96,3,46,False,0,car,0 days 00:01:04.817000,0 days 02:21:27.501000,3739.6372222222226,46.0
2023-10-22 20:22:29.894,7668,96,3,53,False,0,car,0 days 00:01:04.977000,0 days 02:21:27.661000,3743.9038888888895,46.0
2023-10-22 20:22:30.054,8064,105,3,59,False,0,car,0 days 00:01:05.137000,0 days 02:21:27.821000,3748.570555555556,46.0
2023-10-22 20:22:30.214,8615,109,3,69,False,0,car,0 days 00:01:05.297000,0 days 02:21:27.981000,3753.4150000000004,46.0
2023-10-22 20:22:30.534,9769,127,3,77,False,0,car,0 days 00:01:05.617000,0 days 02:21:28.301000,3764.7038888888897,46.0
2023-10-22 20:22:30.734,10996,137,3,98,False,0,car,0 days 00:01:05.817000,0 days 02:21:28.501000,3772.3150000000005,46.0
2023-10-22 20:22:30.894,11307,142,3,100,False,0,car,0 days 00:01:05.977000,0 days 02:21:28.661000,3778.626111111112,46.0
2023-10-22 20:22:31.054,11627,152,3,100,False,0,car,0 days 00:01:06.137000,0 days 02:21:28.821000,3785.3816666666676,46.0
2023-10-22 20:22:31.294,10444,152,4,100,False,0,car,0 days 00:01:06.377000,0 days 02:21:29.061000,3795.515000000001,46.0
2023-10-22 20:22:31.574,11040,175,4,100,False,0,car,0 days 00:01:06.657000,0 days 02:21:29.341000,3809.126111111112,46.0
2023-10-22 20:22:31.854,10925,187,4,100,False,0,car,0 days 00:01:06.937000,0 days 02:21:29.621000,3823.670555555557,46.0
2023-10-22 20:22:32.014,10023,187,5,100,False,0,car,0 days 00:01:07.097000,0 days 02:21:29.781000,3831.981666666668,46.0
2023-10-22 20:22:32.334,11129,198,5,0,False,0,car,0 days 00:01:07.417000,0 days 02:21:30.101000,3849.5816666666683,46.0
2023-10-22 20:22:32.494,10468,195,5,0,True,0,car,0 days 00:01:07.577000,0 days 02:21:30.261000,3858.248333333335,46.0
2023-10-22 20:22:32.694,10754,193,5,0,True,0,car,0 days 00:01:07.777000,0 days 02:21:30.461000,3868.970555555557,46.0
2023-10-22 20:22:32.934,10119,167,4,0,True,0,car,0 days 00:01:08.017000,0 days 02:21:30.701000,3880.10388888889,46.0
2023-10-22 20:22:33.094,10925,159,4,0,True,0,car,0 days 00:01:08.177000,0 days 02:21:30.861000,3887.1705555555573,46.0
2023-10-22 20:22:33.334,10031,143,3,0,True,0,car,0 days 00:01:08.417000,0 days 02:21:31.101000,3896.7038888888906,46.0
2023-10-22 20:22:33.574,9332,132,3,0,True,0,car,0 days 00:01:08.657000,0 days 02:21:31.341000,3905.5038888888903,46.0
2023-10-22 20:22:33.814,8572,124,3,0,True,0,car,0 days 00:01:08.897000,0 days 02:21:31.581000,3913.770555555557,46.0
2023-10-22 20:22:34.014,8133,118,3,0,True,0,car,0 days 00:01:09.097000,0 days 02:21:31.781000,3920.3261111111124,46.0
2023-10-22 20:22:34.174,7875,114,3,0,True,0,car,0 days 00:01:09.257000,0 days 02:21:31.941000,3925.3927777777794,46.0
2023-10-22 20:22:34.614,7525,107,3,0,False,0,car,0 days 00:01:09.697000,0 days 02:21:32.381000,3938.470555555557,46.0
2023-10-22 20:22:34.774,7283,103,3,0,False,0,car,0 days 00:01:09.857000,0 days 02:21:32.541000,3943.0483333333345,46.0
2023-10-22 20:22:35.094,7099,101,3,7,False,0,car,0 days 00:01:10.177000,0 days 02:21:32.861000,3952.0261111111126,46.0
2023-10-22 20:22:35.414,7259,96,3,26,False,0,car,0 days 00:01:10.497000,0 days 02:21:33.181000,3960.559444444446,46.0
2023-10-22 20:22:35.574,7248,98,3,29,False,0,car,0 days 00:01:10.657000,0 days 02:21:33.341000,3964.9150000000013,46.0
2023-10-22 20:22:35.893,7657,100,3,40,False,0,car,0 days 00:01:10.976000,0 days 02:21:33.660000,3973.7761111111126,46.0
2023-10-22 20:22:36.093,7856,104,3,44,False,0,car,0 days 00:01:11.176000,0 days 02:21:33.860000,3979.5538888888905,46.0
2023-10-22 20:22:36.414,8336,110,3,48,False,0,car,0 days 00:01:11.497000,0 days 02:21:34.181000,3989.362222222224,46.0
2023-10-22 20:22:36.734,9258,121,3,58,False,0,car,0 days 00:01:11.817000,0 days 02:21:34.501000,4000.1177777777793,46.0
2023-10-22 20:22:37.014,9945,128,3,63,False,0,car,0 days 00:01:12.097000,0 days 02:21:34.781000,4010.073333333335,46.0
2023-10-22 20:22:37.454,11021,146,3,84,False,0,car,0 days 00:01:12.537000,0 days 02:21:35.221000,4027.91777777778,46.0
2023-10-22 20:22:37.654,11502,155,3,100,False,0,car,0 days 00:01:12.737000,0 days 02:21:35.421000,4036.5288888888904,46.0
2023-10-22 20:22:37.814,10522,158,3,100,False,0,car,0 days 00:01:12.897000,0 days 02:21:35.581000,4043.551111111113,46.0
2023-10-22 20:22:38.054,10521,168,4,100,False,0,car,0 days 00:01:13.137000,0 days 02:21:35.821000,4054.751111111113,46.0
2023-10-22 20:22:38.334,11208,177,4,100,False,0,car,0 days 00:01:13.417000,0 days 02:21:36.101000,4068.51777777778,46.0
2023-10-22 20:22:38.574,10724,180,4,99,False,0,car,0 days 00:01:13.657000,0 days 02:21:36.341000,4080.5177777777794,46.0
2023-10-22 20:22:38.934,10836,192,5,0,False,0,car,0 days 00:01:14.017000,0 days 02:21:36.701000,4099.71777777778,46.0
2023-10-22 20:22:39.094,10810,191,5,0,False,0,car,0 days 00:01:14.177000,0 days 02:21:36.861000,4108.206666666669,46.0
2023-10-22 20:22:39.334,9823,180,5,0,True,0,car,0 days 00:01:14.417000,0 days 02:21:37.101000,4120.206666666669,46.0
2023-10-22 20:22:39.654,9540,165,5,0,True,0,car,0 days 00:01:14.737000,0 days 02:21:37.421000,4134.873333333335,46.0
2023-10-22 20:22:39.894,9253,155,4,0,True,0,car,0 days 00:01:14.977000,0 days 02:21:37.661000,4145.206666666669,46.0
2023-10-22 20:22:40.174,9773,142,4,0,True,0,car,0 days 00:01:15.257000,0 days 02:21:37.941000,4156.2511111111135,46.0
2023-10-22 20:22:40.374,9210,132,3,0,True,0,car,0 days 00:01:15.457000,0 days 02:21:38.141000,4163.5844444444465,46.0
2023-10-22 20:22:40.534,8597,127,3,0,True,0,car,0 days 00:01:15.617000,0 days 02:21:38.301000,4169.228888888892,46.0
2023-10-22 20:22:40.734,8097,114,3,0,True,0,car,0 days 00:01:15.817000,0 days 02:21:38.501000,4175.562222222225,46.0
2023-10-22 20:22:41.054,7417,106,3,0,True,0,car,0 days 00:01:16.137000,0 days 02:21:38.821000,4184.984444444447,46.0
2023-10-22 20:22:41.374,6948,97,3,0,True,0,car,0 days 00:01:16.457000,0 days 02:21:39.141000,4193.606666666669,46.0
2023-10-22 20:22:41.734,6398,90,3,0,False,0,car,0 days 00:01:16.817000,0 days 02:21:39.501000,4202.606666666669,46.0
2023-10-22 20:22:41.934,6214,88,3,0,False,0,car,0 days 00:01:17.017000,0 days 02:21:39.701000,4207.495555555558,46.0
2023-10-22 20:22:42.134,5965,86,3,0,False,0,car,0 days 00:01:17.217000,0 days 02:21:39.901000,4212.273333333336,46.0
2023-10-22 20:22:42.414,6083,84,3,9,False,0,car,0 days 00:01:17.497000,0 days 02:21:40.181000,4218.80666666667,46.0
2023-10-22 20:22:42.653,6061,82,3,17,False,0,car,0 days 00:01:17.736000,0 days 02:21:40.420000,4224.250555555559,46.0
2023-10-22 20:22:43.094,6242,85,3,29,False,0,car,0 days 00:01:18.177000,0 days 02:21:40.861000,4234.663055555559,46.0
2023-10-22 20:22:43.334,7029,93,3,46,False,0,car,0 days 00:01:18.417000,0 days 02:21:41.101000,4240.863055555559,46.0
2023-10-22 20:22:43.614,7822,99,3,51,False,0,car,0 days 00:01:18.697000,0 days 02:21:41.381000,4248.563055555559,46.0
2023-10-22 20:22:43.774,8141,105,3,55,False,0,car,0 days 00:01:18.857000,0 days 02:21:41.541000,4253.229722222226,46.0
2023-10-22 20:22:43.974,8717,112,3,58,False,0,car,0 days 00:01:19.057000,0 days 02:21:41.741000,4259.451944444449,46.0
2023-10-22 20:22:44.214,9316,116,3,70,False,0,car,0 days 00:01:19.297000,0 days 02:21:41.981000,4267.185277777782,46.0
2023-10-22 20:22:44.494,9456,131,3,80,False,0,car,0 days 00:01:19.577000,0 days 02:21:42.261000,4277.374166666671,46.0
2023-10-22 20:22:44.734,10724,147,3,100,False,0,car,0 days 00:01:19.817000,0 days 02:21:42.501000,4287.174166666671,46.0
2023-10-22 20:22:45.014,10925,156,3,100,False,0,car,0 days 00:01:20.097000,0 days 02:21:42.781000,4299.307500000004,46.0
2023-10-22 20:22:45.334,10466,169,4,99,False,0,car,0 days 00:01:20.417000,0 days 02:21:43.101000,4314.329722222227,46.0
2023-10-22 20:22:45.574,11411,181,4,99,False,0,car,0 days 00:01:20.657000,0 days 02:21:43.341000,4326.396388888894,46.0
2023-10-22 20:22:45.814,10388,188,4,100,False,0,car,0 days 00:01:20.897000,0 days 02:21:43.581000,4338.929722222228,46.0
2023-10-22 20:22:46.214,11182,203,5,100,False,0,car,0 days 00:01:21.297000,0 days 02:21:43.981000,4361.485277777782,46.0
2023-10-22 20:22:46.494,11493,208,5,100,False,0,car,0 days 00:01:21.577000,0 days 02:21:44.261000,4377.66305555556,46.0
2023-10-22 20:22:46.814,10793,218,5,100,False,0,car,0 days 00:01:21.897000,0 days 02:21:44.581000,4397.040833333339,46.0
2023-10-22 20:22:47.094,10638,223,6,99,False,0,car,0 days 00:01:22.177000,0 days 02:21:44.861000,4414.385277777784,46.0
2023-10-22 20:22:47.254,10821,227,6,100,False,0,car,0 days 00:01:22.337000,0 days 02:21:45.021000,4424.474166666672,46.0
2023-10-22 20:22:47.614,10953,230,6,100,False,0,car,0 days 00:01:22.697000,0 days 02:21:45.381000,4447.474166666672,46.0
2023-10-22 20:22:47.934,11039,233,6,100,False,0,car,0 days 00:01:23.017000,0 days 02:21:45.701000,4468.185277777783,46.0
2023-10-22 20:22:48.134,11095,235,6,100,False,0,car,0 days 00:01:23.217000,0 days 02:21:45.901000,4481.240833333339,46.0
2023-10-22 20:22:48.414,11225,235,6,100,False,0,car,0 days 00:01:23.497000,0 days 02:21:46.181000,4499.518611111117,46.0
2023-10-22 20:22:48.614,11200,236,6,100,False,0,car,0 days 00:01:23.697000,0 days 02:21:46.381000,4512.629722222228,46.0
2023-10-22 20:22:48.854,11350,237,6,100,False,0,car,0 days 00:01:23.937000,0 days 02:21:46.621000,4528.429722222228,46.0
2023-10-22 20:22:49.054,11339,238,6,100,False,0,car,0 days 00:01:24.137000,0 days 02:21:46.821000,4541.65194444445,46.0
2023-10-22 20:22:49.454,11342,240,6,100,False,0,car,0 days 00:01:24.537000,0 days 02:21:47.221000,4568.318611111117,46.0
2023-10-22 20:22:49.614,11538,240,6,100,False,0,car,0 days 00:01:24.697000,0 days 02:21:47.381000,4578.985277777783,46.0
2023-10-22 20:22:49.814,11431,240,6,100,False,0,car,0 days 00:01:24.897000,0 days 02:21:47.581000,4592.318611111117,46.0
2023-10-22 20:22:50.094,11612,243,6,100,False,0,car,0 days 00:01:25.177000,0 days 02:21:47.861000,4611.218611111117,46.0
2023-10-22 20:22:50.414,10194,244,7,100,False,0,car,0 days 00:01:25.497000,0 days 02:21:48.181000,4632.907500000006,46.0
2023-10-22 20:22:50.574,10212,245,7,100,False,0,car,0 days 00:01:25.657000,0 days 02:21:48.341000,4643.796388888894,46.0
2023-10-22 20:22:50.774,10262,247,7,100,False,0,car,0 days 00:01:25.857000,0 days 02:21:48.541000,4657.518611111117,46.0
2023-10-22 20:22:50.934,10318,248,7,100,False,0,car,0 days 00:01:26.017000,0 days 02:21:48.701000,4668.540833333339,46.0
2023-10-22 20:22:51.254,10366,249,7,99,False,0,car,0 days 00:01:26.337000,0 days 02:21:49.021000,4690.674166666673,46.0
2023-10-22 20:22:51.494,10476,249,7,100,False,0,car,0 days 00:01:26.577000,0 days 02:21:49.261000,4707.2741666666725,46.0
2023-10-22 20:22:51.934,10549,255,7,100,False,0,car,0 days 00:01:27.017000,0 days 02:21:49.701000,4738.440833333339,46.0
2023-10-22 20:22:52.134,10625,256,7,100,False,0,car,0 days 00:01:27.217000,0 days 02:21:49.901000,4752.663055555561,46.0
2023-10-22 20:22:52.454,10725,258,7,100,False,0,car,0 days 00:01:27.537000,0 days 02:21:50.221000,4775.5963888888955,46.0
2023-10-22 20:22:52.654,10821,260,7,99,False,0,car,0 days 00:01:27.737000,0 days 02:21:50.421000,4790.040833333339,46.0
2023-10-22 20:22:52.934,10855,262,7,100,False,0,car,0 days 00:01:28.017000,0 days 02:21:50.701000,4810.418611111117,46.0
2023-10-22 20:22:53.214,10937,263,7,100,False,0,car,0 days 00:01:28.297000,0 days 02:21:50.981000,4830.874166666672,46.0
2023-10-22 20:22:53.414,10569,265,7,0,False,0,car,0 days 00:01:28.497000,0 days 02:21:51.181000,4845.596388888895,46.0
2023-10-22 20:22:53.734,10505,257,7,0,True,0,car,0 days 00:01:28.817000,0 days 02:21:51.501000,4868.440833333339,46.0
2023-10-22 20:22:53.894,10125,252,7,0,True,0,car,0 days 00:01:28.977000,0 days 02:21:51.661000,4879.640833333339,46.0
2023-10-22 20:22:54.174,9865,237,7,0,True,0,car,0 days 00:01:29.257000,0 days 02:21:51.941000,4898.074166666673,46.0
2023-10-22 20:22:54.334,10346,225,7,0,True,0,car,0 days 00:01:29.417000,0 days 02:21:52.101000,4908.074166666673,46.0
2023-10-22 20:22:54.574,10137,215,6,0,True,0,car,0 days 00:01:29.657000,0 days 02:21:52.341000,4922.407500000006,46.0
2023-10-22 20:22:54.734,10404,215,6,0,True,0,car,0 days 00:01:29.817000,0 days 02:21:52.501000,4931.963055555561,46.0
2023-10-22 20:22:54.934,10439,196,5,0,True,0,car,0 days 00:01:30.017000,0 days 02:21:52.701000,4942.85194444445,46.0
2023-10-22 20:22:55.134,10108,190,5,0,False,0,car,0 days 00:01:30.217000,0 days 02:21:52.901000,4953.407500000006,46.0
2023-10-22 20:22:55.454,9882,185,5,0,False,0,car,0 days 00:01:30.537000,0 days 02:21:53.221000,4969.851944444451,46.0
2023-10-22 20:22:55.734,9575,179,5,0,False,0,car,0 days 00:01:30.817000,0 days 02:21:53.501000,4983.7741666666725,46.0
2023-10-22 20:22:55.894,9755,179,5,49,False,0,car,0 days 00:01:30.977000,0 days 02:21:53.661000,4991.729722222229,46.0
2023-10-22 20:22:56.174,9957,176,5,64,False,0,car,0 days 00:01:31.257000,0 days 02:21:53.941000,5005.418611111118,46.0
2023-10-22 20:22:56.374,10110,183,5,95,False,0,car,0 days 00:01:31.457000,0 days 02:21:54.141000,5015.585277777784,46.0
2023-10-22 20:22:56.614,10809,192,5,100,False,0,car,0 days 00:01:31.697000,0 days 02:21:54.381000,5028.385277777784,46.0
2023-10-22 20:22:56.814,10919,200,5,100,False,0,car,0 days 00:01:31.897000,0 days 02:21:54.581000,5039.496388888895,46.0
2023-10-22 20:22:57.294,11530,212,5,100,False,0,car,0 days 00:01:32.377000,0 days 02:21:55.061000,5067.763055555562,46.0
2023-10-22 20:22:57.614,10366,219,6,100,False,0,car,0 days 00:01:32.697000,0 days 02:21:55.381000,5087.229722222229,46.0
2023-10-22 20:22:57.814,10677,223,6,100,False,0,car,0 days 00:01:32.897000,0 days 02:21:55.581000,5099.618611111117,46.0
2023-10-22 20:22:58.094,10783,228,6,100,False,0,car,0 days 00:01:33.177000,0 days 02:21:55.861000,5117.351944444451,46.0
2023-10-22 20:22:58.414,10765,233,6,0,False,0,car,0 days 00:01:33.497000,0 days 02:21:56.181000,5138.063055555562,46.0
2023-10-22 20:22:58.734,10544,228,6,0,False,0,car,0 days 00:01:33.817000,0 days 02:21:56.501000,5158.329722222228,46.0
2023-10-22 20:22:59.134,10382,206,6,0,True,0,car,0 days 00:01:34.217000,0 days 02:21:56.901000,5181.218611111118,46.0
2023-10-22 20:22:59.454,10111,177,5,0,True,0,car,0 days 00:01:34.537000,0 days 02:21:57.221000,5196.951944444451,46.0
2023-10-22 20:22:59.814,10318,149,5,0,True,0,car,0 days 00:01:34.897000,0 days 02:21:57.581000,5211.851944444451,46.0
2023-10-22 20:22:59.974,10318,136,4,0,True,0,car,0 days 00:01:35.057000,0 days 02:21:57.741000,5217.896388888896,46.0
2023-10-22 20:23:00.334,8390,120,3,0,True,0,car,0 days 00:01:35.417000,0 days 02:21:58.101000,5229.896388888896,46.0
2023-10-22 20:23:00.654,7782,110,3,0,True,0,car,0 days 00:01:35.737000,0 days 02:21:58.421000,5239.674166666673,46.0
2023-10-22 20:23:00.934,7303,104,3,0,False,0,car,0 days 00:01:36.017000,0 days 02:21:58.701000,5247.763055555562,46.0
2023-10-22 20:23:01.294,6831,99,3,2,False,0,car,0 days 00:01:36.377000,0 days 02:21:59.061000,5257.663055555561,46.0
2023-10-22 20:23:01.614,6954,93,3,23,False,0,car,0 days 00:01:36.697000,0 days 02:21:59.381000,5265.929722222228,46.0
2023-10-22 20:23:01.814,7189,93,3,32,False,0,car,0 days 00:01:36.897000,0 days 02:21:59.581000,5271.096388888895,46.0
2023-10-22 20:23:02.134,7563,99,3,41,False,0,car,0 days 00:01:37.217000,0 days 02:21:59.901000,5279.896388888895,46.0
2023-10-22 20:23:02.334,7792,102,3,43,False,0,car,0 days 00:01:37.417000,0 days 02:22:00.101000,5285.563055555562,46.0
2023-10-22 20:23:02.814,9148,115,3,67,False,0,car,0 days 00:01:37.897000,0 days 02:22:00.581000,5300.896388888895,46.0
2023-10-22 20:23:02.974,9148,123,3,67,False,0,car,0 days 00:01:38.057000,0 days 02:22:00.741000,5306.363055555561,46.0
2023-10-22 20:23:03.134,9964,132,3,80,False,0,car,0 days 00:01:38.217000,0 days 02:22:00.901000,5312.229722222228,46.0
2023-10-22 20:23:03.414,10954,143,3,100,False,0,car,0 days 00:01:38.497000,0 days 02:22:01.181000,5323.35194444445,46.0
2023-10-22 20:23:03.574,11538,152,3,100,False,0,car,0 days 00:01:38.657000,0 days 02:22:01.341000,5330.1075000000055,46.0
2023-10-22 20:23:03.774,10961,161,3,100,False,0,car,0 days 00:01:38.857000,0 days 02:22:01.541000,5339.05194444445,46.0
2023-10-22 20:23:04.134,11362,178,4,100,False,0,car,0 days 00:01:39.217000,0 days 02:22:01.901000,5356.85194444445,46.0
2023-10-22 20:23:04.454,10407,189,4,100,False,0,car,0 days 00:01:39.537000,0 days 02:22:02.221000,5373.65194444445,46.0
2023-10-22 20:23:04.694,10914,196,5,99,False,0,car,0 days 00:01:39.777000,0 days 02:22:02.461000,5386.718611111117,46.0
2023-10-22 20:23:05.014,11450,206,5,100,False,0,car,0 days 00:01:40.097000,0 days 02:22:02.781000,5405.029722222228,46.0
2023-10-22 20:23:05.374,10948,217,5,100,False,0,car,0 days 00:00:00.014000,0 days 02:22:03.141000,0.8438888888888889,47.0
2023-10-22 20:23:05.574,10573,223,5,100,False,0,car,0 days 00:00:00.214000,0 days 02:22:03.341000,13.232777777777777,47.0
2023-10-22 20:23:05.774,10883,223,6,100,False,0,car,0 days 00:00:00.414000,0 days 02:22:03.541000,25.621666666666663,47.0
2023-10-22 20:23:05.974,10992,232,6,100,False,0,car,0 days 00:00:00.614000,0 days 02:22:03.741000,38.510555555555555,47.0
2023-10-22 20:23:06.174,11194,237,6,100,False,0,car,0 days 00:00:00.814000,0 days 02:22:03.941000,51.67722222222222,47.0
2023-10-22 20:23:06.374,11272,240,6,100,False,0,car,0 days 00:00:01.014000,0 days 02:22:04.141000,65.01055555555556,47.0
2023-10-22 20:23:06.614,11617,244,6,100,False,0,car,0 days 00:00:01.254000,0 days 02:22:04.381000,81.27722222222222,47.0
2023-10-22 20:23:06.854,10364,247,6,100,False,0,car,0 days 00:00:01.494000,0 days 02:22:04.621000,97.74388888888889,47.0
2023-10-22 20:23:07.014,10484,250,7,100,False,0,car,0 days 00:00:01.654000,0 days 02:22:04.781000,108.85499999999999,47.0
2023-10-22 20:23:07.334,10678,256,7,100,False,0,car,0 days 00:00:01.974000,0 days 02:22:05.101000,131.61055555555555,47.0
2023-10-22 20:23:07.534,10666,258,7,100,False,0,car,0 days 00:00:02.174000,0 days 02:22:05.301000,145.9438888888889,47.0
2023-10-22 20:23:07.774,10865,261,7,100,False,0,car,0 days 00:00:02.414000,0 days 02:22:05.541000,163.3438888888889,47.0
2023-10-22 20:23:08.134,11032,266,7,100,False,0,car,0 days 00:00:02.774000,0 days 02:22:05.901000,189.9438888888889,47.0
2023-10-22 20:23:08.374,11151,268,7,100,False,0,car,0 days 00:00:03.014000,0 days 02:22:06.141000,207.81055555555554,47.0
2023-10-22 20:23:08.654,11299,271,7,100,False,0,car,0 days 00:00:03.294000,0 days 02:22:06.421000,228.88833333333332,47.0
2023-10-22 20:23:08.934,11398,274,7,100,False,0,car,0 days 00:00:03.574000,0 days 02:22:06.701000,250.19944444444442,47.0
2023-10-22 20:23:09.134,11374,276,7,100,False,0,car,0 days 00:00:03.774000,0 days 02:22:06.901000,265.53277777777777,47.0
2023-10-22 20:23:09.335,11478,277,7,100,False,0,car,0 days 00:00:03.975000,0 days 02:22:07.102000,280.99861111111113,47.0
2023-10-22 20:23:09.614,11243,279,7,100,False,0,car,0 days 00:00:04.254000,0 days 02:22:07.381000,302.6211111111111,47.0
2023-10-22 20:23:09.974,10418,282,8,100,False,0,car,0 days 00:00:04.614000,0 days 02:22:07.741000,330.8211111111111,47.0
2023-10-22 20:23:10.414,10512,284,8,100,False,0,car,0 days 00:00:05.054000,0 days 02:22:08.181000,365.53222222222223,47.0
2023-10-22 20:23:10.574,10527,285,8,100,False,0,car,0 days 00:00:05.214000,0 days 02:22:08.341000,378.1988888888889,47.0
2023-10-22 20:23:10.774,10246,285,8,100,False,0,car,0 days 00:00:05.414000,0 days 02:22:08.541000,394.0322222222222,47.0
2023-10-22 20:23:10.934,10447,284,8,100,False,0,car,0 days 00:00:05.574000,0 days 02:22:08.701000,406.6544444444444,47.0
2023-10-22 20:23:11.174,10468,284,8,100,False,0,car,0 days 00:00:05.814000,0 days 02:22:08.941000,425.5877777777777,47.0
2023-10-22 20:23:11.534,10378,283,8,99,False,0,car,0 days 00:00:06.174000,0 days 02:22:09.301000,453.8877777777777,47.0
2023-10-22 20:23:11.694,10246,282,8,0,False,0,car,0 days 00:00:06.334000,0 days 02:22:09.461000,466.42111111111103,47.0
2023-10-22 20:23:12.014,9709,276,8,0,False,0,car,0 days 00:00:06.654000,0 days 02:22:09.781000,490.9544444444444,47.0
2023-10-22 20:23:12.374,9509,266,8,0,False,0,car,0 days 00:00:07.014000,0 days 02:22:10.141000,517.5544444444445,47.0
2023-10-22 20:23:12.694,8733,243,8,0,True,0,car,0 days 00:00:07.334000,0 days 02:22:10.461000,539.1544444444444,47.0
2023-10-22 20:23:12.974,8406,207,8,0,True,0,car,0 days 00:00:07.614000,0 days 02:22:10.741000,555.2544444444444,47.0
2023-10-22 20:23:13.174,8427,185,7,0,True,0,car,0 days 00:00:07.814000,0 days 02:22:10.941000,565.5322222222222,47.0
2023-10-22 20:23:13.454,8181,159,6,0,True,0,car,0 days 00:00:08.094000,0 days 02:22:11.221000,577.8988888888889,47.0
2023-10-22 20:23:13.614,8601,151,6,0,True,0,car,0 days 00:00:08.254000,0 days 02:22:11.381000,584.61,47.0
2023-10-22 20:23:14.054,7248,121,4,0,True,0,car,0 days 00:00:08.694000,0 days 02:22:11.821000,599.3988888888889,47.0
2023-10-22 20:23:14.254,6956,112,4,0,True,0,car,0 days 00:00:08.894000,0 days 02:22:12.021000,605.6211111111111,47.0
2023-10-22 20:23:14.534,6246,102,4,0,True,0,car,0 days 00:00:09.174000,0 days 02:22:12.301000,613.5544444444444,47.0
2023-10-22 20:23:14.734,5966,96,4,0,True,0,car,0 days 00:00:09.374000,0 days 02:22:12.501000,618.8877777777777,47.0
2023-10-22 20:23:14.974,5369,91,4,0,True,0,car,0 days 00:00:09.614000,0 days 02:22:12.741000,624.9544444444444,47.0
2023-10-22 20:23:15.294,4993,85,4,0,False,0,car,0 days 00:00:09.934000,0 days 02:22:13.061000,632.51,47.0
2023-10-22 20:23:15.775,4685,79,4,1,False,0,car,0 days 00:00:10.415000,0 days 02:22:13.542000,643.0652777777777,47.0
2023-10-22 20:23:15.935,4949,77,4,6,False,0,car,0 days 00:00:10.575000,0 days 02:22:13.702000,646.4875,47.0
2023-10-22 20:23:16.254,5066,80,4,23,False,0,car,0 days 00:00:10.894000,0 days 02:22:14.021000,653.5763888888889,47.0
2023-10-22 20:23:16.454,5256,83,4,35,False,0,car,0 days 00:00:11.094000,0 days 02:22:14.221000,658.1875,47.0
2023-10-22 20:23:16.694,5658,87,4,43,False,0,car,0 days 00:00:11.334000,0 days 02:22:14.461000,663.9875,47.0
2023-10-22 20:23:16.974,6255,96,4,45,False,0,car,0 days 00:00:11.614000,0 days 02:22:14.741000,671.4541666666667,47.0
2023-10-22 20:23:17.174,6560,102,4,49,False,0,car,0 days 00:00:11.814000,0 days 02:22:14.941000,677.1208333333333,47.0
2023-10-22 20:23:17.574,7518,115,4,56,False,0,car,0 days 00:00:12.214000,0 days 02:22:15.341000,689.8986111111111,47.0
2023-10-22 20:23:17.774,7948,122,4,64,False,0,car,0 days 00:00:12.414000,0 days 02:22:15.541000,696.6763888888888,47.0
2023-10-22 20:23:17.934,8529,131,4,72,False,0,car,0 days 00:00:12.574000,0 days 02:22:15.701000,702.498611111111,47.0
2023-10-22 20:23:18.134,9181,140,4,80,False,0,car,0 days 00:00:12.774000,0 days 02:22:15.901000,710.2763888888887,47.0
2023-10-22 20:23:18.334,9915,151,4,97,False,0,car,0 days 00:00:12.974000,0 days 02:22:16.101000,718.6652777777776,47.0
2023-10-22 20:23:18.574,10172,160,4,99,False,0,car,0 days 00:00:13.214000,0 days 02:22:16.341000,729.3319444444443,47.0
2023-10-22 20:23:18.734,10839,171,4,100,False,0,car,0 days 00:00:13.374000,0 days 02:22:16.501000,736.9319444444443,47.0
2023-10-22 20:23:19.014,11564,180,4,99,False,0,car,0 days 00:00:13.654000,0 days 02:22:16.781000,750.9319444444443,47.0
2023-10-22 20:23:19.294,10579,192,5,100,False,0,car,0 days 00:00:13.934000,0 days 02:22:17.061000,765.8652777777776,47.0
2023-10-22 20:23:19.534,11086,204,5,100,False,0,car,0 days 00:00:14.174000,0 days 02:22:17.301000,779.4652777777776,47.0
2023-10-22 20:23:19.734,11486,210,5,99,False,0,car,0 days 00:00:14.374000,0 days 02:22:17.501000,791.1319444444443,47.0
2023-10-22 20:23:19.934,10446,217,5,99,False,0,car,0 days 00:00:14.574000,0 days 02:22:17.701000,803.1874999999999,47.0
2023-10-22 20:23:20.134,10664,222,6,100,False,0,car,0 days 00:00:14.774000,0 days 02:22:17.901000,815.5208333333331,47.0
2023-10-22 20:23:20.374,11143,224,6,99,False,0,car,0 days 00:00:15.014000,0 days 02:22:18.141000,830.4541666666665,47.0
2023-10-22 20:23:20.694,11146,234,6,99,False,0,car,0 days 00:00:15.334000,0 days 02:22:18.461000,851.2541666666666,47.0
2023-10-22 20:23:20.974,11412,239,6,100,False,0,car,0 days 00:00:15.614000,0 days 02:22:18.741000,869.8430555555556,47.0
2023-10-22 20:23:21.254,11561,244,6,100,False,0,car,0 days 00:00:15.894000,0 days 02:22:19.021000,888.8208333333333,47.0
2023-10-22 20:23:21.614,10419,248,6,100,False,0,car,0 days 00:00:16.254000,0 days 02:22:19.381000,913.6208333333334,47.0
2023-10-22 20:23:21.854,10531,253,7,99,False,0,car,0 days 00:00:16.494000,0 days 02:22:19.621000,930.4875,47.0
2023-10-22 20:23:22.294,10749,258,7,100,False,0,car,0 days 00:00:16.934000,0 days 02:22:20.061000,962.0208333333334,47.0
2023-10-22 20:23:22.655,10944,264,7,100,False,0,car,0 days 00:00:17.295000,0 days 02:22:20.422000,988.4941666666667,47.0
2023-10-22 20:23:22.815,11043,264,7,100,False,0,car,0 days 00:00:17.455000,0 days 02:22:20.582000,1000.2274999999998,47.0
2023-10-22 20:23:23.094,11094,265,7,100,False,0,car,0 days 00:00:17.734000,0 days 02:22:20.861000,1020.7650000000001,47.0
2023-10-22 20:23:23.454,11195,270,7,100,False,0,car,0 days 00:00:18.094000,0 days 02:22:21.221000,1047.765,47.0
2023-10-22 20:23:23.734,11268,273,7,100,False,0,car,0 days 00:00:18.374000,0 days 02:22:21.501000,1068.9983333333332,47.0
2023-10-22 20:23:24.054,11409,274,7,100,False,0,car,0 days 00:00:18.694000,0 days 02:22:21.821000,1093.3538888888888,47.0
2023-10-22 20:23:24.294,11342,273,7,99,False,0,car,0 days 00:00:18.934000,0 days 02:22:22.061000,1111.5538888888889,47.0
2023-10-22 20:23:24.774,11358,273,7,100,False,0,car,0 days 00:00:19.414000,0 days 02:22:22.541000,1147.953888888889,47.0
2023-10-22 20:23:25.054,11573,273,7,100,False,0,car,0 days 00:00:19.694000,0 days 02:22:22.821000,1169.187222222222,47.0
2023-10-22 20:23:25.374,11322,273,7,99,False,0,car,0 days 00:00:20.014000,0 days 02:22:23.141000,1193.4538888888887,47.0
2023-10-22 20:23:25.574,10929,275,7,91,False,0,car,0 days 00:00:20.214000,0 days 02:22:23.341000,1208.7316666666666,47.0
2023-10-22 20:23:26.014,10852,263,7,46,False,0,car,0 days 00:00:20.654000,0 days 02:22:23.781000,1240.8761111111112,47.0
2023-10-22 20:23:26.214,10749,263,7,53,False,0,car,0 days 00:00:20.854000,0 days 02:22:23.981000,1255.4872222222223,47.0
2023-10-22 20:23:26.454,10801,257,7,61,False,0,car,0 days 00:00:21.094000,0 days 02:22:24.221000,1272.6205555555557,47.0
2023-10-22 20:23:26.694,10481,254,7,0,True,0,car,0 days 00:00:21.334000,0 days 02:22:24.461000,1289.5538888888889,47.0
2023-10-22 20:23:26.934,10532,243,7,0,True,0,car,0 days 00:00:21.574000,0 days 02:22:24.701000,1305.753888888889,47.0
2023-10-22 20:23:27.214,10854,236,6,20,False,0,car,0 days 00:00:21.854000,0 days 02:22:24.981000,1324.1094444444443,47.0
2023-10-22 20:23:27.534,10771,225,6,58,False,0,car,0 days 00:00:22.174000,0 days 02:22:25.301000,1344.1094444444443,47.0
2023-10-22 20:23:27.894,10902,227,6,78,False,0,car,0 days 00:00:22.534000,0 days 02:22:25.661000,1366.8094444444444,47.0
2023-10-22 20:23:28.094,11038,231,6,87,False,0,car,0 days 00:00:22.734000,0 days 02:22:25.861000,1379.6427777777778,47.0
2023-10-22 20:23:28.494,10985,236,6,29,False,0,car,0 days 00:00:23.134000,0 days 02:22:26.261000,1405.865,47.0
2023-10-22 20:23:28.654,11036,232,6,29,False,0,car,0 days 00:00:23.294000,0 days 02:22:26.421000,1416.1761111111111,47.0
2023-10-22 20:23:28.975,10442,226,6,27,False,0,car,0 days 00:00:23.615000,0 days 02:22:26.742000,1436.3277777777778,47.0
2023-10-22 20:23:29.215,10016,219,6,0,True,0,car,0 days 00:00:23.855000,0 days 02:22:26.982000,1450.927777777778,47.0
2023-10-22 20:23:29.495,10436,212,6,0,False,0,car,0 days 00:00:24.135000,0 days 02:22:27.262000,1467.416666666667,47.0
2023-10-22 20:23:29.694,10843,205,5,23,False,0,car,0 days 00:00:24.334000,0 days 02:22:27.461000,1478.7486111111114,47.0
2023-10-22 20:23:30.054,11040,201,5,54,False,0,car,0 days 00:00:24.694000,0 days 02:22:27.821000,1498.8486111111113,47.0
2023-10-22 20:23:30.334,11322,203,5,85,False,0,car,0 days 00:00:24.974000,0 days 02:22:28.101000,1514.6375000000003,47.0
2023-10-22 20:23:30.494,11323,209,5,85,False,0,car,0 days 00:00:25.134000,0 days 02:22:28.261000,1523.9263888888893,47.0
2023-10-22 20:23:30.734,10141,210,5,50,False,0,car,0 days 00:00:25.374000,0 days 02:22:28.501000,1537.9263888888893,47.0
2023-10-22 20:23:31.014,9948,211,6,55,False,0,car,0 days 00:00:25.654000,0 days 02:22:28.781000,1554.3375000000005,47.0
2023-10-22 20:23:31.174,10216,210,6,57,False,0,car,0 days 00:00:25.814000,0 days 02:22:28.941000,1563.6708333333338,47.0
2023-10-22 20:23:31.494,10351,213,6,75,False,0,car,0 days 00:00:26.134000,0 days 02:22:29.261000,1582.6041666666672,47.0
2023-10-22 20:23:31.894,10396,218,6,100,False,0,car,0 days 00:00:26.534000,0 days 02:22:29.661000,1606.8263888888894,47.0
2023-10-22 20:23:32.054,10510,221,6,100,False,0,car,0 days 00:00:26.694000,0 days 02:22:29.821000,1616.6486111111117,47.0
2023-10-22 20:23:32.334,10025,218,6,1,True,0,car,0 days 00:00:26.974000,0 days 02:22:30.101000,1633.6041666666672,47.0
2023-10-22 20:23:32.694,10726,210,6,0,True,0,car,0 days 00:00:27.334000,0 days 02:22:30.461000,1654.6041666666672,47.0
2023-10-22 20:23:32.894,10319,198,5,0,True,0,car,0 days 00:00:27.534000,0 days 02:22:30.661000,1665.6041666666672,47.0
2023-10-22 20:23:33.054,10299,195,5,0,True,0,car,0 days 00:00:27.694000,0 days 02:22:30.821000,1674.270833333334,47.0
2023-10-22 20:23:33.374,10015,183,5,13,False,0,car,0 days 00:00:28.014000,0 days 02:22:31.141000,1690.5375000000006,47.0
2023-10-22 20:23:33.814,9896,181,5,56,False,0,car,0 days 00:00:28.454000,0 days 02:22:31.581000,1712.6597222222229,47.0
2023-10-22 20:23:34.014,10096,183,5,64,False,0,car,0 days 00:00:28.654000,0 days 02:22:31.781000,1722.8263888888896,47.0
2023-10-22 20:23:34.414,10569,189,5,72,False,0,car,0 days 00:00:29.054000,0 days 02:22:32.181000,1743.8263888888896,47.0
2023-10-22 20:23:34.614,10590,192,5,74,False,0,car,0 days 00:00:29.254000,0 days 02:22:32.381000,1754.4930555555563,47.0
2023-10-22 20:23:34.814,10415,194,5,74,False,0,car,0 days 00:00:29.454000,0 days 02:22:32.581000,1765.2708333333342,47.0
2023-10-22 20:23:35.014,10656,196,5,0,True,0,car,0 days 00:00:29.654000,0 days 02:22:32.781000,1776.159722222223,47.0
2023-10-22 20:23:35.214,11092,192,5,0,True,0,car,0 days 00:00:29.854000,0 days 02:22:32.981000,1786.8263888888896,47.0
2023-10-22 20:23:36.414,9114,150,4,5,False,0,car,0 days 00:00:31.054000,0 days 02:22:34.181000,1836.8263888888896,47.0
2023-10-22 20:23:36.574,8826,146,4,0,False,0,car,0 days 00:00:31.214000,0 days 02:22:34.341000,1843.3152777777784,47.0
2023-10-22 20:23:36.854,8366,138,4,0,False,0,car,0 days 00:00:31.494000,0 days 02:22:34.621000,1854.0486111111118,47.0
2023-10-22 20:23:37.094,8199,137,4,4,False,0,car,0 days 00:00:31.734000,0 days 02:22:34.861000,1863.1819444444452,47.0
2023-10-22 20:23:37.374,8281,131,4,28,False,0,car,0 days 00:00:32.014000,0 days 02:22:35.141000,1873.370833333334,47.0
2023-10-22 20:23:37.574,8856,135,4,48,False,0,car,0 days 00:00:32.214000,0 days 02:22:35.341000,1880.8708333333338,47.0
2023-10-22 20:23:37.854,9030,139,4,50,False,0,car,0 days 00:00:32.494000,0 days 02:22:35.621000,1891.681944444445,47.0
2023-10-22 20:23:38.134,9457,147,4,69,False,0,car,0 days 00:00:32.774000,0 days 02:22:35.901000,1903.1152777777784,47.0
2023-10-22 20:23:38.414,9881,155,4,54,False,0,car,0 days 00:00:33.054000,0 days 02:22:36.181000,1915.170833333334,47.0
2023-10-22 20:23:38.574,10088,159,4,54,False,0,car,0 days 00:00:33.214000,0 days 02:22:36.341000,1922.2375000000006,47.0
2023-10-22 20:23:38.814,10106,160,4,52,False,0,car,0 days 00:00:33.454000,0 days 02:22:36.581000,1932.9041666666674,47.0
2023-10-22 20:23:39.014,10194,160,4,59,False,0,car,0 days 00:00:33.654000,0 days 02:22:36.781000,1941.7930555555563,47.0
2023-10-22 20:23:39.294,10618,166,4,72,False,0,car,0 days 00:00:33.934000,0 days 02:22:37.061000,1954.704166666667,47.0
2023-10-22 20:23:39.574,11298,173,4,100,False,0,car,0 days 00:00:34.214000,0 days 02:22:37.341000,1968.1597222222226,47.0
2023-10-22 20:23:39.934,10995,188,4,100,False,0,car,0 days 00:00:34.574000,0 days 02:22:37.701000,1986.9597222222226,47.0
2023-10-22 20:23:40.334,10867,197,5,100,False,0,car,0 days 00:00:34.974000,0 days 02:22:38.101000,2008.8486111111115,47.0
2023-10-22 20:23:40.494,10867,197,5,100,False,0,car,0 days 00:00:35.134000,0 days 02:22:38.261000,2017.6041666666672,47.0
2023-10-22 20:23:40.694,11068,197,5,100,False,0,car,0 days 00:00:35.334000,0 days 02:22:38.461000,2028.5486111111118,47.0
2023-10-22 20:23:40.854,11208,204,5,100,False,0,car,0 days 00:00:35.494000,0 days 02:22:38.621000,2037.6152777777781,47.0
2023-10-22 20:23:41.174,10605,224,5,99,False,0,car,0 days 00:00:35.814000,0 days 02:22:38.941000,2057.5263888888894,47.0
2023-10-22 20:23:41.334,10878,230,6,100,False,0,car,0 days 00:00:35.974000,0 days 02:22:39.101000,2067.7486111111116,47.0
2023-10-22 20:23:41.574,11188,234,6,100,False,0,car,0 days 00:00:36.214000,0 days 02:22:39.341000,2083.3486111111115,47.0
2023-10-22 20:23:41.814,11435,238,6,99,False,0,car,0 days 00:00:36.454000,0 days 02:22:39.581000,2099.2152777777783,47.0
2023-10-22 20:23:42.175,11080,246,6,100,False,0,car,0 days 00:00:36.815000,0 days 02:22:39.942000,2123.8836111111113,47.0
2023-10-22 20:23:42.375,10483,250,6,100,False,0,car,0 days 00:00:37.015000,0 days 02:22:40.142000,2137.7725000000005,47.0
2023-10-22 20:23:42.695,11190,256,7,99,False,0,car,0 days 00:00:37.335000,0 days 02:22:40.462000,2160.528055555556,47.0
2023-10-22 20:23:42.895,10766,257,7,100,False,0,car,0 days 00:00:37.535000,0 days 02:22:40.662000,2174.8058333333333,47.0
2023-10-22 20:23:43.134,10867,262,7,100,False,0,car,0 days 00:00:37.774000,0 days 02:22:40.901000,2192.1997222222226,47.0
2023-10-22 20:23:43.294,11010,264,7,99,False,0,car,0 days 00:00:37.934000,0 days 02:22:41.061000,2203.9330555555557,47.0
2023-10-22 20:23:43.494,11082,266,7,100,False,0,car,0 days 00:00:38.134000,0 days 02:22:41.261000,2218.7108333333335,47.0
2023-10-22 20:23:43.774,11175,270,7,100,False,0,car,0 days 00:00:38.414000,0 days 02:22:41.541000,2239.7108333333335,47.0
2023-10-22 20:23:44.054,11339,272,7,99,False,0,car,0 days 00:00:38.694000,0 days 02:22:41.821000,2260.866388888889,47.0
2023-10-22 20:23:44.254,10796,276,7,99,False,0,car,0 days 00:00:38.894000,0 days 02:22:42.021000,2276.199722222222,47.0
2023-10-22 20:23:44.414,10239,276,7,100,False,0,car,0 days 00:00:39.054000,0 days 02:22:42.181000,2288.466388888889,47.0
2023-10-22 20:23:44.614,10324,280,8,99,False,0,car,0 days 00:00:39.254000,0 days 02:22:42.381000,2304.021944444444,47.0
2023-10-22 20:23:44.894,10427,282,8,100,False,0,car,0 days 00:00:39.534000,0 days 02:22:42.661000,2325.9552777777776,47.0
2023-10-22 20:23:45.254,10529,285,8,99,False,0,car,0 days 00:00:39.894000,0 days 02:22:43.021000,2354.4552777777776,47.0
2023-10-22 20:23:45.454,10333,281,8,0,False,0,car,0 days 00:00:40.094000,0 days 02:22:43.221000,2370.066388888889,47.0
2023-10-22 20:23:45.694,10022,279,8,0,False,0,car,0 days 00:00:40.334000,0 days 02:22:43.461000,2388.6663888888893,47.0
2023-10-22 20:23:45.894,9673,274,8,0,True,0,car,0 days 00:00:40.534000,0 days 02:22:43.661000,2403.888611111111,47.0
2023-10-22 20:23:46.294,9857,225,8,0,True,0,car,0 days 00:00:40.934000,0 days 02:22:44.061000,2428.888611111111,47.0
2023-10-22 20:23:46.494,9572,204,7,0,True,0,car,0 days 00:00:41.134000,0 days 02:22:44.261000,2440.2219444444445,47.0
2023-10-22 20:23:46.694,9548,196,6,0,True,0,car,0 days 00:00:41.334000,0 days 02:22:44.461000,2451.1108333333336,47.0
2023-10-22 20:23:46.934,9612,158,5,0,True,0,car,0 days 00:00:41.574000,0 days 02:22:44.701000,2461.644166666667,47.0
2023-10-22 20:23:47.254,9513,136,5,0,True,0,car,0 days 00:00:41.894000,0 days 02:22:45.021000,2473.733055555556,47.0
2023-10-22 20:23:47.574,8253,116,3,0,True,0,car,0 days 00:00:42.214000,0 days 02:22:45.341000,2484.044166666667,47.0
2023-10-22 20:23:47.734,7401,106,3,0,True,0,car,0 days 00:00:42.374000,0 days 02:22:45.501000,2488.7552777777782,47.0
2023-10-22 20:23:48.855,5262,75,3,0,False,0,car,0 days 00:00:43.495000,0 days 02:22:46.622000,2512.1094444444448,47.0
2023-10-22 20:23:49.175,4995,72,3,0,False,0,car,0 days 00:00:43.815000,0 days 02:22:46.942000,2518.509444444445,47.0
2023-10-22 20:23:49.415,4851,71,3,0,False,0,car,0 days 00:00:44.055000,0 days 02:22:47.182000,2523.2427777777784,47.0
2023-10-22 20:23:49.695,5294,66,3,7,False,0,car,0 days 00:00:44.335000,0 days 02:22:47.462000,2528.3761111111116,47.0
2023-10-22 20:23:50.094,5074,71,3,11,False,0,car,0 days 00:00:44.734000,0 days 02:22:47.861000,2536.2452777777785,47.0
2023-10-22 20:23:50.374,5597,73,3,28,False,0,car,0 days 00:00:45.014000,0 days 02:22:48.141000,2541.9230555555564,47.0
2023-10-22 20:23:50.534,6104,78,3,31,False,0,car,0 days 00:00:45.174000,0 days 02:22:48.301000,2545.389722222223,47.0
2023-10-22 20:23:50.734,6440,83,3,39,False,0,car,0 days 00:00:45.374000,0 days 02:22:48.501000,2550.0008333333344,47.0
2023-10-22 20:23:50.974,6824,89,3,41,False,0,car,0 days 00:00:45.614000,0 days 02:22:48.741000,2555.934166666668,47.0
2023-10-22 20:23:51.174,7297,94,3,42,False,0,car,0 days 00:00:45.814000,0 days 02:22:48.941000,2561.15638888889,47.0
2023-10-22 20:23:51.374,7977,100,3,45,False,0,car,0 days 00:00:46.014000,0 days 02:22:49.141000,2566.7119444444456,47.0
2023-10-22 20:23:51.534,8590,106,3,51,False,0,car,0 days 00:00:46.174000,0 days 02:22:49.301000,2571.423055555557,47.0
2023-10-22 20:23:51.774,8654,113,3,61,False,0,car,0 days 00:00:46.414000,0 days 02:22:49.541000,2578.95638888889,47.0
2023-10-22 20:23:52.134,10426,130,3,74,False,0,car,0 days 00:00:46.774000,0 days 02:22:49.901000,2591.95638888889,47.0
2023-10-22 20:23:52.414,10836,140,3,85,False,0,car,0 days 00:00:47.054000,0 days 02:22:50.181000,2602.8452777777793,47.0
2023-10-22 20:23:52.694,10334,155,3,100,False,0,car,0 days 00:00:47.334000,0 days 02:22:50.461000,2614.900833333335,47.0
2023-10-22 20:23:52.934,10909,165,4,100,False,0,car,0 days 00:00:47.574000,0 days 02:22:50.701000,2625.9008333333345,47.0
2023-10-22 20:23:53.214,11537,179,4,100,False,0,car,0 days 00:00:47.854000,0 days 02:22:50.981000,2639.823055555557,47.0
2023-10-22 20:23:53.454,11006,190,4,100,False,0,car,0 days 00:00:48.094000,0 days 02:22:51.221000,2652.489722222224,47.0
2023-10-22 20:23:53.694,10782,198,5,100,False,0,car,0 days 00:00:48.334000,0 days 02:22:51.461000,2665.689722222224,47.0
2023-10-22 20:23:53.894,11228,205,5,100,False,0,car,0 days 00:00:48.534000,0 days 02:22:51.661000,2677.078611111113,47.0
2023-10-22 20:23:54.054,11486,212,5,100,False,0,car,0 days 00:00:48.694000,0 days 02:22:51.821000,2686.5008333333353,47.0
2023-10-22 20:23:54.294,10866,218,5,100,False,0,car,0 days 00:00:48.934000,0 days 02:22:52.061000,2701.034166666668,47.0
2023-10-22 20:23:54.494,10607,223,5,100,False,0,car,0 days 00:00:49.134000,0 days 02:22:52.261000,2713.4230555555573,47.0
2023-10-22 20:23:54.694,10674,229,6,100,False,0,car,0 days 00:00:49.334000,0 days 02:22:52.461000,2726.14527777778,47.0
2023-10-22 20:23:54.894,11165,234,6,100,False,0,car,0 days 00:00:49.534000,0 days 02:22:52.661000,2739.1452777777795,47.0
2023-10-22 20:23:55.054,11268,238,6,100,False,0,car,0 days 00:00:49.694000,0 days 02:22:52.821000,2749.7230555555575,47.0
2023-10-22 20:23:55.215,11434,238,6,100,False,0,car,0 days 00:00:49.855000,0 days 02:22:52.982000,2760.366944444446,47.0
2023-10-22 20:23:55.575,10434,248,6,100,False,0,car,0 days 00:00:50.215000,0 days 02:22:53.342000,2785.1669444444465,47.0
2023-10-22 20:23:55.815,10581,251,7,100,False,0,car,0 days 00:00:50.455000,0 days 02:22:53.582000,2801.9002777777796,47.0
2023-10-22 20:23:56.095,10761,255,7,100,False,0,car,0 days 00:00:50.735000,0 days 02:22:53.862000,2821.733611111113,47.0
2023-10-22 20:23:56.255,10764,259,7,100,False,0,car,0 days 00:00:50.895000,0 days 02:22:54.022000,2833.2447222222245,47.0
2023-10-22 20:23:56.415,10812,261,7,100,False,0,car,0 days 00:00:51.055000,0 days 02:22:54.182000,2844.8447222222244,47.0
2023-10-22 20:23:56.694,10812,261,7,100,False,0,car,0 days 00:00:51.334000,0 days 02:22:54.461000,2865.072222222225,47.0
2023-10-22 20:23:56.934,11104,269,7,100,False,0,car,0 days 00:00:51.574000,0 days 02:22:54.701000,2883.0055555555577,47.0
2023-10-22 20:23:57.134,11181,270,7,100,False,0,car,0 days 00:00:51.774000,0 days 02:22:54.901000,2898.0055555555577,47.0
2023-10-22 20:23:57.414,11179,271,7,100,False,0,car,0 days 00:00:52.054000,0 days 02:22:55.181000,2919.0833333333358,47.0
2023-10-22 20:23:57.574,11344,272,7,100,False,0,car,0 days 00:00:52.214000,0 days 02:22:55.341000,2931.1722222222243,47.0
2023-10-22 20:23:57.734,11438,276,7,100,False,0,car,0 days 00:00:52.374000,0 days 02:22:55.501000,2943.438888888891,47.0
2023-10-22 20:23:57.934,11533,277,7,100,False,0,car,0 days 00:00:52.574000,0 days 02:22:55.701000,2958.82777777778,47.0
2023-10-22 20:23:58.174,10424,279,7,100,False,0,car,0 days 00:00:52.814000,0 days 02:22:55.941000,2977.42777777778,47.0
2023-10-22 20:23:58.454,10392,282,8,100,False,0,car,0 days 00:00:53.094000,0 days 02:22:56.221000,2999.3611111111136,47.0
2023-10-22 20:23:58.654,10502,283,8,100,False,0,car,0 days 00:00:53.294000,0 days 02:22:56.421000,3015.0833333333353,47.0
2023-10-22 20:23:59.014,10560,284,8,100,False,0,car,0 days 00:00:53.654000,0 days 02:22:56.781000,3043.483333333336,47.0
2023-10-22 20:23:59.374,10597,287,8,100,False,0,car,0 days 00:00:54.014000,0 days 02:22:57.141000,3072.1833333333357,47.0
2023-10-22 20:23:59.574,10605,289,8,100,False,0,car,0 days 00:00:54.214000,0 days 02:22:57.341000,3088.238888888891,47.0
2023-10-22 20:23:59.854,10717,291,8,100,False,0,car,0 days 00:00:54.494000,0 days 02:22:57.621000,3110.872222222224,47.0
2023-10-22 20:24:00.014,10765,291,8,100,False,0,car,0 days 00:00:54.654000,0 days 02:22:57.781000,3123.805555555558,47.0
2023-10-22 20:24:00.294,10790,294,8,100,False,0,car,0 days 00:00:54.934000,0 days 02:22:58.061000,3146.6722222222243,47.0
2023-10-22 20:24:00.494,10827,294,8,100,False,0,car,0 days 00:00:55.134000,0 days 02:22:58.261000,3163.0055555555577,47.0
2023-10-22 20:24:00.934,10914,296,8,100,False,0,car,0 days 00:00:55.574000,0 days 02:22:58.701000,3199.183333333335,47.0
2023-10-22 20:24:01.094,10901,297,8,100,False,0,car,0 days 00:00:55.734000,0 days 02:22:58.861000,3212.3833333333355,47.0
2023-10-22 20:24:01.374,10994,298,8,100,False,0,car,0 days 00:00:56.014000,0 days 02:22:59.141000,3235.5611111111134,47.0
2023-10-22 20:24:01.614,11015,298,8,100,False,0,car,0 days 00:00:56.254000,0 days 02:22:59.381000,3255.4277777777797,47.0
2023-10-22 20:24:01.815,11012,299,8,100,False,0,car,0 days 00:00:56.455000,0 days 02:22:59.582000,3272.1219444444464,47.0
2023-10-22 20:24:02.015,11022,299,8,100,False,0,car,0 days 00:00:56.655000,0 days 02:22:59.782000,3288.7330555555577,47.0
2023-10-22 20:24:02.375,11059,300,8,99,False,0,car,0 days 00:00:57.015000,0 days 02:23:00.142000,3318.7330555555577,47.0
2023-10-22 20:24:02.575,11045,301,8,100,False,0,car,0 days 00:00:57.215000,0 days 02:23:00.342000,3335.4552777777803,47.0
2023-10-22 20:24:03.015,11088,301,8,100,False,0,car,0 days 00:00:57.655000,0 days 02:23:00.782000,3372.244166666669,47.0
2023-10-22 20:24:03.454,11095,302,8,100,False,0,car,0 days 00:00:58.094000,0 days 02:23:01.221000,3409.0713888888913,47.0
2023-10-22 20:24:03.654,11301,302,8,100,False,0,car,0 days 00:00:58.294000,0 days 02:23:01.421000,3425.8491666666687,47.0
2023-10-22 20:24:03.894,11057,301,8,100,False,0,car,0 days 00:00:58.534000,0 days 02:23:01.661000,3445.9158333333353,47.0
2023-10-22 20:24:04.214,11090,302,8,100,False,0,car,0 days 00:00:58.854000,0 days 02:23:01.981000,3472.7602777777797,47.0
2023-10-22 20:24:04.654,11155,301,8,100,False,0,car,0 days 00:00:59.294000,0 days 02:23:02.421000,3509.5491666666685,47.0
2023-10-22 20:24:04.934,11252,300,8,99,False,0,car,0 days 00:00:59.574000,0 days 02:23:02.701000,3532.882500000002,47.0
2023-10-22 20:24:05.254,10669,291,8,0,False,0,car,0 days 00:00:59.894000,0 days 02:23:03.021000,3558.7491666666688,47.0
2023-10-22 20:24:05.534,10270,283,8,0,False,0,car,0 days 00:01:00.174000,0 days 02:23:03.301000,3580.76027777778,47.0
2023-10-22 20:24:05.734,10158,277,8,0,False,0,car,0 days 00:01:00.374000,0 days 02:23:03.501000,3596.1491666666693,47.0
2023-10-22 20:24:06.014,9376,260,8,0,True,0,car,0 days 00:01:00.654000,0 days 02:23:03.781000,3616.3713888888915,47.0
2023-10-22 20:24:06.174,9692,235,8,0,True,0,car,0 days 00:01:00.814000,0 days 02:23:03.941000,3626.815833333336,47.0
2023-10-22 20:24:06.494,8796,195,7,0,True,0,car,0 days 00:01:01.134000,0 days 02:23:04.261000,3644.1491666666693,47.0
2023-10-22 20:24:06.734,9240,161,6,0,True,0,car,0 days 00:01:01.374000,0 days 02:23:04.501000,3654.882500000003,47.0
2023-10-22 20:24:07.134,9235,130,4,0,True,0,car,0 days 00:01:01.774000,0 days 02:23:04.901000,3669.3269444444472,47.0
2023-10-22 20:24:07.334,8647,118,3,0,True,0,car,0 days 00:01:01.974000,0 days 02:23:05.101000,3675.8825000000024,47.0
2023-10-22 20:24:07.654,7585,106,3,0,True,0,car,0 days 00:01:02.294000,0 days 02:23:05.421000,3685.304722222225,47.0
2023-10-22 20:24:07.934,6960,99,3,0,True,0,car,0 days 00:01:02.574000,0 days 02:23:05.701000,3693.0047222222247,47.0
2023-10-22 20:24:08.254,6573,93,3,0,False,0,car,0 days 00:01:02.894000,0 days 02:23:06.021000,3701.2713888888916,47.0
2023-10-22 20:24:08.535,6235,88,3,0,False,0,car,0 days 00:01:03.175000,0 days 02:23:06.302000,3708.1402777777803,47.0
2023-10-22 20:24:08.775,6070,85,3,0,False,0,car,0 days 00:01:03.415000,0 days 02:23:06.542000,3713.806944444447,47.0
2023-10-22 20:24:09.015,6543,84,3,18,False,0,car,0 days 00:01:03.655000,0 days 02:23:06.782000,3719.4069444444467,47.0
2023-10-22 20:24:09.415,7040,90,3,45,False,0,car,0 days 00:01:04.055000,0 days 02:23:07.182000,3729.4069444444467,47.0
2023-10-22 20:24:09.775,8111,103,3,55,False,0,car,0 days 00:01:04.415000,0 days 02:23:07.542000,3739.706944444447,47.0
2023-10-22 20:24:09.935,8360,106,3,55,False,0,car,0 days 00:01:04.575000,0 days 02:23:07.702000,3744.418055555558,47.0
2023-10-22 20:24:10.134,8975,114,3,70,False,0,car,0 days 00:01:04.774000,0 days 02:23:07.901000,3750.719722222225,47.0
2023-10-22 20:24:10.334,9628,127,3,75,False,0,car,0 days 00:01:04.974000,0 days 02:23:08.101000,3757.7752777777805,47.0
2023-10-22 20:24:10.534,10470,138,3,83,False,0,car,0 days 00:01:05.174000,0 days 02:23:08.301000,3765.4419444444475,47.0
2023-10-22 20:24:10.694,10967,143,3,93,False,0,car,0 days 00:01:05.334000,0 days 02:23:08.461000,3771.797500000003,47.0
2023-10-22 20:24:10.894,11528,153,3,100,False,0,car,0 days 00:01:05.534000,0 days 02:23:08.661000,3780.297500000003,47.0
2023-10-22 20:24:11.214,10745,166,4,100,False,0,car,0 days 00:01:05.854000,0 days 02:23:08.981000,3795.053055555558,47.0
2023-10-22 20:24:11.414,10885,175,4,100,False,0,car,0 days 00:01:06.054000,0 days 02:23:09.181000,3804.77527777778,47.0
2023-10-22 20:24:11.654,11477,186,4,100,False,0,car,0 days 00:01:06.294000,0 days 02:23:09.421000,3817.1752777777797,47.0
2023-10-22 20:24:11.974,10520,194,5,100,False,0,car,0 days 00:01:06.614000,0 days 02:23:09.741000,3834.4197222222247,47.0
2023-10-22 20:24:12.214,10853,197,5,0,False,0,car,0 days 00:01:06.854000,0 days 02:23:09.981000,3847.553055555558,47.0
2023-10-22 20:24:12.454,10755,186,5,0,True,0,car,0 days 00:01:07.094000,0 days 02:23:10.221000,3859.9530555555575,47.0
2023-10-22 20:24:12.774,10195,168,4,0,True,0,car,0 days 00:01:07.414000,0 days 02:23:10.541000,3874.8863888888914,47.0
2023-10-22 20:24:12.974,10941,156,4,0,True,0,car,0 days 00:01:07.614000,0 days 02:23:10.741000,3883.5530555555583,47.0
2023-10-22 20:24:13.334,9446,132,3,0,True,0,car,0 days 00:01:07.974000,0 days 02:23:11.101000,3896.753055555558,47.0
2023-10-22 20:24:13.694,8486,119,3,0,True,0,car,0 days 00:01:08.334000,0 days 02:23:11.461000,3908.6530555555582,47.0
2023-10-22 20:24:13.934,7857,111,3,0,True,0,car,0 days 00:01:08.574000,0 days 02:23:11.701000,3916.053055555558,47.0
2023-10-22 20:24:14.294,7238,105,3,0,False,0,car,0 days 00:01:08.934000,0 days 02:23:12.061000,3926.553055555558,47.0
2023-10-22 20:24:14.574,7129,100,3,0,False,0,car,0 days 00:01:09.214000,0 days 02:23:12.341000,3934.3308333333357,47.0
2023-10-22 20:24:14.734,6972,98,3,0,False,0,car,0 days 00:01:09.374000,0 days 02:23:12.501000,3938.686388888891,47.0
2023-10-22 20:24:15.135,6993,94,3,0,False,0,car,0 days 00:01:09.775000,0 days 02:23:12.902000,3949.1569444444467,47.0
2023-10-22 20:24:15.495,6919,93,3,25,False,0,car,0 days 00:01:10.135000,0 days 02:23:13.262000,3958.456944444447,47.0
2023-10-22 20:24:15.815,7354,96,3,32,False,0,car,0 days 00:01:10.455000,0 days 02:23:13.582000,3966.99027777778,47.0
2023-10-22 20:24:16.135,7753,102,3,40,False,0,car,0 days 00:01:10.775000,0 days 02:23:13.902000,3976.0569444444473,47.0
2023-10-22 20:24:16.375,8167,108,3,46,False,0,car,0 days 00:01:11.015000,0 days 02:23:14.142000,3983.256944444447,47.0
2023-10-22 20:24:16.615,8794,114,3,56,False,0,car,0 days 00:01:11.255000,0 days 02:23:14.382000,3990.856944444447,47.0
2023-10-22 20:24:16.894,9706,124,3,63,False,0,car,0 days 00:01:11.534000,0 days 02:23:14.661000,4000.4669444444476,47.0
2023-10-22 20:24:17.094,10097,132,3,72,False,0,car,0 days 00:01:11.734000,0 days 02:23:14.861000,4007.8002777777806,47.0
2023-10-22 20:24:17.294,10797,140,3,91,False,0,car,0 days 00:01:11.934000,0 days 02:23:15.061000,4015.5780555555584,47.0
2023-10-22 20:24:17.534,11367,153,3,100,False,0,car,0 days 00:01:12.174000,0 days 02:23:15.301000,4025.7780555555587,47.0
2023-10-22 20:24:17.734,11087,160,3,100,False,0,car,0 days 00:01:12.374000,0 days 02:23:15.501000,4034.666944444447,47.0
2023-10-22 20:24:18.094,10663,171,4,100,False,0,car,0 days 00:01:12.734000,0 days 02:23:15.861000,4051.766944444447,47.0
2023-10-22 20:24:18.294,10663,177,4,100,False,0,car,0 days 00:01:12.934000,0 days 02:23:16.061000,4061.6002777777803,47.0
2023-10-22 20:24:18.734,10395,188,5,99,False,0,car,0 days 00:01:13.374000,0 days 02:23:16.501000,4084.578055555558,47.0
2023-10-22 20:24:18.894,10463,193,5,90,False,0,car,0 days 00:01:13.534000,0 days 02:23:16.661000,4093.1558333333364,47.0
2023-10-22 20:24:19.054,10637,192,5,90,False,0,car,0 days 00:01:13.694000,0 days 02:23:16.821000,4101.68916666667,47.0
2023-10-22 20:24:19.214,10088,192,5,0,True,0,car,0 days 00:01:13.854000,0 days 02:23:16.981000,4110.222500000003,47.0
2023-10-22 20:24:19.454,9255,171,5,0,True,0,car,0 days 00:01:14.094000,0 days 02:23:17.221000,4121.622500000002,47.0
2023-10-22 20:24:19.774,9729,155,5,0,True,0,car,0 days 00:01:14.414000,0 days 02:23:17.541000,4135.4002777777805,47.0
2023-10-22 20:24:20.014,9919,144,4,0,True,0,car,0 days 00:01:14.654000,0 days 02:23:17.781000,4145.00027777778,47.0
2023-10-22 20:24:20.254,9172,131,3,0,True,0,car,0 days 00:01:14.894000,0 days 02:23:18.021000,4153.7336111111135,47.0
2023-10-22 20:24:20.574,8331,118,3,0,True,0,car,0 days 00:01:15.214000,0 days 02:23:18.341000,4164.222500000003,47.0
2023-10-22 20:24:20.774,7932,116,3,0,True,0,car,0 days 00:01:15.414000,0 days 02:23:18.541000,4170.666944444447,47.0
2023-10-22 20:24:20.934,7721,109,3,0,True,0,car,0 days 00:01:15.574000,0 days 02:23:18.701000,4175.511388888891,47.0
2023-10-22 20:24:21.414,7005,101,3,0,False,0,car,0 days 00:01:16.054000,0 days 02:23:19.181000,4188.978055555558,47.0
2023-10-22 20:24:21.655,6772,96,3,0,False,0,car,0 days 00:01:16.295000,0 days 02:23:19.422000,4195.404722222224,47.0
2023-10-22 20:24:21.815,6632,95,3,0,False,0,car,0 days 00:01:16.455000,0 days 02:23:19.582000,4199.626944444446,47.0
2023-10-22 20:24:22.055,6357,91,3,0,False,0,car,0 days 00:01:16.695000,0 days 02:23:19.822000,4205.693611111113,47.0
2023-10-22 20:24:22.455,6073,85,3,0,False,0,car,0 days 00:01:17.095000,0 days 02:23:20.222000,4215.138055555557,47.0
2023-10-22 20:24:22.695,6206,85,3,5,False,0,car,0 days 00:01:17.335000,0 days 02:23:20.462000,4220.804722222224,47.0
2023-10-22 20:24:22.935,6468,84,3,23,False,0,car,0 days 00:01:17.575000,0 days 02:23:20.702000,4226.404722222224,47.0
2023-10-22 20:24:23.255,6637,89,3,37,False,0,car,0 days 00:01:17.895000,0 days 02:23:21.022000,4234.315833333335,47.0
2023-10-22 20:24:23.454,6957,93,3,42,False,0,car,0 days 00:01:18.094000,0 days 02:23:21.221000,4239.456666666668,47.0
2023-10-22 20:24:23.614,7525,95,3,44,False,0,car,0 days 00:01:18.254000,0 days 02:23:21.381000,4243.6788888888905,47.0
2023-10-22 20:24:23.774,7877,98,3,48,False,0,car,0 days 00:01:18.414000,0 days 02:23:21.541000,4248.034444444446,47.0
2023-10-22 20:24:24.134,8828,115,3,70,False,0,car,0 days 00:01:18.774000,0 days 02:23:21.901000,4259.534444444446,47.0
2023-10-22 20:24:24.414,9651,125,3,80,False,0,car,0 days 00:01:19.054000,0 days 02:23:22.181000,4269.256666666669,47.0
2023-10-22 20:24:24.694,10684,141,3,92,False,0,car,0 days 00:01:19.334000,0 days 02:23:22.461000,4280.223333333336,47.0
2023-10-22 20:24:24.974,11523,152,3,100,False,0,car,0 days 00:01:19.614000,0 days 02:23:22.741000,4292.045555555558,47.0
2023-10-22 20:24:25.214,11103,161,3,100,False,0,car,0 days 00:01:19.854000,0 days 02:23:22.981000,4302.778888888891,47.0
2023-10-22 20:24:25.454,11275,178,4,100,False,0,car,0 days 00:01:20.094000,0 days 02:23:23.221000,4314.645555555558,47.0
2023-10-22 20:24:25.734,10758,187,4,100,False,0,car,0 days 00:01:20.374000,0 days 02:23:23.501000,4329.190000000002,47.0
2023-10-22 20:24:26.134,11007,204,5,100,False,0,car,0 days 00:01:20.774000,0 days 02:23:23.901000,4351.856666666669,47.0
2023-10-22 20:24:26.334,11389,209,5,100,False,0,car,0 days 00:01:20.974000,0 days 02:23:24.101000,4363.467777777781,47.0
2023-10-22 20:24:26.814,10513,216,5,100,False,0,car,0 days 00:01:21.454000,0 days 02:23:24.581000,4392.26777777778,47.0
2023-10-22 20:24:27.054,10633,222,5,100,False,0,car,0 days 00:01:21.694000,0 days 02:23:24.821000,4407.06777777778,47.0
2023-10-22 20:24:27.334,10872,229,6,100,False,0,car,0 days 00:01:21.974000,0 days 02:23:25.101000,4424.878888888891,47.0
2023-10-22 20:24:27.494,10972,231,6,100,False,0,car,0 days 00:01:22.134000,0 days 02:23:25.261000,4435.145555555558,47.0
2023-10-22 20:24:27.854,11180,235,6,100,False,0,car,0 days 00:01:22.494000,0 days 02:23:25.621000,4458.645555555558,47.0
2023-10-22 20:24:28.175,11301,237,6,100,False,0,car,0 days 00:01:22.815000,0 days 02:23:25.942000,4479.778055555557,47.0
2023-10-22 20:24:28.375,11320,238,6,100,False,0,car,0 days 00:01:23.015000,0 days 02:23:26.142000,4493.00027777778,47.0
2023-10-22 20:24:28.655,11374,240,6,100,False,0,car,0 days 00:01:23.295000,0 days 02:23:26.422000,4511.666944444447,47.0
2023-10-22 20:24:28.855,11412,241,6,100,False,0,car,0 days 00:01:23.495000,0 days 02:23:26.622000,4525.055833333336,47.0
2023-10-22 20:24:29.015,11424,241,6,100,False,0,car,0 days 00:01:23.655000,0 days 02:23:26.782000,4535.766944444446,47.0
2023-10-22 20:24:29.255,11478,241,6,100,False,0,car,0 days 00:01:23.895000,0 days 02:23:27.022000,4551.833611111113,47.0
2023-10-22 20:24:29.615,11562,243,6,100,False,0,car,0 days 00:01:24.255000,0 days 02:23:27.382000,4576.133611111113,47.0
2023-10-22 20:24:29.815,10722,242,7,100,False,0,car,0 days 00:01:24.455000,0 days 02:23:27.582000,4589.5780555555575,47.0
2023-10-22 20:24:30.055,10275,244,7,100,False,0,car,0 days 00:01:24.695000,0 days 02:23:27.822000,4605.844722222224,47.0
2023-10-22 20:24:30.494,10240,246,7,100,False,0,car,0 days 00:01:25.134000,0 days 02:23:28.261000,4635.843055555558,47.0
2023-10-22 20:24:30.694,10287,247,7,100,False,0,car,0 days 00:01:25.334000,0 days 02:23:28.461000,4649.5652777777805,47.0
2023-10-22 20:24:31.134,10499,250,7,100,False,0,car,0 days 00:01:25.774000,0 days 02:23:28.901000,4680.120833333336,47.0
2023-10-22 20:24:31.454,10552,251,7,100,False,0,car,0 days 00:01:26.094000,0 days 02:23:29.221000,4702.431944444446,47.0
2023-10-22 20:24:31.734,10626,252,7,100,False,0,car,0 days 00:01:26.374000,0 days 02:23:29.501000,4722.031944444447,47.0
2023-10-22 20:24:31.894,10504,254,7,100,False,0,car,0 days 00:01:26.534000,0 days 02:23:29.661000,4733.320833333336,47.0
2023-10-22 20:24:32.094,10602,256,7,100,False,0,car,0 days 00:01:26.734000,0 days 02:23:29.861000,4747.543055555558,47.0
2023-10-22 20:24:33.254,10960,263,7,99,False,0,car,0 days 00:01:27.894000,0 days 02:23:31.021000,4832.287500000003,47.0
2023-10-22 20:24:33.534,10917,265,7,100,False,0,car,0 days 00:01:28.174000,0 days 02:23:31.301000,4852.898611111114,47.0
2023-10-22 20:24:33.774,10754,259,7,0,True,0,car,0 days 00:01:28.414000,0 days 02:23:31.541000,4870.165277777781,47.0
2023-10-22 20:24:34.214,10481,232,7,0,True,0,car,0 days 00:01:28.854000,0 days 02:23:31.981000,4898.520833333337,47.0
2023-10-22 20:24:34.374,10190,225,7,0,True,0,car,0 days 00:01:29.014000,0 days 02:23:32.141000,4908.520833333337,47.0
2023-10-22 20:24:34.655,10633,203,6,0,True,0,car,0 days 00:01:29.295000,0 days 02:23:32.422000,4924.366111111115,47.0
2023-10-22 20:24:34.935,10209,193,5,0,True,0,car,0 days 00:01:29.575000,0 days 02:23:32.702000,4939.377222222226,47.0
2023-10-22 20:24:35.255,10000,185,5,12,False,0,car,0 days 00:01:29.895000,0 days 02:23:33.022000,4955.82166666667,47.0
2023-10-22 20:24:35.535,10000,183,5,25,False,0,car,0 days 00:01:30.175000,0 days 02:23:33.302000,4970.055000000004,47.0
2023-10-22 20:24:35.815,10189,183,5,57,False,0,car,0 days 00:01:30.455000,0 days 02:23:33.582000,4984.2883333333375,47.0
2023-10-22 20:24:36.215,10559,192,5,78,False,0,car,0 days 00:01:30.855000,0 days 02:23:33.982000,5005.621666666671,47.0
2023-10-22 20:24:36.375,11286,197,5,96,False,0,car,0 days 00:01:31.015000,0 days 02:23:34.142000,5014.377222222227,47.0
2023-10-22 20:24:36.655,11299,204,5,100,False,0,car,0 days 00:01:31.295000,0 days 02:23:34.422000,5030.243888888894,47.0
2023-10-22 20:24:37.094,10699,212,5,100,False,0,car,0 days 00:01:31.734000,0 days 02:23:34.861000,5056.0961111111155,47.0
2023-10-22 20:24:37.334,10349,219,5,100,False,0,car,0 days 00:01:31.974000,0 days 02:23:35.101000,5070.696111111116,47.0
2023-10-22 20:24:37.534,10552,222,6,100,False,0,car,0 days 00:01:32.174000,0 days 02:23:35.301000,5083.02944444445,47.0
2023-10-22 20:24:37.934,10782,229,6,100,False,0,car,0 days 00:01:32.574000,0 days 02:23:35.701000,5108.473888888894,47.0
2023-10-22 20:24:38.174,10953,233,6,100,False,0,car,0 days 00:01:32.814000,0 days 02:23:35.941000,5124.007222222227,47.0
2023-10-22 20:24:38.334,11076,235,6,98,False,0,car,0 days 00:01:32.974000,0 days 02:23:36.101000,5134.451666666672,47.0
2023-10-22 20:24:38.494,11190,235,6,100,False,0,car,0 days 00:01:33.134000,0 days 02:23:36.261000,5144.896111111117,47.0
2023-10-22 20:24:38.694,11197,235,6,73,True,0,car,0 days 00:01:33.334000,0 days 02:23:36.461000,5157.951666666672,47.0
2023-10-22 20:24:38.854,10111,216,6,0,True,0,car,0 days 00:01:33.494000,0 days 02:23:36.621000,5167.551666666672,47.0
2023-10-22 20:24:39.054,11041,193,6,0,True,0,car,0 days 00:01:33.694000,0 days 02:23:36.821000,5178.273888888894,47.0
2023-10-22 20:24:39.254,10149,175,6,0,True,0,car,0 days 00:01:33.894000,0 days 02:23:37.021000,5187.996111111117,47.0
2023-10-22 20:24:39.494,9449,175,4,0,True,0,car,0 days 00:01:34.134000,0 days 02:23:37.261000,5199.662777777783,47.0
2023-10-22 20:24:39.654,10569,141,4,0,True,0,car,0 days 00:01:34.294000,0 days 02:23:37.421000,5205.9294444444495,47.0
2023-10-22 20:24:39.854,9578,129,3,0,True,0,car,0 days 00:01:34.494000,0 days 02:23:37.621000,5213.096111111116,47.0
2023-10-22 20:24:40.134,8348,120,3,0,True,0,car,0 days 00:01:34.774000,0 days 02:23:37.901000,5222.4294444444495,47.0
2023-10-22 20:24:40.334,7914,112,3,0,True,0,car,0 days 00:01:34.974000,0 days 02:23:38.101000,5228.651666666672,47.0
2023-10-22 20:24:40.494,7918,111,3,0,False,0,car,0 days 00:01:35.134000,0 days 02:23:38.261000,5233.5850000000055,47.0
2023-10-22 20:24:40.814,7328,107,3,0,True,0,car,0 days 00:01:35.454000,0 days 02:23:38.581000,5243.096111111116,47.0
2023-10-22 20:24:41.014,7142,106,3,0,False,0,car,0 days 00:01:35.654000,0 days 02:23:38.781000,5248.985000000005,47.0
2023-10-22 20:24:41.174,7086,100,3,0,False,0,car,0 days 00:01:35.814000,0 days 02:23:38.941000,5253.4294444444495,47.0
2023-10-22 20:24:41.415,7120,95,3,10,False,0,car,0 days 00:01:36.055000,0 days 02:23:39.182000,5259.789166666672,47.0
2023-10-22 20:24:41.815,7219,95,3,28,False,0,car,0 days 00:01:36.455000,0 days 02:23:39.582000,5270.344722222228,47.0
2023-10-22 20:24:42.135,7675,100,3,38,False,0,car,0 days 00:01:36.775000,0 days 02:23:39.902000,5279.233611111116,47.0
2023-10-22 20:24:42.375,8042,104,3,47,False,0,car,0 days 00:01:37.015000,0 days 02:23:40.142000,5286.16694444445,47.0
2023-10-22 20:24:42.575,8561,110,3,55,False,0,car,0 days 00:01:37.215000,0 days 02:23:40.342000,5292.278055555561,47.0
2023-10-22 20:24:42.815,9289,113,3,62,False,0,car,0 days 00:01:37.455000,0 days 02:23:40.582000,5299.811388888894,47.0
2023-10-22 20:24:43.095,9714,129,3,76,False,0,car,0 days 00:01:37.735000,0 days 02:23:40.862000,5309.844722222228,47.0
2023-10-22 20:24:43.455,11401,147,3,95,False,0,car,0 days 00:01:38.095000,0 days 02:23:41.222000,5324.544722222227,47.0
2023-10-22 20:24:43.694,10636,157,3,100,False,0,car,0 days 00:01:38.334000,0 days 02:23:41.461000,5334.967777777783,47.0
2023-10-22 20:24:44.134,11286,179,4,99,False,0,car,0 days 00:01:38.774000,0 days 02:23:41.901000,5356.845555555561,47.0
2023-10-22 20:24:44.294,11550,183,4,100,False,0,car,0 days 00:01:38.934000,0 days 02:23:42.061000,5364.978888888894,47.0
2023-10-22 20:24:44.574,10759,191,4,100,False,0,car,0 days 00:01:39.214000,0 days 02:23:42.341000,5379.83444444445,47.0
2023-10-22 20:24:44.774,10986,198,5,100,False,0,car,0 days 00:01:39.414000,0 days 02:23:42.541000,5390.83444444445,47.0
2023-10-22 20:24:45.014,11447,207,5,100,False,0,car,0 days 00:01:39.654000,0 days 02:23:42.781000,5404.634444444449,47.0
2023-10-22 20:24:45.334,11881,218,5,100,False,0,car,0 days 00:00:00.020000,0 days 02:23:43.101000,1.2111111111111112,48.0
2023-10-22 20:24:45.494,11881,221,6,100,False,0,car,0 days 00:00:00.180000,0 days 02:23:43.261000,11.033333333333331,48.0
2023-10-22 20:24:45.654,10823,225,6,100,False,0,car,0 days 00:00:00.340000,0 days 02:23:43.421000,21.03333333333333,48.0
2023-10-22 20:24:45.814,10915,228,6,100,False,0,car,0 days 00:00:00.500000,0 days 02:23:43.581000,31.166666666666664,48.0
2023-10-22 20:24:46.174,11208,237,6,100,False,0,car,0 days 00:00:00.860000,0 days 02:23:43.941000,54.86666666666666,48.0
2023-10-22 20:24:46.374,11446,241,6,100,False,0,car,0 days 00:00:01.060000,0 days 02:23:44.141000,68.25555555555556,48.0
2023-10-22 20:24:46.614,11661,244,6,100,False,0,car,0 days 00:00:01.300000,0 days 02:23:44.381000,84.52222222222223,48.0
2023-10-22 20:24:46.934,10681,251,6,100,False,0,car,0 days 00:00:01.620000,0 days 02:23:44.701000,106.83333333333334,48.0
2023-10-22 20:24:47.134,10432,254,7,100,False,0,car,0 days 00:00:01.820000,0 days 02:23:44.901000,120.94444444444446,48.0
2023-10-22 20:24:47.374,10670,257,7,100,False,0,car,0 days 00:00:02.060000,0 days 02:23:45.141000,138.07777777777778,48.0
2023-10-22 20:24:47.614,10805,260,7,100,False,0,car,0 days 00:00:02.300000,0 days 02:23:45.381000,155.4111111111111,48.0
2023-10-22 20:24:47.935,10991,265,7,100,False,0,car,0 days 00:00:02.621000,0 days 02:23:45.702000,179.0402777777778,48.0
2023-10-22 20:24:48.095,11077,265,7,100,False,0,car,0 days 00:00:02.781000,0 days 02:23:45.862000,190.8180555555556,48.0
2023-10-22 20:24:48.335,11147,269,7,100,False,0,car,0 days 00:00:03.021000,0 days 02:23:46.102000,208.7513888888889,48.0
2023-10-22 20:24:48.535,11239,271,7,100,False,0,car,0 days 00:00:03.221000,0 days 02:23:46.302000,223.80694444444447,48.0
2023-10-22 20:24:48.855,11361,273,7,100,False,0,car,0 days 00:00:03.541000,0 days 02:23:46.622000,248.07361111111112,48.0
2023-10-22 20:24:49.055,11343,276,7,100,False,0,car,0 days 00:00:03.741000,0 days 02:23:46.822000,263.4069444444445,48.0
2023-10-22 20:24:49.335,11622,278,7,100,False,0,car,0 days 00:00:04.021000,0 days 02:23:47.102000,285.0291666666667,48.0
2023-10-22 20:24:49.655,10502,279,7,100,False,0,car,0 days 00:00:04.341000,0 days 02:23:47.422000,309.8291666666667,48.0
2023-10-22 20:24:49.975,10419,282,8,99,False,0,car,0 days 00:00:04.661000,0 days 02:23:47.742000,334.8958333333333,48.0
2023-10-22 20:24:50.215,10511,283,8,100,False,0,car,0 days 00:00:04.901000,0 days 02:23:47.982000,353.7625,48.0
2023-10-22 20:24:50.494,10439,284,8,100,False,0,car,0 days 00:00:05.180000,0 days 02:23:48.261000,375.7725,48.0
2023-10-22 20:24:50.654,10462,284,8,100,False,0,car,0 days 00:00:05.340000,0 days 02:23:48.421000,388.3947222222222,48.0
2023-10-22 20:24:51.014,10457,284,8,100,False,0,car,0 days 00:00:05.700000,0 days 02:23:48.781000,416.7947222222222,48.0
2023-10-22 20:24:51.494,10423,283,8,100,False,0,car,0 days 00:00:06.180000,0 days 02:23:49.261000,454.5280555555555,48.0
2023-10-22 20:24:51.694,10730,283,8,100,False,0,car,0 days 00:00:06.380000,0 days 02:23:49.461000,470.25027777777774,48.0
2023-10-22 20:24:51.974,10494,280,8,99,True,0,car,0 days 00:00:06.660000,0 days 02:23:49.741000,492.0280555555555,48.0
2023-10-22 20:24:52.254,10106,270,8,0,False,0,car,0 days 00:00:06.940000,0 days 02:23:50.021000,513.0280555555555,48.0
2023-10-22 20:24:52.574,9468,270,8,0,True,0,car,0 days 00:00:07.260000,0 days 02:23:50.341000,537.0280555555555,48.0
2023-10-22 20:24:52.894,9365,216,7,0,True,0,car,0 days 00:00:07.580000,0 days 02:23:50.661000,556.2280555555556,48.0
2023-10-22 20:24:53.214,8682,184,7,0,True,0,car,0 days 00:00:07.900000,0 days 02:23:50.981000,572.5836111111112,48.0
2023-10-22 20:24:53.494,8560,168,5,0,True,0,car,0 days 00:00:08.180000,0 days 02:23:51.261000,585.6502777777778,48.0
2023-10-22 20:24:53.694,8690,143,4,0,True,0,car,0 days 00:00:08.380000,0 days 02:23:51.461000,593.5947222222222,48.0
2023-10-22 20:24:53.854,7894,131,4,0,True,0,car,0 days 00:00:08.540000,0 days 02:23:51.621000,599.4169444444444,48.0
2023-10-22 20:24:54.174,7926,115,3,0,True,0,car,0 days 00:00:08.860000,0 days 02:23:51.941000,609.6391666666667,48.0
2023-10-22 20:24:54.575,6983,99,3,0,True,0,car,0 days 00:00:09.261000,0 days 02:23:52.342000,620.6666666666667,48.0
2023-10-22 20:24:54.815,6449,93,3,0,True,0,car,0 days 00:00:09.501000,0 days 02:23:52.582000,626.8666666666668,48.0
2023-10-22 20:24:54.975,6063,87,3,0,True,0,car,0 days 00:00:09.661000,0 days 02:23:52.742000,630.7333333333335,48.0
2023-10-22 20:24:55.215,5690,84,3,0,True,0,car,0 days 00:00:09.901000,0 days 02:23:52.982000,636.3333333333335,48.0
2023-10-22 20:24:55.375,5539,81,3,0,False,0,car,0 days 00:00:10.061000,0 days 02:23:53.142000,639.9333333333335,48.0
2023-10-22 20:24:55.815,5864,75,3,11,False,0,car,0 days 00:00:10.501000,0 days 02:23:53.582000,649.1000000000001,48.0
2023-10-22 20:24:56.255,5969,81,3,32,False,0,car,0 days 00:00:10.941000,0 days 02:23:54.022000,659.0000000000001,48.0
2023-10-22 20:24:56.615,6751,86,3,40,False,0,car,0 days 00:00:11.301000,0 days 02:23:54.382000,667.6000000000001,48.0
2023-10-22 20:24:56.775,7052,92,3,41,False,0,car,0 days 00:00:11.461000,0 days 02:23:54.542000,671.688888888889,48.0
2023-10-22 20:24:57.094,7725,100,3,46,False,0,car,0 days 00:00:11.780000,0 days 02:23:54.861000,680.5500000000001,48.0
2023-10-22 20:24:57.494,8704,113,3,59,False,0,car,0 days 00:00:12.180000,0 days 02:23:55.261000,693.1055555555556,48.0
2023-10-22 20:24:57.654,9260,120,3,60,False,0,car,0 days 00:00:12.340000,0 days 02:23:55.421000,698.438888888889,48.0
2023-10-22 20:24:57.814,9643,124,3,63,False,0,car,0 days 00:00:12.500000,0 days 02:23:55.581000,703.95,48.0
2023-10-22 20:24:58.014,10221,132,3,71,False,0,car,0 days 00:00:12.700000,0 days 02:23:55.781000,711.2833333333333,48.0
2023-10-22 20:24:58.214,10865,141,3,85,False,0,car,0 days 00:00:12.900000,0 days 02:23:55.981000,719.1166666666667,48.0
2023-10-22 20:24:58.494,11318,157,3,99,False,0,car,0 days 00:00:13.180000,0 days 02:23:56.261000,731.3277777777778,48.0
2023-10-22 20:24:58.734,10829,172,4,99,False,0,car,0 days 00:00:13.420000,0 days 02:23:56.501000,742.7944444444445,48.0
2023-10-22 20:24:58.934,11497,180,4,99,False,0,car,0 days 00:00:13.620000,0 days 02:23:56.701000,752.7944444444445,48.0
2023-10-22 20:24:59.214,10870,188,4,100,False,0,car,0 days 00:00:13.900000,0 days 02:23:56.981000,767.4166666666667,48.0
2023-10-22 20:24:59.534,11148,205,5,100,False,0,car,0 days 00:00:14.220000,0 days 02:23:57.301000,785.638888888889,48.0
2023-10-22 20:24:59.774,11516,211,5,99,False,0,car,0 days 00:00:14.460000,0 days 02:23:57.541000,799.7055555555557,48.0
2023-10-22 20:24:59.934,11350,217,5,99,False,0,car,0 days 00:00:14.620000,0 days 02:23:57.701000,809.3500000000001,48.0
2023-10-22 20:25:00.094,10567,220,5,100,False,0,car,0 days 00:00:14.780000,0 days 02:23:57.861000,819.127777777778,48.0
2023-10-22 20:25:00.414,11285,225,6,99,False,0,car,0 days 00:00:15.100000,0 days 02:23:58.181000,839.127777777778,48.0
2023-10-22 20:25:00.574,11027,229,6,99,False,0,car,0 days 00:00:15.260000,0 days 02:23:58.341000,849.3055555555558,48.0
2023-10-22 20:25:00.774,11169,233,6,100,False,0,car,0 days 00:00:15.460000,0 days 02:23:58.541000,862.2500000000002,48.0
2023-10-22 20:25:01.215,11484,242,6,100,False,0,car,0 days 00:00:15.901000,0 days 02:23:58.982000,891.8950000000002,48.0
2023-10-22 20:25:01.375,11672,245,6,99,False,0,car,0 days 00:00:16.061000,0 days 02:23:59.142000,902.7838888888891,48.0
2023-10-22 20:25:01.615,10852,248,6,100,False,0,car,0 days 00:00:16.301000,0 days 02:23:59.382000,919.3172222222223,48.0
2023-10-22 20:25:01.815,10515,250,7,99,False,0,car,0 days 00:00:16.501000,0 days 02:23:59.582000,933.2061111111115,48.0
2023-10-22 20:25:02.255,10666,257,7,99,False,0,car,0 days 00:00:16.941000,0 days 02:24:00.022000,964.6172222222224,48.0
2023-10-22 20:25:02.495,10837,259,7,100,False,0,car,0 days 00:00:17.181000,0 days 02:24:00.262000,981.8838888888891,48.0
2023-10-22 20:25:02.775,10958,263,7,100,False,0,car,0 days 00:00:17.461000,0 days 02:24:00.542000,1002.3394444444446,48.0
2023-10-22 20:25:03.095,11046,266,7,99,False,0,car,0 days 00:00:17.781000,0 days 02:24:00.862000,1025.983888888889,48.0
2023-10-22 20:25:03.255,11154,268,7,100,False,0,car,0 days 00:00:17.941000,0 days 02:24:01.022000,1037.895,48.0
2023-10-22 20:25:03.535,11272,272,7,100,False,0,car,0 days 00:00:18.221000,0 days 02:24:01.302000,1059.0505555555555,48.0
2023-10-22 20:25:03.695,11321,272,7,100,False,0,car,0 days 00:00:18.381000,0 days 02:24:01.462000,1071.1394444444445,48.0
2023-10-22 20:25:03.894,11420,274,7,99,False,0,car,0 days 00:00:18.580000,0 days 02:24:01.661000,1086.2855555555554,48.0
2023-10-22 20:25:04.094,11481,274,7,99,False,0,car,0 days 00:00:18.780000,0 days 02:24:01.861000,1101.5077777777778,48.0
2023-10-22 20:25:04.294,11484,273,7,100,False,0,car,0 days 00:00:18.980000,0 days 02:24:02.061000,1116.6744444444444,48.0
2023-10-22 20:25:04.494,11421,274,7,100,False,0,car,0 days 00:00:19.180000,0 days 02:24:02.261000,1131.8966666666665,48.0
2023-10-22 20:25:04.694,11453,274,7,99,False,0,car,0 days 00:00:19.380000,0 days 02:24:02.461000,1147.1188888888887,48.0
2023-10-22 20:25:04.934,11530,276,7,100,False,0,car,0 days 00:00:19.620000,0 days 02:24:02.701000,1165.5188888888888,48.0
2023-10-22 20:25:05.094,12230,273,7,99,False,0,car,0 days 00:00:19.780000,0 days 02:24:02.861000,1177.6522222222222,48.0
2023-10-22 20:25:05.254,11110,270,7,99,False,0,car,0 days 00:00:19.940000,0 days 02:24:03.021000,1189.6522222222222,48.0
2023-10-22 20:25:05.454,10827,271,7,12,True,0,car,0 days 00:00:20.140000,0 days 02:24:03.221000,1204.7077777777777,48.0
2023-10-22 20:25:05.694,10203,254,7,0,True,0,car,0 days 00:00:20.380000,0 days 02:24:03.461000,1221.6411111111108,48.0
2023-10-22 20:25:06.054,9766,240,7,4,False,0,car,0 days 00:00:20.740000,0 days 02:24:03.821000,1245.6411111111108,48.0
2023-10-22 20:25:06.214,9705,239,7,16,False,0,car,0 days 00:00:20.900000,0 days 02:24:03.981000,1256.263333333333,48.0
2023-10-22 20:25:06.414,9677,235,7,46,False,0,car,0 days 00:00:21.100000,0 days 02:24:04.181000,1269.3188888888888,48.0
2023-10-22 20:25:06.774,9563,228,7,7,True,0,car,0 days 00:00:21.460000,0 days 02:24:04.541000,1292.1188888888887,48.0
2023-10-22 20:25:06.934,9954,218,7,0,True,0,car,0 days 00:00:21.620000,0 days 02:24:04.701000,1301.8077777777776,48.0
2023-10-22 20:25:07.174,9671,209,6,1,True,0,car,0 days 00:00:21.860000,0 days 02:24:04.941000,1315.7411111111107,48.0
2023-10-22 20:25:07.494,9523,201,6,30,False,0,car,0 days 00:00:22.180000,0 days 02:24:05.261000,1333.6077777777775,48.0
2023-10-22 20:25:07.695,9379,200,6,38,False,0,car,0 days 00:00:22.381000,0 days 02:24:05.462000,1344.7744444444443,48.0
2023-10-22 20:25:08.015,9705,200,6,50,False,0,car,0 days 00:00:22.701000,0 days 02:24:05.782000,1362.552222222222,48.0
2023-10-22 20:25:08.415,10045,204,6,78,False,0,car,0 days 00:00:23.101000,0 days 02:24:06.182000,1385.2188888888886,48.0
2023-10-22 20:25:08.655,10068,209,6,91,False,0,car,0 days 00:00:23.341000,0 days 02:24:06.422000,1399.152222222222,48.0
2023-10-22 20:25:08.935,9835,213,6,21,True,0,car,0 days 00:00:23.621000,0 days 02:24:06.702000,1415.7188888888886,48.0
2023-10-22 20:25:09.215,10327,203,6,1,True,0,car,0 days 00:00:23.901000,0 days 02:24:06.982000,1431.5077777777776,48.0
2023-10-22 20:25:09.495,10349,195,5,14,False,0,car,0 days 00:00:24.181000,0 days 02:24:07.262000,1446.6744444444444,48.0
2023-10-22 20:25:09.655,10430,191,5,29,False,0,car,0 days 00:00:24.341000,0 days 02:24:07.422000,1455.1633333333332,48.0
2023-10-22 20:25:09.975,10380,191,5,51,False,0,car,0 days 00:00:24.661000,0 days 02:24:07.742000,1472.141111111111,48.0
2023-10-22 20:25:10.175,10473,191,5,55,False,0,car,0 days 00:00:24.861000,0 days 02:24:07.942000,1482.7522222222221,48.0
2023-10-22 20:25:10.375,10753,195,5,67,False,0,car,0 days 00:00:25.061000,0 days 02:24:08.142000,1493.5855555555554,48.0
2023-10-22 20:25:10.814,10854,198,5,64,False,0,car,0 days 00:00:25.500000,0 days 02:24:08.581000,1517.7305555555554,48.0
2023-10-22 20:25:11.014,11071,200,5,56,False,0,car,0 days 00:00:25.700000,0 days 02:24:08.781000,1528.8416666666665,48.0
2023-10-22 20:25:11.174,10905,201,5,56,False,0,car,0 days 00:00:25.860000,0 days 02:24:08.941000,1537.7749999999999,48.0
2023-10-22 20:25:11.614,10947,200,5,55,False,0,car,0 days 00:00:26.300000,0 days 02:24:09.381000,1562.2194444444444,48.0
2023-10-22 20:25:11.854,11110,202,5,55,False,0,car,0 days 00:00:26.540000,0 days 02:24:09.621000,1575.686111111111,48.0
2023-10-22 20:25:12.254,11088,204,5,61,False,0,car,0 days 00:00:26.940000,0 days 02:24:10.021000,1598.3527777777776,48.0
2023-10-22 20:25:12.654,11450,209,5,71,False,0,car,0 days 00:00:27.340000,0 days 02:24:10.421000,1621.5749999999998,48.0
2023-10-22 20:25:12.934,10756,204,5,2,True,0,car,0 days 00:00:27.620000,0 days 02:24:10.701000,1637.4416666666666,48.0
2023-10-22 20:25:13.214,10160,195,5,0,True,0,car,0 days 00:00:27.900000,0 days 02:24:10.981000,1652.6083333333331,48.0
2023-10-22 20:25:13.414,9917,189,5,0,True,0,car,0 days 00:00:28.100000,0 days 02:24:11.181000,1663.1083333333333,48.0
2023-10-22 20:25:13.614,9624,183,5,1,False,0,car,0 days 00:00:28.300000,0 days 02:24:11.381000,1673.275,48.0
2023-10-22 20:25:13.774,9504,181,5,1,False,0,car,0 days 00:00:28.460000,0 days 02:24:11.541000,1681.3194444444446,48.0
2023-10-22 20:25:14.135,8933,169,5,0,False,0,car,0 days 00:00:28.821000,0 days 02:24:11.902000,1698.266388888889,48.0
2023-10-22 20:25:14.495,8815,166,5,8,False,0,car,0 days 00:00:29.181000,0 days 02:24:12.262000,1714.8663888888889,48.0
2023-10-22 20:25:14.775,8550,161,5,19,False,0,car,0 days 00:00:29.461000,0 days 02:24:12.542000,1727.388611111111,48.0
2023-10-22 20:25:15.175,8545,158,5,28,False,0,car,0 days 00:00:29.861000,0 days 02:24:12.942000,1744.9441666666667,48.0
2023-10-22 20:25:15.335,8627,158,5,36,False,0,car,0 days 00:00:30.021000,0 days 02:24:13.102000,1751.9663888888888,48.0
2023-10-22 20:25:15.575,8760,160,5,42,False,0,car,0 days 00:00:30.261000,0 days 02:24:13.342000,1762.6330555555553,48.0
2023-10-22 20:25:15.775,8879,162,5,51,False,0,car,0 days 00:00:30.461000,0 days 02:24:13.542000,1771.6330555555553,48.0
2023-10-22 20:25:16.015,8921,165,5,56,False,0,car,0 days 00:00:30.701000,0 days 02:24:13.782000,1782.6330555555553,48.0
2023-10-22 20:25:16.375,8801,155,5,0,True,0,car,0 days 00:00:31.061000,0 days 02:24:14.142000,1798.1330555555553,48.0
2023-10-22 20:25:16.535,8808,147,5,0,True,0,car,0 days 00:00:31.221000,0 days 02:24:14.302000,1804.6663888888886,48.0
2023-10-22 20:25:16.775,8539,141,4,0,True,0,car,0 days 00:00:31.461000,0 days 02:24:14.542000,1814.0663888888885,48.0
2023-10-22 20:25:16.975,8176,136,4,3,True,0,car,0 days 00:00:31.661000,0 days 02:24:14.742000,1821.6219444444441,48.0
2023-10-22 20:25:17.414,7818,129,4,7,False,0,car,0 days 00:00:32.100000,0 days 02:24:15.181000,1837.3527777777774,48.0
2023-10-22 20:25:17.574,7843,126,4,8,False,0,car,0 days 00:00:32.260000,0 days 02:24:15.341000,1842.9527777777773,48.0
2023-10-22 20:25:17.814,7589,123,4,15,False,0,car,0 days 00:00:32.500000,0 days 02:24:15.581000,1851.1527777777774,48.0
2023-10-22 20:25:18.254,7620,120,4,23,False,0,car,0 days 00:00:32.940000,0 days 02:24:16.021000,1865.819444444444,48.0
2023-10-22 20:25:18.414,7685,120,4,29,False,0,car,0 days 00:00:33.100000,0 days 02:24:16.181000,1871.1527777777774,48.0
2023-10-22 20:25:18.654,7719,121,4,30,False,0,car,0 days 00:00:33.340000,0 days 02:24:16.421000,1879.2194444444442,48.0
2023-10-22 20:25:18.814,7665,122,4,30,False,0,car,0 days 00:00:33.500000,0 days 02:24:16.581000,1884.6416666666664,48.0
2023-10-22 20:25:19.134,7879,124,4,36,False,0,car,0 days 00:00:33.820000,0 days 02:24:16.901000,1895.6638888888886,48.0
2023-10-22 20:25:19.414,8079,126,4,41,False,0,car,0 days 00:00:34.100000,0 days 02:24:17.181000,1905.4638888888885,48.0
2023-10-22 20:25:19.614,8334,128,4,51,False,0,car,0 days 00:00:34.300000,0 days 02:24:17.381000,1912.5749999999994,48.0
2023-10-22 20:25:19.934,8439,138,4,50,False,0,car,0 days 00:00:34.620000,0 days 02:24:17.701000,1924.841666666666,48.0
2023-10-22 20:25:20.174,8178,137,4,20,False,0,car,0 days 00:00:34.860000,0 days 02:24:17.941000,1933.9749999999995,48.0
2023-10-22 20:25:20.374,8394,134,4,8,False,0,car,0 days 00:00:35.060000,0 days 02:24:18.141000,1941.419444444444,48.0
2023-10-22 20:25:20.694,7992,129,4,12,False,0,car,0 days 00:00:35.380000,0 days 02:24:18.461000,1952.8861111111107,48.0
2023-10-22 20:25:20.935,7917,128,4,15,False,0,car,0 days 00:00:35.621000,0 days 02:24:18.702000,1961.4549999999997,48.0
2023-10-22 20:25:21.215,7891,126,4,23,False,0,car,0 days 00:00:35.901000,0 days 02:24:18.982000,1971.2549999999997,48.0
2023-10-22 20:25:21.455,7986,127,4,27,False,0,car,0 days 00:00:36.141000,0 days 02:24:19.222000,1979.7216666666661,48.0
2023-10-22 20:25:21.695,8085,127,4,41,False,0,car,0 days 00:00:36.381000,0 days 02:24:19.462000,1988.1883333333328,48.0
2023-10-22 20:25:21.895,8310,129,4,48,False,0,car,0 days 00:00:36.581000,0 days 02:24:19.662000,1995.3549999999996,48.0
2023-10-22 20:25:22.135,8785,135,4,61,False,0,car,0 days 00:00:36.821000,0 days 02:24:19.902000,2004.3549999999993,48.0
2023-10-22 20:25:22.295,9430,137,4,61,False,0,car,0 days 00:00:36.981000,0 days 02:24:20.062000,2010.4438888888883,48.0
2023-10-22 20:25:22.615,9769,137,4,67,False,0,car,0 days 00:00:37.301000,0 days 02:24:20.382000,2022.621666666666,48.0
2023-10-22 20:25:23.295,11716,175,4,100,False,0,car,0 days 00:00:37.981000,0 days 02:24:21.062000,2055.6772222222216,48.0
2023-10-22 20:25:23.455,11692,183,4,100,False,0,car,0 days 00:00:38.141000,0 days 02:24:21.222000,2063.810555555555,48.0
2023-10-22 20:25:23.775,10711,195,4,99,False,0,car,0 days 00:00:38.461000,0 days 02:24:21.542000,2081.1438888888883,48.0
2023-10-22 20:25:24.174,11561,207,5,82,False,0,car,0 days 00:00:38.860000,0 days 02:24:21.941000,2104.0863888888885,48.0
2023-10-22 20:25:24.454,9884,210,5,53,False,0,car,0 days 00:00:39.140000,0 days 02:24:22.221000,2120.419722222222,48.0
2023-10-22 20:25:24.734,10062,210,6,49,False,0,car,0 days 00:00:39.420000,0 days 02:24:22.501000,2136.7530555555554,48.0
2023-10-22 20:25:24.934,10226,210,6,52,False,0,car,0 days 00:00:39.620000,0 days 02:24:22.701000,2148.419722222222,48.0
2023-10-22 20:25:25.254,10144,211,6,57,False,0,car,0 days 00:00:39.940000,0 days 02:24:23.021000,2167.1752777777774,48.0
2023-10-22 20:25:25.414,10201,214,6,58,False,0,car,0 days 00:00:40.100000,0 days 02:24:23.181000,2176.686388888889,48.0
2023-10-22 20:25:25.654,10319,217,6,65,False,0,car,0 days 00:00:40.340000,0 days 02:24:23.421000,2191.1530555555555,48.0
2023-10-22 20:25:25.934,10513,219,6,65,False,0,car,0 days 00:00:40.620000,0 days 02:24:23.701000,2208.1863888888884,48.0
2023-10-22 20:25:26.174,10714,219,6,99,False,0,car,0 days 00:00:40.860000,0 days 02:24:23.941000,2222.7863888888883,48.0
2023-10-22 20:25:26.534,10753,235,6,99,False,0,car,0 days 00:00:41.220000,0 days 02:24:24.301000,2246.2863888888883,48.0
2023-10-22 20:25:26.854,10044,242,6,99,False,0,car,0 days 00:00:41.540000,0 days 02:24:24.621000,2267.797499999999,48.0
2023-10-22 20:25:27.014,10136,244,7,99,False,0,car,0 days 00:00:41.700000,0 days 02:24:24.781000,2278.641944444444,48.0
2023-10-22 20:25:27.214,10532,246,7,0,True,0,car,0 days 00:00:41.900000,0 days 02:24:24.981000,2292.3086111111106,48.0
2023-10-22 20:25:27.535,9809,239,7,8,False,0,car,0 days 00:00:42.221000,0 days 02:24:25.302000,2313.6194444444436,48.0
2023-10-22 20:25:27.775,9656,235,7,25,False,0,car,0 days 00:00:42.461000,0 days 02:24:25.542000,2329.2861111111106,48.0
2023-10-22 20:25:27.935,9394,233,7,37,False,0,car,0 days 00:00:42.621000,0 days 02:24:25.702000,2339.6416666666664,48.0
2023-10-22 20:25:28.295,9228,225,7,0,True,0,car,0 days 00:00:42.981000,0 days 02:24:26.062000,2362.1416666666664,48.0
2023-10-22 20:25:28.615,8802,212,7,0,True,0,car,0 days 00:00:43.301000,0 days 02:24:26.382000,2380.986111111111,48.0
2023-10-22 20:25:28.975,9104,196,6,0,True,0,car,0 days 00:00:43.661000,0 days 02:24:26.742000,2400.5861111111108,48.0
2023-10-22 20:25:29.215,9767,188,6,0,True,0,car,0 days 00:00:43.901000,0 days 02:24:26.982000,2413.119444444444,48.0
2023-10-22 20:25:29.415,9413,180,6,0,True,0,car,0 days 00:00:44.101000,0 days 02:24:27.182000,2423.119444444444,48.0
2023-10-22 20:25:29.575,9085,172,5,0,True,0,car,0 days 00:00:44.261000,0 days 02:24:27.342000,2430.7638888888887,48.0
2023-10-22 20:25:29.815,9941,168,5,0,True,0,car,0 days 00:00:44.501000,0 days 02:24:27.582000,2441.9638888888885,48.0
2023-10-22 20:25:30.055,8906,143,4,0,True,0,car,0 days 00:00:44.741000,0 days 02:24:27.822000,2451.497222222222,48.0
2023-10-22 20:25:30.255,9015,138,4,0,True,0,car,0 days 00:00:44.941000,0 days 02:24:28.022000,2459.163888888889,48.0
2023-10-22 20:25:30.575,8969,127,3,0,True,0,car,0 days 00:00:45.261000,0 days 02:24:28.342000,2470.4527777777776,48.0
2023-10-22 20:25:30.814,8518,119,3,0,True,0,car,0 days 00:00:45.500000,0 days 02:24:28.581000,2478.3530555555553,48.0
2023-10-22 20:25:30.974,8020,112,3,0,True,0,car,0 days 00:00:45.660000,0 days 02:24:28.741000,2483.330833333333,48.0
2023-10-22 20:25:31.214,7494,107,3,0,True,0,car,0 days 00:00:45.900000,0 days 02:24:28.981000,2490.464166666666,48.0
2023-10-22 20:25:31.454,6597,95,3,0,True,0,car,0 days 00:00:46.140000,0 days 02:24:29.221000,2496.7974999999997,48.0
2023-10-22 20:25:31.894,6145,86,3,0,True,0,car,0 days 00:00:46.580000,0 days 02:24:29.661000,2507.3086111111106,48.0
2023-10-22 20:25:32.094,5841,83,3,0,True,0,car,0 days 00:00:46.780000,0 days 02:24:29.861000,2511.919722222222,48.0
2023-10-22 20:25:32.374,5431,78,3,0,True,0,car,0 days 00:00:47.060000,0 days 02:24:30.141000,2517.9863888888885,48.0
2023-10-22 20:25:32.614,5035,74,3,0,True,0,car,0 days 00:00:47.300000,0 days 02:24:30.381000,2522.919722222222,48.0
2023-10-22 20:25:32.854,4774,69,3,0,True,0,car,0 days 00:00:47.540000,0 days 02:24:30.621000,2527.519722222222,48.0
2023-10-22 20:25:33.134,4448,61,3,0,True,0,car,0 days 00:00:47.820000,0 days 02:24:30.901000,2532.2641666666664,48.0
2023-10-22 20:25:33.454,4049,57,3,0,True,0,car,0 days 00:00:48.140000,0 days 02:24:31.221000,2537.330833333333,48.0
2023-10-22 20:25:33.654,4097,56,3,0,False,0,car,0 days 00:00:48.340000,0 days 02:24:31.421000,2540.4419444444443,48.0
2023-10-22 20:25:33.935,3990,55,3,0,False,0,car,0 days 00:00:48.621000,0 days 02:24:31.702000,2544.7349999999997,48.0
2023-10-22 20:25:34.175,4273,56,3,7,False,0,car,0 days 00:00:48.861000,0 days 02:24:31.942000,2548.468333333333,48.0
2023-10-22 20:25:34.495,4610,60,3,14,False,0,car,0 days 00:00:49.181000,0 days 02:24:32.262000,2553.8016666666663,48.0
2023-10-22 20:25:34.935,5144,67,3,16,False,0,car,0 days 00:00:49.621000,0 days 02:24:32.702000,2561.990555555555,48.0
2023-10-22 20:25:35.175,5237,70,3,25,False,0,car,0 days 00:00:49.861000,0 days 02:24:32.942000,2566.6572222222217,48.0
2023-10-22 20:25:35.455,5955,76,3,30,False,0,car,0 days 00:00:50.141000,0 days 02:24:33.222000,2572.5683333333327,48.0
2023-10-22 20:25:35.655,6563,82,3,37,False,0,car,0 days 00:00:50.341000,0 days 02:24:33.422000,2577.1238888888884,48.0
2023-10-22 20:25:36.015,7569,91,3,43,False,0,car,0 days 00:00:50.701000,0 days 02:24:33.782000,2586.2238888888883,48.0
2023-10-22 20:25:36.175,7408,97,3,47,False,0,car,0 days 00:00:50.861000,0 days 02:24:33.942000,2590.5349999999994,48.0
2023-10-22 20:25:36.335,7890,104,3,52,False,0,car,0 days 00:00:51.021000,0 days 02:24:34.102000,2595.1572222222217,48.0
2023-10-22 20:25:36.655,9144,115,3,57,False,0,car,0 days 00:00:51.341000,0 days 02:24:34.422000,2605.379444444444,48.0
2023-10-22 20:25:37.015,9863,125,3,61,False,0,car,0 days 00:00:51.701000,0 days 02:24:34.782000,2617.879444444444,48.0
2023-10-22 20:25:37.175,10809,133,3,69,False,0,car,0 days 00:00:51.861000,0 days 02:24:34.942000,2623.790555555555,48.0
2023-10-22 20:25:37.414,11699,142,3,75,False,0,car,0 days 00:00:52.100000,0 days 02:24:35.181000,2633.2177777777774,48.0
2023-10-22 20:25:37.854,10604,158,4,74,False,0,car,0 days 00:00:52.540000,0 days 02:24:35.621000,2652.5288888888886,48.0
2023-10-22 20:25:38.014,10431,162,4,77,False,0,car,0 days 00:00:52.700000,0 days 02:24:35.781000,2659.728888888889,48.0
2023-10-22 20:25:38.414,11325,179,4,98,False,0,car,0 days 00:00:53.100000,0 days 02:24:36.181000,2679.6177777777775,48.0
2023-10-22 20:25:38.574,11123,183,4,100,False,0,car,0 days 00:00:53.260000,0 days 02:24:36.341000,2687.7511111111107,48.0
2023-10-22 20:25:38.894,10880,198,5,100,False,0,car,0 days 00:00:53.580000,0 days 02:24:36.661000,2705.3511111111106,48.0
2023-10-22 20:25:39.054,11199,205,5,100,False,0,car,0 days 00:00:53.740000,0 days 02:24:36.821000,2714.462222222222,48.0
2023-10-22 20:25:39.214,11489,205,5,99,False,0,car,0 days 00:00:53.900000,0 days 02:24:36.981000,2723.573333333333,48.0
2023-10-22 20:25:39.534,10443,217,5,100,False,0,car,0 days 00:00:54.220000,0 days 02:24:37.301000,2742.8622222222216,48.0
2023-10-22 20:25:39.814,10808,217,6,100,False,0,car,0 days 00:00:54.500000,0 days 02:24:37.581000,2759.7399999999993,48.0
2023-10-22 20:25:40.094,11061,233,6,100,False,0,car,0 days 00:00:54.780000,0 days 02:24:37.861000,2777.8622222222216,48.0
2023-10-22 20:25:40.535,11429,242,6,100,False,0,car,0 days 00:00:55.221000,0 days 02:24:38.302000,2807.507222222221,48.0
2023-10-22 20:25:40.695,11551,242,6,100,False,0,car,0 days 00:00:55.381000,0 days 02:24:38.462000,2818.262777777777,48.0
2023-10-22 20:25:41.015,11687,248,6,100,False,0,car,0 days 00:00:55.701000,0 days 02:24:38.782000,2840.3072222222213,48.0
2023-10-22 20:25:41.295,10631,253,7,100,False,0,car,0 days 00:00:55.981000,0 days 02:24:39.062000,2859.984999999999,48.0
2023-10-22 20:25:41.655,10845,259,7,100,False,0,car,0 days 00:00:56.341000,0 days 02:24:39.422000,2885.8849999999993,48.0
2023-10-22 20:25:41.975,10949,264,7,100,False,0,car,0 days 00:00:56.661000,0 days 02:24:39.742000,2909.351666666666,48.0
2023-10-22 20:25:42.215,11123,267,7,100,False,0,car,0 days 00:00:56.901000,0 days 02:24:39.982000,2927.151666666666,48.0
2023-10-22 20:25:42.495,11179,270,7,100,False,0,car,0 days 00:00:57.181000,0 days 02:24:40.262000,2948.1516666666657,48.0
2023-10-22 20:25:42.655,11351,272,7,100,False,0,car,0 days 00:00:57.341000,0 days 02:24:40.422000,2960.2405555555547,48.0
2023-10-22 20:25:42.935,11397,275,7,100,False,0,car,0 days 00:00:57.621000,0 days 02:24:40.702000,2981.629444444444,48.0
2023-10-22 20:25:43.135,11503,277,7,100,False,0,car,0 days 00:00:57.821000,0 days 02:24:40.902000,2997.0183333333325,48.0
2023-10-22 20:25:43.295,10803,278,7,100,False,0,car,0 days 00:00:57.981000,0 days 02:24:41.062000,3009.3738888888884,48.0
2023-10-22 20:25:43.495,10459,279,8,100,False,0,car,0 days 00:00:58.181000,0 days 02:24:41.262000,3024.873888888888,48.0
2023-10-22 20:25:43.695,10310,281,8,100,False,0,car,0 days 00:00:58.381000,0 days 02:24:41.462000,3040.484999999999,48.0
2023-10-22 20:25:43.935,10478,283,8,96,False,0,car,0 days 00:00:58.621000,0 days 02:24:41.702000,3059.351666666666,48.0
2023-10-22 20:25:44.134,10543,285,8,100,False,0,car,0 days 00:00:58.820000,0 days 02:24:41.901000,3075.1058333333326,48.0
2023-10-22 20:25:44.414,10588,286,8,100,False,0,car,0 days 00:00:59.100000,0 days 02:24:42.181000,3097.350277777777,48.0
2023-10-22 20:25:44.694,10588,287,8,100,False,0,car,0 days 00:00:59.380000,0 days 02:24:42.461000,3119.6724999999997,48.0
2023-10-22 20:25:44.894,10693,290,8,100,False,0,car,0 days 00:00:59.580000,0 days 02:24:42.661000,3135.7836111111105,48.0
2023-10-22 20:25:45.254,10842,293,8,100,False,0,car,0 days 00:00:59.940000,0 days 02:24:43.021000,3165.0836111111103,48.0
2023-10-22 20:25:45.414,10790,293,8,100,False,0,car,0 days 00:01:00.100000,0 days 02:24:43.181000,3178.1058333333326,48.0
2023-10-22 20:25:45.734,10837,294,8,100,False,0,car,0 days 00:01:00.420000,0 days 02:24:43.501000,3204.239166666666,48.0
2023-10-22 20:25:45.894,10877,295,8,100,False,0,car,0 days 00:01:00.580000,0 days 02:24:43.661000,3217.3502777777767,48.0
2023-10-22 20:25:46.214,10916,295,8,100,False,0,car,0 days 00:01:00.900000,0 days 02:24:43.981000,3243.572499999999,48.0
2023-10-22 20:25:46.454,10946,297,8,100,False,0,car,0 days 00:01:01.140000,0 days 02:24:44.221000,3263.372499999999,48.0
2023-10-22 20:25:46.654,11030,297,8,100,False,0,car,0 days 00:01:01.340000,0 days 02:24:44.421000,3279.8724999999995,48.0
2023-10-22 20:25:46.854,11004,298,8,100,False,0,car,0 days 00:01:01.540000,0 days 02:24:44.621000,3296.4280555555547,48.0
2023-10-22 20:25:47.255,11016,299,8,100,False,0,car,0 days 00:01:01.941000,0 days 02:24:45.022000,3329.7333333333327,48.0
2023-10-22 20:25:47.415,11032,299,8,100,False,0,car,0 days 00:01:02.101000,0 days 02:24:45.182000,3343.0222222222214,48.0
2023-10-22 20:25:47.735,11030,300,8,100,False,0,car,0 days 00:01:02.421000,0 days 02:24:45.502000,3369.688888888888,48.0
2023-10-22 20:25:48.175,11101,300,8,100,False,0,car,0 days 00:01:02.861000,0 days 02:24:45.942000,3406.3555555555545,48.0
2023-10-22 20:25:48.535,11084,302,8,100,False,0,car,0 days 00:01:03.221000,0 days 02:24:46.302000,3436.5555555555543,48.0
2023-10-22 20:25:48.975,11117,302,8,100,False,0,car,0 days 00:01:03.661000,0 days 02:24:46.742000,3473.466666666666,48.0
2023-10-22 20:25:49.255,11168,302,8,100,False,0,car,0 days 00:01:03.941000,0 days 02:24:47.022000,3496.955555555555,48.0
2023-10-22 20:25:49.615,11166,303,8,100,False,0,car,0 days 00:01:04.301000,0 days 02:24:47.382000,3527.2555555555546,48.0
2023-10-22 20:25:49.895,11138,303,8,100,False,0,car,0 days 00:01:04.581000,0 days 02:24:47.662000,3550.822222222221,48.0
2023-10-22 20:25:50.215,10700,292,8,0,True,0,car,0 days 00:01:04.901000,0 days 02:24:47.982000,3576.777777777776,48.0
2023-10-22 20:25:50.655,9882,244,8,0,True,0,car,0 days 00:01:05.341000,0 days 02:24:48.422000,3606.599999999998,48.0
2023-10-22 20:25:51.014,10066,224,8,0,True,0,car,0 days 00:01:05.700000,0 days 02:24:48.781000,3628.9377777777763,48.0
2023-10-22 20:25:51.254,10195,193,6,0,True,0,car,0 days 00:01:05.940000,0 days 02:24:49.021000,3641.8044444444427,48.0
2023-10-22 20:25:51.454,9583,178,5,0,True,0,car,0 days 00:01:06.140000,0 days 02:24:49.221000,3651.693333333332,48.0
2023-10-22 20:25:51.694,9459,160,5,0,True,0,car,0 days 00:01:06.380000,0 days 02:24:49.461000,3662.3599999999983,48.0
2023-10-22 20:25:51.894,8824,144,5,0,True,0,car,0 days 00:01:06.580000,0 days 02:24:49.661000,3670.3599999999983,48.0
2023-10-22 20:25:52.174,9031,127,5,0,True,0,car,0 days 00:01:06.860000,0 days 02:24:49.941000,3680.237777777776,48.0
2023-10-22 20:25:52.414,8223,123,3,0,True,0,car,0 days 00:01:07.100000,0 days 02:24:50.181000,3688.437777777776,48.0
2023-10-22 20:25:52.694,7674,107,3,0,True,0,car,0 days 00:01:07.380000,0 days 02:24:50.461000,3696.759999999998,48.0
2023-10-22 20:25:52.894,7345,103,3,0,True,0,car,0 days 00:01:07.580000,0 days 02:24:50.661000,3702.48222222222,48.0
2023-10-22 20:25:53.134,6696,97,3,0,True,0,car,0 days 00:01:07.820000,0 days 02:24:50.901000,3708.948888888887,48.0
2023-10-22 20:25:53.374,6565,90,3,0,True,0,car,0 days 00:01:08.060000,0 days 02:24:51.141000,3714.9488888888873,48.0
2023-10-22 20:25:53.655,6049,86,3,0,False,0,car,0 days 00:01:08.341000,0 days 02:24:51.422000,3721.661666666665,48.0
2023-10-22 20:25:53.855,5896,83,3,0,False,0,car,0 days 00:01:08.541000,0 days 02:24:51.622000,3726.2727777777764,48.0
2023-10-22 20:25:54.055,5667,82,3,0,False,0,car,0 days 00:01:08.741000,0 days 02:24:51.822000,3730.828333333332,48.0
2023-10-22 20:25:54.415,5812,80,3,5,False,0,car,0 days 00:01:09.101000,0 days 02:24:52.182000,3738.828333333332,48.0
2023-10-22 20:25:54.735,5960,81,3,16,False,0,car,0 days 00:01:09.421000,0 days 02:24:52.502000,3746.0283333333323,48.0
2023-10-22 20:25:55.135,6555,87,3,32,False,0,car,0 days 00:01:09.821000,0 days 02:24:52.902000,3755.694999999999,48.0
2023-10-22 20:25:55.295,6759,88,3,38,False,0,car,0 days 00:01:09.981000,0 days 02:24:53.062000,3759.60611111111,48.0
2023-10-22 20:25:55.575,7406,95,3,45,False,0,car,0 days 00:01:10.261000,0 days 02:24:53.342000,3766.994999999999,48.0
2023-10-22 20:25:55.775,7792,101,3,50,False,0,car,0 days 00:01:10.461000,0 days 02:24:53.542000,3772.6061111111103,48.0
2023-10-22 20:25:56.015,8673,111,3,59,False,0,car,0 days 00:01:10.701000,0 days 02:24:53.782000,3780.00611111111,48.0
2023-10-22 20:25:56.175,9579,113,3,64,False,0,car,0 days 00:01:10.861000,0 days 02:24:53.942000,3785.0283333333323,48.0
2023-10-22 20:25:56.535,10989,133,3,79,False,0,car,0 days 00:01:11.221000,0 days 02:24:54.302000,3798.3283333333325,48.0
2023-10-22 20:25:56.775,11094,142,3,85,False,0,car,0 days 00:01:11.461000,0 days 02:24:54.542000,3807.7949999999987,48.0
2023-10-22 20:25:57.055,10897,157,3,100,False,0,car,0 days 00:01:11.741000,0 days 02:24:54.822000,3820.00611111111,48.0
2023-10-22 20:25:57.255,10691,166,4,100,False,0,car,0 days 00:01:11.941000,0 days 02:24:55.022000,3829.228333333332,48.0
2023-10-22 20:25:58.294,10278,170,5,0,True,0,car,0 days 00:01:12.980000,0 days 02:24:56.061000,3878.292222222221,48.0
2023-10-22 20:25:58.494,9531,156,4,0,True,0,car,0 days 00:01:13.180000,0 days 02:24:56.261000,3886.958888888888,48.0
2023-10-22 20:25:58.694,10791,146,4,0,True,0,car,0 days 00:01:13.380000,0 days 02:24:56.461000,3895.069999999999,48.0
2023-10-22 20:25:58.934,9922,129,3,0,True,0,car,0 days 00:01:13.620000,0 days 02:24:56.701000,3903.669999999999,48.0
2023-10-22 20:25:59.094,8863,125,3,0,True,0,car,0 days 00:01:13.780000,0 days 02:24:56.861000,3909.225555555555,48.0
2023-10-22 20:25:59.254,8525,117,3,0,True,0,car,0 days 00:01:13.940000,0 days 02:24:57.021000,3914.4255555555546,48.0
2023-10-22 20:25:59.574,7965,107,3,0,True,0,car,0 days 00:01:14.260000,0 days 02:24:57.341000,3923.936666666666,48.0
2023-10-22 20:25:59.814,7085,104,3,0,True,0,car,0 days 00:01:14.500000,0 days 02:24:57.581000,3930.8699999999994,48.0
2023-10-22 20:26:00.175,6698,93,3,0,False,0,car,0 days 00:01:14.861000,0 days 02:24:57.942000,3940.1958333333328,48.0
2023-10-22 20:26:00.615,6063,88,3,0,False,0,car,0 days 00:01:15.301000,0 days 02:24:58.382000,3950.9513888888882,48.0
2023-10-22 20:26:00.855,6265,83,3,5,False,0,car,0 days 00:01:15.541000,0 days 02:24:58.622000,3956.4847222222215,48.0
2023-10-22 20:26:01.095,6315,84,3,15,False,0,car,0 days 00:01:15.781000,0 days 02:24:58.862000,3962.084722222222,48.0
2023-10-22 20:26:01.455,6509,87,3,20,False,0,car,0 days 00:01:16.141000,0 days 02:24:59.222000,3970.7847222222217,48.0
2023-10-22 20:26:01.615,6558,88,3,22,False,0,car,0 days 00:01:16.301000,0 days 02:24:59.382000,3974.6958333333328,48.0
2023-10-22 20:26:01.895,6729,90,3,29,False,0,car,0 days 00:01:16.581000,0 days 02:24:59.662000,3981.6958333333328,48.0
2023-10-22 20:26:02.255,7147,96,3,32,False,0,car,0 days 00:01:16.941000,0 days 02:25:00.022000,3991.2958333333327,48.0
2023-10-22 20:26:02.495,7474,100,3,41,False,0,car,0 days 00:01:17.181000,0 days 02:25:00.262000,3997.962499999999,48.0
2023-10-22 20:26:02.815,8295,107,3,49,False,0,car,0 days 00:01:17.501000,0 days 02:25:00.582000,4007.4736111111106,48.0
2023-10-22 20:26:03.095,8785,116,3,53,False,0,car,0 days 00:01:17.781000,0 days 02:25:00.862000,4016.495833333333,48.0
2023-10-22 20:26:03.295,9351,122,3,60,False,0,car,0 days 00:01:17.981000,0 days 02:25:01.062000,4023.2736111111103,48.0
2023-10-22 20:26:03.535,9970,132,3,64,False,0,car,0 days 00:01:18.221000,0 days 02:25:01.302000,4032.0736111111105,48.0
2023-10-22 20:26:03.855,10592,141,3,74,False,0,car,0 days 00:01:18.541000,0 days 02:25:01.622000,4044.6069444444433,48.0
2023-10-22 20:26:04.135,11399,156,3,94,False,0,car,0 days 00:01:18.821000,0 days 02:25:01.902000,4056.7402777777766,48.0
2023-10-22 20:26:04.294,10957,158,3,100,False,0,car,0 days 00:01:18.980000,0 days 02:25:02.061000,4063.71861111111,48.0
2023-10-22 20:26:04.534,10796,168,4,100,False,0,car,0 days 00:01:19.220000,0 days 02:25:02.301000,4074.91861111111,48.0
2023-10-22 20:26:04.734,10813,174,4,100,False,0,car,0 days 00:01:19.420000,0 days 02:25:02.501000,4084.585277777777,48.0
2023-10-22 20:26:05.134,10233,185,5,99,True,0,car,0 days 00:01:19.820000,0 days 02:25:02.901000,4105.140833333332,48.0
2023-10-22 20:26:05.534,9187,166,5,0,True,0,car,0 days 00:01:20.220000,0 days 02:25:03.301000,4123.585277777776,48.0
2023-10-22 20:26:05.694,9665,160,4,0,True,0,car,0 days 00:01:20.380000,0 days 02:25:03.461000,4130.696388888888,48.0
2023-10-22 20:26:06.014,9590,146,4,0,True,0,car,0 days 00:01:20.700000,0 days 02:25:03.781000,4143.674166666666,48.0
2023-10-22 20:26:06.374,9570,135,4,0,True,0,car,0 days 00:01:21.060000,0 days 02:25:04.141000,4157.174166666666,48.0
2023-10-22 20:26:06.574,9322,130,3,0,True,0,car,0 days 00:01:21.260000,0 days 02:25:04.341000,4164.396388888888,48.0
2023-10-22 20:26:06.935,8410,115,3,0,True,0,car,0 days 00:01:21.621000,0 days 02:25:04.702000,4175.928333333332,48.0
2023-10-22 20:26:07.095,9110,111,3,0,True,0,car,0 days 00:01:21.781000,0 days 02:25:04.862000,4180.861666666666,48.0
2023-10-22 20:26:07.455,8041,96,2,0,True,0,car,0 days 00:01:22.141000,0 days 02:25:05.222000,4190.461666666666,48.0
2023-10-22 20:26:07.695,7712,91,2,0,True,0,car,0 days 00:01:22.381000,0 days 02:25:05.462000,4196.528333333333,48.0
2023-10-22 20:26:08.055,6889,84,2,0,False,0,car,0 days 00:01:22.741000,0 days 02:25:05.822000,4204.928333333332,48.0
2023-10-22 20:26:08.335,6673,80,2,0,False,0,car,0 days 00:01:23.021000,0 days 02:25:06.102000,4211.150555555555,48.0
2023-10-22 20:26:08.615,6307,77,2,0,True,0,car,0 days 00:01:23.301000,0 days 02:25:06.382000,4217.139444444444,48.0
2023-10-22 20:26:08.855,5915,72,2,0,True,0,car,0 days 00:01:23.541000,0 days 02:25:06.622000,4221.939444444444,48.0
2023-10-22 20:26:09.255,6126,68,2,9,False,0,car,0 days 00:01:23.941000,0 days 02:25:07.022000,4229.495,48.0
2023-10-22 20:26:09.415,6126,68,2,12,False,0,car,0 days 00:01:24.101000,0 days 02:25:07.182000,4232.517222222222,48.0
2023-10-22 20:26:09.695,6150,69,2,19,False,0,car,0 days 00:01:24.381000,0 days 02:25:07.462000,4237.883888888889,48.0
2023-10-22 20:26:10.015,6932,76,2,39,False,0,car,0 days 00:01:24.701000,0 days 02:25:07.782000,4244.639444444444,48.0
2023-10-22 20:26:10.295,7591,84,2,41,False,0,car,0 days 00:01:24.981000,0 days 02:25:08.062000,4251.172777777778,48.0
2023-10-22 20:26:10.455,8061,89,2,43,False,0,car,0 days 00:01:25.141000,0 days 02:25:08.222000,4255.128333333334,48.0
2023-10-22 20:26:10.775,8976,99,2,52,False,0,car,0 days 00:01:25.461000,0 days 02:25:08.542000,4263.928333333334,48.0
2023-10-22 20:26:11.134,10230,115,2,64,False,0,car,0 days 00:01:25.820000,0 days 02:25:08.901000,4275.396388888889,48.0
2023-10-22 20:26:11.294,10723,119,2,67,False,0,car,0 days 00:01:25.980000,0 days 02:25:09.061000,4280.6852777777785,48.0
2023-10-22 20:26:11.574,10875,132,2,76,False,0,car,0 days 00:01:26.260000,0 days 02:25:09.341000,4290.951944444445,48.0
2023-10-22 20:26:11.814,10903,141,3,98,False,0,car,0 days 00:01:26.500000,0 days 02:25:09.581000,4300.351944444445,48.0
2023-10-22 20:26:11.974,10996,152,3,98,False,0,car,0 days 00:01:26.660000,0 days 02:25:09.741000,4307.1075,48.0
2023-10-22 20:26:12.374,10901,170,3,99,False,0,car,0 days 00:01:27.060000,0 days 02:25:10.141000,4325.99638888889,48.0
2023-10-22 20:26:12.694,11625,179,4,100,False,0,car,0 days 00:01:27.380000,0 days 02:25:10.461000,4341.9075,48.0
2023-10-22 20:26:12.894,11085,190,4,100,False,0,car,0 days 00:01:27.580000,0 days 02:25:10.661000,4352.463055555556,48.0
2023-10-22 20:26:13.254,11086,199,5,100,False,0,car,0 days 00:01:27.940000,0 days 02:25:11.021000,4372.363055555556,48.0
2023-10-22 20:26:13.615,11508,208,5,99,False,0,car,0 days 00:01:28.301000,0 days 02:25:11.382000,4393.220833333334,48.0
2023-10-22 20:26:13.855,11508,215,5,99,False,0,car,0 days 00:01:28.541000,0 days 02:25:11.622000,4407.554166666667,48.0
2023-10-22 20:26:14.095,10346,219,5,49,False,0,car,0 days 00:01:28.781000,0 days 02:25:11.862000,4422.154166666667,48.0
2023-10-22 20:26:14.295,10346,216,6,49,False,0,car,0 days 00:01:28.981000,0 days 02:25:12.062000,4434.154166666666,48.0
2023-10-22 20:26:14.495,9776,212,6,0,True,0,car,0 days 00:01:29.181000,0 days 02:25:12.262000,4445.9319444444445,48.0
2023-10-22 20:26:14.895,9337,200,6,12,False,0,car,0 days 00:01:29.581000,0 days 02:25:12.662000,4468.154166666667,48.0
2023-10-22 20:26:15.135,9316,196,6,54,False,0,car,0 days 00:01:29.821000,0 days 02:25:12.902000,4481.220833333334,48.0
2023-10-22 20:26:15.295,9349,197,6,60,False,0,car,0 days 00:01:29.981000,0 days 02:25:13.062000,4489.976388888889,48.0
2023-10-22 20:26:15.695,9554,200,6,65,False,0,car,0 days 00:01:30.381000,0 days 02:25:13.462000,4512.198611111112,48.0
2023-10-22 20:26:16.095,9990,204,6,88,False,0,car,0 days 00:01:30.781000,0 days 02:25:13.862000,4534.865277777779,48.0
2023-10-22 20:26:16.495,10219,214,6,100,False,0,car,0 days 00:01:31.181000,0 days 02:25:14.262000,4558.643055555556,48.0
2023-10-22 20:26:16.775,10624,219,6,100,False,0,car,0 days 00:01:31.461000,0 days 02:25:14.542000,4575.67638888889,48.0
2023-10-22 20:26:16.975,10648,223,6,100,False,0,car,0 days 00:01:31.661000,0 days 02:25:14.742000,4588.065277777779,48.0
2023-10-22 20:26:17.335,10969,229,6,100,False,0,car,0 days 00:01:32.021000,0 days 02:25:15.102000,4610.965277777778,48.0
2023-10-22 20:26:17.814,11157,233,6,73,False,0,car,0 days 00:01:32.500000,0 days 02:25:15.581000,4641.9672222222225,48.0
2023-10-22 20:26:18.014,11304,236,6,72,False,0,car,0 days 00:01:32.700000,0 days 02:25:15.781000,4655.078333333334,48.0
2023-10-22 20:26:18.174,11279,236,6,72,False,0,car,0 days 00:01:32.860000,0 days 02:25:15.941000,4665.567222222223,48.0
2023-10-22 20:26:18.574,11434,242,6,86,False,0,car,0 days 00:01:33.260000,0 days 02:25:16.341000,4692.4561111111125,48.0
2023-10-22 20:26:18.814,11566,245,6,83,False,0,car,0 days 00:01:33.500000,0 days 02:25:16.581000,4708.7894444444455,48.0
2023-10-22 20:26:18.974,11566,246,6,83,False,0,car,0 days 00:01:33.660000,0 days 02:25:16.741000,4719.722777777779,48.0
2023-10-22 20:26:19.134,11706,250,6,83,False,0,car,0 days 00:01:33.820000,0 days 02:25:16.901000,4730.83388888889,48.0
2023-10-22 20:26:19.294,11288,253,6,99,False,0,car,0 days 00:01:33.980000,0 days 02:25:17.061000,4742.078333333336,48.0
2023-10-22 20:26:19.694,10709,256,7,100,False,0,car,0 days 00:01:34.380000,0 days 02:25:17.461000,4770.522777777779,48.0
2023-10-22 20:26:20.015,10903,259,7,100,False,0,car,0 days 00:01:34.701000,0 days 02:25:17.782000,4793.616944444446,48.0
2023-10-22 20:26:20.215,10933,262,7,99,False,0,car,0 days 00:01:34.901000,0 days 02:25:17.982000,4808.1725000000015,48.0
2023-10-22 20:26:21.295,10596,232,7,0,True,0,car,0 days 00:01:35.981000,0 days 02:25:19.062000,4877.772500000001,48.0
2023-10-22 20:26:21.615,9797,213,6,0,True,0,car,0 days 00:01:36.301000,0 days 02:25:19.382000,4896.705833333334,48.0
2023-10-22 20:26:21.775,9797,204,6,0,True,0,car,0 days 00:01:36.461000,0 days 02:25:19.542000,4905.772500000001,48.0
2023-10-22 20:26:22.015,10182,193,5,0,True,0,car,0 days 00:01:36.701000,0 days 02:25:19.782000,4918.639166666668,48.0
2023-10-22 20:26:22.215,9885,187,5,0,True,0,car,0 days 00:01:36.901000,0 days 02:25:19.982000,4929.028055555556,48.0
2023-10-22 20:26:22.615,9522,177,5,8,False,0,car,0 days 00:01:37.301000,0 days 02:25:20.382000,4948.694722222223,48.0
2023-10-22 20:26:22.815,9199,174,5,11,False,0,car,0 days 00:01:37.501000,0 days 02:25:20.582000,4958.36138888889,48.0
2023-10-22 20:26:23.095,9123,168,5,18,False,0,car,0 days 00:01:37.781000,0 days 02:25:20.862000,4971.428055555557,48.0
2023-10-22 20:26:23.375,9307,167,5,47,False,0,car,0 days 00:01:38.061000,0 days 02:25:21.142000,4984.416944444446,48.0
2023-10-22 20:26:23.775,9795,175,5,61,False,0,car,0 days 00:01:38.461000,0 days 02:25:21.542000,5003.86138888889,48.0
2023-10-22 20:26:24.055,9982,177,5,58,False,0,car,0 days 00:01:38.741000,0 days 02:25:21.822000,5017.628055555557,48.0
2023-10-22 20:26:24.255,9960,180,5,59,False,0,car,0 days 00:01:38.941000,0 days 02:25:22.022000,5027.628055555557,48.0
2023-10-22 20:26:24.654,10614,193,5,92,False,0,car,0 days 00:01:39.340000,0 days 02:25:22.421000,5049.018888888891,48.0
2023-10-22 20:26:24.934,10978,203,5,100,False,0,car,0 days 00:01:39.620000,0 days 02:25:22.701000,5064.80777777778,48.0
2023-10-22 20:26:25.214,11231,208,5,100,False,0,car,0 days 00:01:39.900000,0 days 02:25:22.981000,5080.985555555558,48.0
2023-10-22 20:26:25.494,11243,217,5,100,False,0,car,0 days 00:01:40.180000,0 days 02:25:23.261000,5097.8633333333355,48.0
2023-10-22 20:26:25.894,10806,228,6,100,False,0,car,0 days 00:01:40.580000,0 days 02:25:23.661000,5123.1966666666685,48.0
2023-10-22 20:26:26.054,11042,230,6,100,False,0,car,0 days 00:01:40.740000,0 days 02:25:23.821000,5133.41888888889,48.0
2023-10-22 20:26:26.374,10249,225,6,0,True,0,car,0 days 00:01:41.060000,0 days 02:25:24.141000,5153.418888888891,48.0
2023-10-22 20:26:26.615,10297,216,6,0,True,0,car,0 days 00:01:41.301000,0 days 02:25:24.382000,5167.878888888891,48.0
2023-10-22 20:26:26.775,10208,189,6,0,True,0,car,0 days 00:01:41.461000,0 days 02:25:24.542000,5176.278888888891,48.0
2023-10-22 20:26:26.975,10574,173,6,0,True,0,car,0 days 00:01:41.661000,0 days 02:25:24.742000,5185.890000000002,48.0
2023-10-22 20:26:27.295,10971,153,4,0,True,8,car,0 days 00:01:41.981000,0 days 02:25:25.062000,5199.490000000002,48.0
2023-10-22 20:26:27.495,9873,141,3,0,True,8,car,0 days 00:01:42.181000,0 days 02:25:25.262000,5207.323333333335,48.0
2023-10-22 20:26:27.695,9028,130,3,0,True,8,car,0 days 00:01:42.381000,0 days 02:25:25.462000,5214.545555555557,48.0
2023-10-22 20:26:27.895,8470,121,3,0,True,8,car,0 days 00:01:42.581000,0 days 02:25:25.662000,5221.26777777778,48.0
2023-10-22 20:26:28.135,7685,112,3,0,True,8,car,0 days 00:01:42.821000,0 days 02:25:25.902000,5228.734444444446,48.0
2023-10-22 20:26:28.375,7249,104,3,0,True,8,car,0 days 00:01:43.061000,0 days 02:25:26.142000,5235.6677777777795,48.0
2023-10-22 20:26:28.535,7083,99,3,0,True,8,car,0 days 00:01:43.221000,0 days 02:25:26.302000,5240.067777777779,48.0
2023-10-22 20:26:28.775,6658,95,3,0,False,8,car,0 days 00:01:43.461000,0 days 02:25:26.542000,5246.401111111112,48.0
2023-10-22 20:26:28.975,6465,92,3,0,False,8,car,0 days 00:01:43.661000,0 days 02:25:26.742000,5251.5122222222235,48.0
2023-10-22 20:26:29.175,6801,88,3,3,False,8,car,0 days 00:01:43.861000,0 days 02:25:26.942000,5256.401111111112,48.0
2023-10-22 20:26:29.495,6690,88,3,16,False,8,car,0 days 00:01:44.181000,0 days 02:25:27.262000,5264.223333333334,48.0
2023-10-22 20:26:29.735,6625,90,3,24,False,8,car,0 days 00:01:44.421000,0 days 02:25:27.502000,5270.223333333334,48.0
2023-10-22 20:26:30.015,7007,92,3,35,False,8,car,0 days 00:01:44.701000,0 days 02:25:27.782000,5277.378888888889,48.0
2023-10-22 20:26:30.335,7505,99,3,41,False,8,car,0 days 00:01:45.021000,0 days 02:25:28.102000,5286.17888888889,48.0
2023-10-22 20:26:30.535,8053,106,3,53,False,8,car,0 days 00:01:45.221000,0 days 02:25:28.302000,5292.067777777778,48.0
2023-10-22 20:26:30.695,8806,109,3,58,False,8,car,0 days 00:01:45.381000,0 days 02:25:28.462000,5296.912222222222,48.0
2023-10-22 20:26:30.975,9629,117,3,59,False,8,car,0 days 00:01:45.661000,0 days 02:25:28.742000,5306.012222222223,48.0
2023-10-22 20:26:31.174,9540,125,3,59,False,8,car,0 days 00:01:45.860000,0 days 02:25:28.941000,5312.921944444444,48.0
2023-10-22 20:26:31.374,9979,132,3,67,False,8,car,0 days 00:01:46.060000,0 days 02:25:29.141000,5320.255277777777,48.0
2023-10-22 20:26:31.574,10513,139,3,69,False,8,car,0 days 00:01:46.260000,0 days 02:25:29.341000,5327.9775,48.0
2023-10-22 20:26:31.774,11497,149,3,85,False,8,car,0 days 00:01:46.460000,0 days 02:25:29.541000,5336.255277777777,48.0
2023-10-22 20:26:32.094,11531,163,3,100,False,8,car,0 days 00:01:46.780000,0 days 02:25:29.861000,5350.744166666666,48.0
2023-10-22 20:26:32.254,11285,167,4,100,False,8,car,0 days 00:01:46.940000,0 days 02:25:30.021000,5358.166388888889,48.0
2023-10-22 20:26:32.494,11379,179,4,100,False,8,car,0 days 00:01:47.180000,0 days 02:25:30.261000,5370.099722222222,48.0
2023-10-22 20:26:32.854,11125,194,4,100,False,12,car,0 days 00:01:47.540000,0 days 02:25:30.621000,5389.499722222222,48.0
2023-10-22 20:26:33.014,10914,198,5,100,False,12,car,0 days 00:01:47.700000,0 days 02:25:30.781000,5398.299722222222,48.0
2023-10-22 20:26:33.295,11315,208,5,100,False,12,car,0 days 00:01:47.981000,0 days 02:25:31.062000,5414.535277777777,48.0
2023-10-22 20:26:33.495,11708,215,5,100,False,12,car,0 days 00:00:00.063000,0 days 02:25:31.262000,3.7625,49.0
2023-10-22 20:26:33.655,10768,218,5,100,False,12,car,0 days 00:00:00.223000,0 days 02:25:31.422000,13.45138888888889,49.0
2023-10-22 20:26:33.815,10693,223,6,100,False,12,car,0 days 00:00:00.383000,0 days 02:25:31.582000,23.3625,49.0
2023-10-22 20:26:34.175,11113,231,6,100,False,12,car,0 days 00:00:00.743000,0 days 02:25:31.942000,46.462500000000006,49.0
2023-10-22 20:26:34.535,11478,243,6,100,False,12,car,0 days 00:00:01.103000,0 days 02:25:32.302000,70.7625,49.0
2023-10-22 20:26:34.695,11650,246,6,100,False,12,car,0 days 00:00:01.263000,0 days 02:25:32.462000,81.69583333333333,49.0
2023-10-22 20:26:34.975,10628,251,6,100,False,12,car,0 days 00:00:01.543000,0 days 02:25:32.742000,101.21805555555555,49.0
2023-10-22 20:26:35.175,10584,256,7,100,False,12,car,0 days 00:00:01.743000,0 days 02:25:32.942000,115.4402777777778,49.0
2023-10-22 20:26:35.375,10825,259,7,99,False,12,car,0 days 00:00:01.943000,0 days 02:25:33.142000,129.82916666666668,49.0
2023-10-22 20:26:35.575,10982,263,7,100,False,12,car,0 days 00:00:02.143000,0 days 02:25:33.342000,144.44027777777777,49.0
2023-10-22 20:26:35.895,11141,268,7,100,False,12,car,0 days 00:00:02.463000,0 days 02:25:33.662000,168.26250000000002,49.0
2023-10-22 20:26:36.095,11271,271,7,100,False,12,car,0 days 00:00:02.663000,0 days 02:25:33.862000,183.31805555555556,49.0
2023-10-22 20:26:36.415,11517,275,7,100,False,12,car,0 days 00:00:02.983000,0 days 02:25:34.182000,207.76250000000002,49.0
2023-10-22 20:26:36.775,11202,281,7,100,False,12,car,0 days 00:00:03.343000,0 days 02:25:34.542000,235.8625,49.0
2023-10-22 20:26:36.935,10514,283,7,100,False,12,car,0 days 00:00:03.503000,0 days 02:25:34.702000,248.4402777777778,49.0
2023-10-22 20:26:37.175,10664,286,8,100,False,12,car,0 days 00:00:03.743000,0 days 02:25:34.942000,267.50694444444446,49.0
2023-10-22 20:26:37.335,10729,289,8,100,False,12,car,0 days 00:00:03.903000,0 days 02:25:35.102000,280.3513888888889,49.0
2023-10-22 20:26:37.775,10829,293,8,100,False,12,car,0 days 00:00:04.343000,0 days 02:25:35.542000,316.1625,49.0
2023-10-22 20:26:38.054,10942,296,8,100,False,12,car,0 days 00:00:04.622000,0 days 02:25:35.821000,339.1025,49.0
2023-10-22 20:26:38.454,11023,298,8,100,False,12,car,0 days 00:00:05.022000,0 days 02:25:36.221000,372.21361111111116,49.0
2023-10-22 20:26:38.694,11120,298,8,100,False,12,car,0 days 00:00:05.262000,0 days 02:25:36.461000,392.0802777777778,49.0
2023-10-22 20:26:38.894,11079,302,8,100,False,12,car,0 days 00:00:05.462000,0 days 02:25:36.661000,408.85805555555555,49.0
2023-10-22 20:26:39.214,11150,303,8,100,False,12,car,0 days 00:00:05.782000,0 days 02:25:36.981000,435.7913888888889,49.0
2023-10-22 20:26:39.414,11249,306,8,99,False,12,car,0 days 00:00:05.982000,0 days 02:25:37.181000,452.7913888888889,49.0
2023-10-22 20:26:39.574,11362,305,8,100,False,12,car,0 days 00:00:06.142000,0 days 02:25:37.341000,466.34694444444443,49.0
2023-10-22 20:26:39.935,10519,283,8,0,True,0,car,0 days 00:00:06.503000,0 days 02:25:37.702000,494.7255555555555,49.0
2023-10-22 20:26:40.295,10099,248,8,0,True,0,car,0 days 00:00:06.863000,0 days 02:25:38.062000,519.5255555555556,49.0
2023-10-22 20:26:40.495,9631,228,7,0,True,0,car,0 days 00:00:07.063000,0 days 02:25:38.262000,532.1922222222222,49.0
2023-10-22 20:26:40.695,9498,207,6,0,True,0,car,0 days 00:00:07.263000,0 days 02:25:38.462000,543.6922222222222,49.0
2023-10-22 20:26:40.895,9464,185,6,0,True,0,car,0 days 00:00:07.463000,0 days 02:25:38.662000,553.97,49.0
2023-10-22 20:26:41.135,9127,160,5,0,True,0,car,0 days 00:00:07.703000,0 days 02:25:38.902000,564.6366666666667,49.0
2023-10-22 20:26:41.495,8853,142,4,0,True,0,car,0 days 00:00:08.063000,0 days 02:25:39.262000,578.8366666666667,49.0
2023-10-22 20:26:41.735,9284,125,3,0,True,0,car,0 days 00:00:08.303000,0 days 02:25:39.502000,587.1700000000001,49.0
2023-10-22 20:26:42.095,7644,110,3,0,True,0,car,0 days 00:00:08.663000,0 days 02:25:39.862000,598.1700000000001,49.0
2023-10-22 20:26:42.415,6889,98,3,0,True,0,car,0 days 00:00:08.983000,0 days 02:25:40.182000,606.8811111111112,49.0
2023-10-22 20:26:42.615,6454,92,3,0,True,0,car,0 days 00:00:09.183000,0 days 02:25:40.382000,611.9922222222223,49.0
2023-10-22 20:26:42.815,6096,88,3,0,True,0,car,0 days 00:00:09.383000,0 days 02:25:40.582000,616.8811111111112,49.0
2023-10-22 20:26:43.015,5724,82,3,0,True,0,car,0 days 00:00:09.583000,0 days 02:25:40.782000,621.4366666666667,49.0
2023-10-22 20:26:43.215,5385,78,3,0,True,0,car,0 days 00:00:09.783000,0 days 02:25:40.982000,625.7700000000001,49.0
2023-10-22 20:26:43.495,5148,75,3,0,False,0,car,0 days 00:00:10.063000,0 days 02:25:41.262000,631.6033333333335,49.0
2023-10-22 20:26:43.655,5074,72,3,1,False,0,car,0 days 00:00:10.223000,0 days 02:25:41.422000,634.8033333333335,49.0
2023-10-22 20:26:43.975,5878,71,3,13,False,0,car,0 days 00:00:10.543000,0 days 02:25:41.742000,641.1144444444446,49.0
2023-10-22 20:26:44.175,5276,75,3,17,False,0,car,0 days 00:00:10.743000,0 days 02:25:41.942000,645.2811111111114,49.0
2023-10-22 20:26:44.455,5825,78,3,20,False,0,car,0 days 00:00:11.023000,0 days 02:25:42.222000,651.347777777778,49.0
2023-10-22 20:26:44.654,6177,81,3,31,False,0,car,0 days 00:00:11.222000,0 days 02:25:42.421000,655.825277777778,49.0
2023-10-22 20:26:44.854,6312,83,3,36,False,0,car,0 days 00:00:11.422000,0 days 02:25:42.621000,660.436388888889,49.0
2023-10-22 20:26:45.054,6920,91,3,42,False,0,car,0 days 00:00:11.622000,0 days 02:25:42.821000,665.4919444444446,49.0
2023-10-22 20:26:45.294,7574,97,3,46,False,0,car,0 days 00:00:11.862000,0 days 02:25:43.061000,671.9586111111113,49.0
2023-10-22 20:26:45.534,8210,106,3,50,False,0,car,0 days 00:00:12.102000,0 days 02:25:43.301000,679.025277777778,49.0
2023-10-22 20:26:45.854,8877,116,3,57,False,0,car,0 days 00:00:12.422000,0 days 02:25:43.621000,689.3363888888891,49.0
2023-10-22 20:26:46.054,9572,124,3,63,False,0,car,0 days 00:00:12.622000,0 days 02:25:43.821000,696.225277777778,49.0
2023-10-22 20:26:46.415,10442,137,3,72,False,0,car,0 days 00:00:12.983000,0 days 02:25:44.182000,709.9633333333336,49.0
2023-10-22 20:26:46.655,11103,144,3,80,False,0,car,0 days 00:00:13.223000,0 days 02:25:44.422000,719.5633333333336,49.0
2023-10-22 20:26:47.135,11851,173,4,99,False,0,car,0 days 00:00:13.703000,0 days 02:25:44.902000,742.6300000000002,49.0
2023-10-22 20:26:47.335,11400,176,4,99,False,0,car,0 days 00:00:13.903000,0 days 02:25:45.102000,752.407777777778,49.0
2023-10-22 20:26:47.735,10723,194,4,99,False,0,car,0 days 00:00:14.303000,0 days 02:25:45.502000,773.9633333333336,49.0
2023-10-22 20:26:48.055,11362,206,5,99,False,0,car,0 days 00:00:14.623000,0 days 02:25:45.822000,792.2744444444446,49.0
2023-10-22 20:26:48.535,10616,219,6,67,False,0,car,0 days 00:00:15.103000,0 days 02:25:46.302000,821.4744444444447,49.0
2023-10-22 20:26:48.695,10402,220,6,55,False,0,car,0 days 00:00:15.263000,0 days 02:25:46.462000,831.2522222222225,49.0
2023-10-22 20:26:48.895,10402,220,6,55,False,0,car,0 days 00:00:15.463000,0 days 02:25:46.662000,843.4744444444447,49.0
2023-10-22 20:26:49.055,10806,223,6,84,False,0,car,0 days 00:00:15.623000,0 days 02:25:46.822000,853.3855555555558,49.0
2023-10-22 20:26:49.295,10989,230,6,100,False,0,car,0 days 00:00:15.863000,0 days 02:25:47.062000,868.7188888888892,49.0
2023-10-22 20:26:49.455,11142,233,6,99,False,0,car,0 days 00:00:16.023000,0 days 02:25:47.222000,879.0744444444448,49.0
2023-10-22 20:26:49.695,11370,238,6,99,False,0,car,0 days 00:00:16.263000,0 days 02:25:47.462000,894.9411111111116,49.0
2023-10-22 20:26:49.935,11559,241,6,100,False,0,car,0 days 00:00:16.503000,0 days 02:25:47.702000,911.0077777777782,49.0
2023-10-22 20:26:50.095,11647,241,6,100,False,0,car,0 days 00:00:16.663000,0 days 02:25:47.862000,921.7188888888893,49.0
2023-10-22 20:26:50.375,10405,249,6,100,False,0,car,0 days 00:00:16.943000,0 days 02:25:48.142000,941.0855555555561,49.0
2023-10-22 20:26:50.575,10552,251,7,100,False,0,car,0 days 00:00:17.143000,0 days 02:25:48.342000,955.0300000000004,49.0
2023-10-22 20:26:50.815,10750,254,7,99,False,0,car,0 days 00:00:17.383000,0 days 02:25:48.582000,971.9633333333336,49.0
2023-10-22 20:26:51.095,10738,259,7,99,False,0,car,0 days 00:00:17.663000,0 days 02:25:48.862000,992.1077777777781,49.0
2023-10-22 20:26:51.494,10962,263,7,100,False,0,car,0 days 00:00:18.062000,0 days 02:25:49.261000,1021.2569444444448,49.0
2023-10-22 20:26:51.694,11086,266,7,100,False,0,car,0 days 00:00:18.262000,0 days 02:25:49.461000,1036.0347222222226,49.0
2023-10-22 20:26:52.094,11116,268,7,99,False,0,car,0 days 00:00:18.662000,0 days 02:25:49.861000,1065.8125000000002,49.0
2023-10-22 20:26:52.254,10850,267,7,99,False,0,car,0 days 00:00:18.822000,0 days 02:25:50.021000,1077.679166666667,49.0
2023-10-22 20:26:52.414,10870,267,7,29,False,0,car,0 days 00:00:18.982000,0 days 02:25:50.181000,1089.5458333333338,49.0
2023-10-22 20:26:52.574,10817,261,7,29,False,0,car,0 days 00:00:19.142000,0 days 02:25:50.341000,1101.1458333333337,49.0
2023-10-22 20:26:52.815,10792,261,7,48,False,0,car,0 days 00:00:19.383000,0 days 02:25:50.582000,1118.6183333333338,49.0
2023-10-22 20:26:53.055,10554,258,7,40,False,0,car,0 days 00:00:19.623000,0 days 02:25:50.822000,1135.8183333333338,49.0
2023-10-22 20:26:53.375,10601,254,7,45,False,0,car,0 days 00:00:19.943000,0 days 02:25:51.142000,1158.3961111111116,49.0
2023-10-22 20:26:53.575,10601,253,7,50,False,0,car,0 days 00:00:20.143000,0 days 02:25:51.342000,1172.451666666667,49.0
2023-10-22 20:26:53.735,10616,253,7,65,False,0,car,0 days 00:00:20.303000,0 days 02:25:51.502000,1183.6961111111116,49.0
2023-10-22 20:26:53.935,10485,250,7,0,True,0,car,0 days 00:00:20.503000,0 days 02:25:51.702000,1197.5850000000005,49.0
2023-10-22 20:26:54.415,10941,232,6,13,False,0,car,0 days 00:00:20.983000,0 days 02:25:52.182000,1228.5183333333339,49.0
2023-10-22 20:26:54.775,10914,229,6,50,False,0,car,0 days 00:00:21.343000,0 days 02:25:52.542000,1251.4183333333337,49.0
2023-10-22 20:26:55.135,10967,230,6,72,False,0,car,0 days 00:00:21.703000,0 days 02:25:52.902000,1274.4183333333337,49.0
2023-10-22 20:26:55.295,10622,230,6,3,True,0,car,0 days 00:00:21.863000,0 days 02:25:53.062000,1284.640555555556,49.0
2023-10-22 20:26:55.575,9944,219,6,0,True,0,car,0 days 00:00:22.143000,0 days 02:25:53.342000,1301.6738888888892,49.0
2023-10-22 20:26:55.855,9625,207,6,1,True,0,car,0 days 00:00:22.423000,0 days 02:25:53.622000,1317.7738888888891,49.0
2023-10-22 20:26:56.175,9423,202,6,3,False,0,car,0 days 00:00:22.743000,0 days 02:25:53.942000,1335.7294444444447,49.0
2023-10-22 20:26:56.535,9332,194,6,28,False,0,car,0 days 00:00:23.103000,0 days 02:25:54.302000,1355.1294444444447,49.0
2023-10-22 20:26:56.775,9247,195,6,46,False,0,car,0 days 00:00:23.343000,0 days 02:25:54.542000,1368.1294444444447,49.0
2023-10-22 20:26:57.175,9475,200,6,65,False,0,car,0 days 00:00:23.743000,0 days 02:25:54.942000,1390.351666666667,49.0
2023-10-22 20:26:57.375,9195,200,6,0,True,0,car,0 days 00:00:23.943000,0 days 02:25:55.142000,1401.4627777777782,49.0
2023-10-22 20:26:57.575,10246,194,6,0,True,0,car,0 days 00:00:24.143000,0 days 02:25:55.342000,1412.240555555556,49.0
2023-10-22 20:26:57.735,10106,190,5,5,True,0,car,0 days 00:00:24.303000,0 days 02:25:55.502000,1420.6850000000004,49.0
2023-10-22 20:26:58.015,10021,187,5,16,False,0,car,0 days 00:00:24.583000,0 days 02:25:55.782000,1435.2294444444447,49.0
2023-10-22 20:26:58.294,9886,182,5,32,False,0,car,0 days 00:00:24.862000,0 days 02:25:56.061000,1449.3344444444447,49.0
2023-10-22 20:26:58.494,9829,181,5,40,False,0,car,0 days 00:00:25.062000,0 days 02:25:56.261000,1459.3900000000003,49.0
2023-10-22 20:26:58.654,9908,181,5,46,False,0,car,0 days 00:00:25.222000,0 days 02:25:56.421000,1467.4344444444448,49.0
2023-10-22 20:26:58.814,10004,181,5,51,False,0,car,0 days 00:00:25.382000,0 days 02:25:56.581000,1475.4788888888893,49.0
2023-10-22 20:26:58.974,9856,183,5,50,False,0,car,0 days 00:00:25.542000,0 days 02:25:56.741000,1483.6122222222227,49.0
2023-10-22 20:26:59.254,10197,186,5,62,False,0,car,0 days 00:00:25.822000,0 days 02:25:57.021000,1498.0788888888892,49.0
2023-10-22 20:26:59.495,10298,189,5,52,False,0,car,0 days 00:00:26.063000,0 days 02:25:57.262000,1510.7313888888891,49.0
2023-10-22 20:26:59.735,10286,189,5,48,False,0,car,0 days 00:00:26.303000,0 days 02:25:57.502000,1523.3313888888893,49.0
2023-10-22 20:27:00.175,10383,189,5,48,False,0,car,0 days 00:00:26.743000,0 days 02:25:57.942000,1546.4313888888892,49.0
2023-10-22 20:27:00.335,10383,189,5,46,False,0,car,0 days 00:00:26.903000,0 days 02:25:58.102000,1554.8313888888893,49.0
2023-10-22 20:27:00.815,10513,192,5,65,False,0,car,0 days 00:00:27.383000,0 days 02:25:58.582000,1580.4313888888892,49.0
2023-10-22 20:27:01.015,10580,195,5,72,False,0,car,0 days 00:00:27.583000,0 days 02:25:58.782000,1591.2647222222224,49.0
2023-10-22 20:27:01.175,10949,200,5,77,False,0,car,0 days 00:00:27.743000,0 days 02:25:58.942000,1600.1536111111113,49.0
2023-10-22 20:27:01.375,11380,205,5,88,False,0,car,0 days 00:00:27.943000,0 days 02:25:59.142000,1611.5425000000005,49.0
2023-10-22 20:27:01.615,10504,202,5,0,True,0,car,0 days 00:00:28.183000,0 days 02:25:59.382000,1625.009166666667,49.0
2023-10-22 20:27:01.815,10308,195,5,0,True,0,car,0 days 00:00:28.383000,0 days 02:25:59.582000,1635.8425000000002,49.0
2023-10-22 20:27:02.055,9951,188,5,0,True,0,car,0 days 00:00:28.623000,0 days 02:25:59.822000,1648.3758333333337,49.0
2023-10-22 20:27:02.215,9671,182,5,0,False,0,car,0 days 00:00:28.783000,0 days 02:25:59.982000,1656.4647222222227,49.0
2023-10-22 20:27:02.375,9432,181,5,0,False,0,car,0 days 00:00:28.943000,0 days 02:26:00.142000,1664.5091666666672,49.0
2023-10-22 20:27:03.335,9062,165,5,37,False,0,car,0 days 00:00:29.903000,0 days 02:26:01.102000,1708.509166666667,49.0
2023-10-22 20:27:03.655,9357,167,5,49,False,0,car,0 days 00:00:30.223000,0 days 02:26:01.422000,1723.3536111111114,49.0
2023-10-22 20:27:03.855,9190,168,5,50,False,0,car,0 days 00:00:30.423000,0 days 02:26:01.622000,1732.6869444444446,49.0
2023-10-22 20:27:04.095,9431,173,5,56,False,0,car,0 days 00:00:30.663000,0 days 02:26:01.862000,1744.2202777777782,49.0
2023-10-22 20:27:04.415,9671,177,5,64,False,0,car,0 days 00:00:30.983000,0 days 02:26:02.182000,1759.9536111111115,49.0
2023-10-22 20:27:04.695,9559,172,5,0,True,0,car,0 days 00:00:31.263000,0 days 02:26:02.462000,1773.3313888888893,49.0
2023-10-22 20:27:05.014,9680,159,4,0,True,0,car,0 days 00:00:31.582000,0 days 02:26:02.781000,1787.420555555556,49.0
2023-10-22 20:27:05.214,9506,156,4,0,True,0,car,0 days 00:00:31.782000,0 days 02:26:02.981000,1796.0872222222226,49.0
2023-10-22 20:27:05.454,8950,146,4,0,False,0,car,0 days 00:00:32.022000,0 days 02:26:03.221000,1805.820555555556,49.0
2023-10-22 20:27:05.614,9077,146,4,20,False,0,car,0 days 00:00:32.182000,0 days 02:26:03.381000,1812.309444444445,49.0
2023-10-22 20:27:05.774,8858,142,4,20,False,0,car,0 days 00:00:32.342000,0 days 02:26:03.541000,1818.620555555556,49.0
2023-10-22 20:27:06.095,8803,139,4,31,False,0,car,0 days 00:00:32.663000,0 days 02:26:03.862000,1831.0147222222224,49.0
2023-10-22 20:27:06.295,8545,139,4,21,False,0,car,0 days 00:00:32.863000,0 days 02:26:04.062000,1838.7369444444448,49.0
2023-10-22 20:27:06.655,8284,135,4,6,False,0,car,0 days 00:00:33.223000,0 days 02:26:04.422000,1852.2369444444448,49.0
2023-10-22 20:27:06.895,8433,131,4,1,False,0,car,0 days 00:00:33.463000,0 days 02:26:04.662000,1860.9702777777782,49.0
2023-10-22 20:27:07.175,8174,130,4,31,False,0,car,0 days 00:00:33.743000,0 days 02:26:04.942000,1871.0813888888893,49.0
2023-10-22 20:27:07.455,8264,130,4,39,False,0,car,0 days 00:00:34.023000,0 days 02:26:05.222000,1881.1925000000003,49.0
2023-10-22 20:27:07.615,8444,132,4,45,False,0,car,0 days 00:00:34.183000,0 days 02:26:05.382000,1887.059166666667,49.0
2023-10-22 20:27:07.935,8838,138,4,57,False,0,car,0 days 00:00:34.503000,0 days 02:26:05.702000,1899.3258333333335,49.0
2023-10-22 20:27:08.175,8889,144,4,61,False,0,car,0 days 00:00:34.743000,0 days 02:26:05.942000,1908.9258333333337,49.0
2023-10-22 20:27:08.335,8829,143,4,21,False,0,car,0 days 00:00:34.903000,0 days 02:26:06.102000,1915.281388888889,49.0
2023-10-22 20:27:08.695,8740,139,4,18,False,0,car,0 days 00:00:35.263000,0 days 02:26:06.462000,1929.1813888888892,49.0
2023-10-22 20:27:08.975,8443,135,4,20,False,0,car,0 days 00:00:35.543000,0 days 02:26:06.742000,1939.6813888888892,49.0
2023-10-22 20:27:09.215,8588,134,4,35,False,0,car,0 days 00:00:35.783000,0 days 02:26:06.982000,1948.6147222222226,49.0
2023-10-22 20:27:09.415,8655,135,4,38,False,0,car,0 days 00:00:35.983000,0 days 02:26:07.182000,1956.1147222222223,49.0
2023-10-22 20:27:09.735,9014,141,4,45,False,0,car,0 days 00:00:36.303000,0 days 02:26:07.502000,1968.6480555555556,49.0
2023-10-22 20:27:10.015,9137,145,4,58,False,0,car,0 days 00:00:36.583000,0 days 02:26:07.782000,1979.9258333333335,49.0
2023-10-22 20:27:10.335,9660,156,4,71,False,0,car,0 days 00:00:36.903000,0 days 02:26:08.102000,1993.7925000000002,49.0
2023-10-22 20:27:10.615,10870,169,4,99,False,0,car,0 days 00:00:37.183000,0 days 02:26:08.382000,2006.9369444444446,49.0
2023-10-22 20:27:10.815,11925,174,4,100,False,0,car,0 days 00:00:37.383000,0 days 02:26:08.582000,2016.6036111111114,49.0
2023-10-22 20:27:11.175,11346,191,4,99,False,0,car,0 days 00:00:37.743000,0 days 02:26:08.942000,2035.7036111111113,49.0
2023-10-22 20:27:11.654,11430,208,5,100,False,0,car,0 days 00:00:38.222000,0 days 02:26:09.421000,2063.3791666666666,49.0
2023-10-22 20:27:11.814,11509,208,5,100,False,0,car,0 days 00:00:38.382000,0 days 02:26:09.581000,2072.6236111111107,49.0
2023-10-22 20:27:12.054,11836,220,5,99,False,0,car,0 days 00:00:38.622000,0 days 02:26:09.821000,2087.2902777777776,49.0
2023-10-22 20:27:12.294,10730,225,6,100,False,0,car,0 days 00:00:38.862000,0 days 02:26:10.061000,2102.2902777777776,49.0
2023-10-22 20:27:12.575,10835,232,6,96,False,0,car,0 days 00:00:39.143000,0 days 02:26:10.342000,2120.3991666666666,49.0
2023-10-22 20:27:12.735,10108,233,6,59,False,0,car,0 days 00:00:39.303000,0 days 02:26:10.502000,2130.754722222222,49.0
2023-10-22 20:27:13.095,9686,234,7,85,False,0,car,0 days 00:00:39.663000,0 days 02:26:10.862000,2154.154722222222,49.0
2023-10-22 20:27:13.495,10220,244,7,100,False,0,car,0 days 00:00:40.063000,0 days 02:26:11.262000,2181.2658333333334,49.0
2023-10-22 20:27:13.695,10346,245,7,100,False,0,car,0 days 00:00:40.263000,0 days 02:26:11.462000,2194.8769444444442,49.0
2023-10-22 20:27:14.735,11026,266,7,100,False,0,car,0 days 00:00:41.303000,0 days 02:26:12.502000,2271.7213888888887,49.0
2023-10-22 20:27:15.055,11152,270,7,99,False,0,car,0 days 00:00:41.623000,0 days 02:26:12.822000,2295.7213888888887,49.0
2023-10-22 20:27:15.295,11317,272,7,99,False,0,car,0 days 00:00:41.863000,0 days 02:26:13.062000,2313.8547222222223,49.0
2023-10-22 20:27:15.695,10233,276,8,99,False,0,car,0 days 00:00:42.263000,0 days 02:26:13.462000,2344.521388888889,49.0
2023-10-22 20:27:15.975,10292,279,8,99,False,0,car,0 days 00:00:42.543000,0 days 02:26:13.742000,2366.221388888889,49.0
2023-10-22 20:27:16.215,9766,274,8,0,True,0,car,0 days 00:00:42.783000,0 days 02:26:13.982000,2384.488055555556,49.0
2023-10-22 20:27:16.495,9393,260,8,0,True,0,car,0 days 00:00:43.063000,0 days 02:26:14.262000,2404.710277777778,49.0
2023-10-22 20:27:16.975,10454,217,7,0,True,0,car,0 days 00:00:43.543000,0 days 02:26:14.742000,2433.643611111111,49.0
2023-10-22 20:27:17.375,9385,174,6,0,True,0,car,0 days 00:00:43.943000,0 days 02:26:15.142000,2452.9769444444446,49.0
2023-10-22 20:27:17.695,8914,152,4,0,True,0,car,0 days 00:00:44.263000,0 days 02:26:15.462000,2466.4880555555555,49.0
2023-10-22 20:27:18.135,8488,117,3,0,True,0,car,0 days 00:00:44.703000,0 days 02:26:15.902000,2480.7880555555557,49.0
2023-10-22 20:27:18.334,7606,106,3,0,True,0,car,0 days 00:00:44.902000,0 days 02:26:16.101000,2486.6475,49.0
2023-10-22 20:27:18.494,7046,102,3,0,True,0,car,0 days 00:00:45.062000,0 days 02:26:16.261000,2491.1808333333333,49.0
2023-10-22 20:27:18.814,6749,94,3,0,True,0,car,0 days 00:00:45.382000,0 days 02:26:16.581000,2499.5363888888887,49.0
2023-10-22 20:27:19.215,6071,91,3,0,True,0,car,0 days 00:00:45.783000,0 days 02:26:16.982000,2509.672777777778,49.0
2023-10-22 20:27:19.415,5746,85,3,0,False,0,car,0 days 00:00:45.983000,0 days 02:26:17.182000,2514.395,49.0
2023-10-22 20:27:19.695,5544,79,3,0,False,0,car,0 days 00:00:46.263000,0 days 02:26:17.462000,2520.5394444444446,49.0
2023-10-22 20:27:19.975,5198,75,3,0,False,0,car,0 days 00:00:46.543000,0 days 02:26:17.742000,2526.372777777778,49.0
2023-10-22 20:27:20.215,4993,73,3,0,False,0,car,0 days 00:00:46.783000,0 days 02:26:17.982000,2531.239444444445,49.0
2023-10-22 20:27:20.375,4937,70,3,0,False,0,car,0 days 00:00:46.943000,0 days 02:26:18.142000,2534.3505555555557,49.0
2023-10-22 20:27:20.575,4678,70,3,0,False,0,car,0 days 00:00:47.143000,0 days 02:26:18.342000,2538.239444444445,49.0
2023-10-22 20:27:20.775,5027,66,3,3,False,0,car,0 days 00:00:47.343000,0 days 02:26:18.542000,2541.9061111111114,49.0
2023-10-22 20:27:20.975,5056,67,3,11,False,0,car,0 days 00:00:47.543000,0 days 02:26:18.742000,2545.6283333333336,49.0
2023-10-22 20:27:21.255,5336,71,3,14,False,0,car,0 days 00:00:47.823000,0 days 02:26:19.022000,2551.150555555556,49.0
2023-10-22 20:27:21.455,5925,75,3,28,False,0,car,0 days 00:00:48.023000,0 days 02:26:19.222000,2555.3172222222224,49.0
2023-10-22 20:27:21.695,6073,79,3,31,False,0,car,0 days 00:00:48.263000,0 days 02:26:19.462000,2560.583888888889,49.0
2023-10-22 20:27:22.095,7857,89,3,44,False,0,car,0 days 00:00:48.663000,0 days 02:26:19.862000,2570.4727777777775,49.0
2023-10-22 20:27:22.255,8311,93,3,46,False,0,car,0 days 00:00:48.823000,0 days 02:26:20.022000,2574.6061111111107,49.0
2023-10-22 20:27:22.695,7891,101,3,51,False,0,car,0 days 00:00:49.263000,0 days 02:26:20.462000,2586.950555555555,49.0
2023-10-22 20:27:22.855,8409,107,3,53,False,0,car,0 days 00:00:49.423000,0 days 02:26:20.622000,2591.7061111111107,49.0
2023-10-22 20:27:23.135,9129,122,3,61,False,0,car,0 days 00:00:49.703000,0 days 02:26:20.902000,2601.1949999999997,49.0
2023-10-22 20:27:23.615,10556,130,3,75,False,0,car,0 days 00:00:50.183000,0 days 02:26:21.382000,2618.5283333333327,49.0
2023-10-22 20:27:23.975,10089,156,3,87,False,0,car,0 days 00:00:50.543000,0 days 02:26:21.742000,2634.1283333333326,49.0
2023-10-22 20:27:24.215,10667,165,4,98,False,0,car,0 days 00:00:50.783000,0 days 02:26:21.982000,2645.1283333333326,49.0
2023-10-22 20:27:24.455,11408,178,4,100,False,0,car,0 days 00:00:51.023000,0 days 02:26:22.222000,2656.9949999999994,49.0
2023-10-22 20:27:24.695,10220,187,4,100,False,0,car,0 days 00:00:51.263000,0 days 02:26:22.462000,2669.4616666666657,49.0
2023-10-22 20:27:25.054,11032,202,5,100,False,0,car,0 days 00:00:51.622000,0 days 02:26:22.821000,2689.6055555555545,49.0
2023-10-22 20:27:25.374,11562,211,5,100,False,0,car,0 days 00:00:51.942000,0 days 02:26:23.141000,2708.36111111111,49.0
2023-10-22 20:27:25.534,11677,218,5,100,False,0,car,0 days 00:00:52.102000,0 days 02:26:23.301000,2718.049999999999,49.0
2023-10-22 20:27:25.815,10977,223,6,100,False,0,car,0 days 00:00:52.383000,0 days 02:26:23.582000,2735.456388888888,49.0
2023-10-22 20:27:26.015,10863,226,6,100,False,0,car,0 days 00:00:52.583000,0 days 02:26:23.782000,2748.011944444443,49.0
2023-10-22 20:27:26.295,11099,233,6,100,False,0,car,0 days 00:00:52.863000,0 days 02:26:24.062000,2766.1341666666654,49.0
2023-10-22 20:27:26.495,11374,240,6,100,False,0,car,0 days 00:00:53.063000,0 days 02:26:24.262000,2779.467499999999,49.0
2023-10-22 20:27:26.735,11729,245,6,100,False,0,car,0 days 00:00:53.303000,0 days 02:26:24.502000,2795.800833333332,49.0
2023-10-22 20:27:27.095,10483,251,7,100,False,0,car,0 days 00:00:53.663000,0 days 02:26:24.862000,2820.900833333332,49.0
2023-10-22 20:27:27.295,10592,254,7,100,False,0,car,0 days 00:00:53.863000,0 days 02:26:25.062000,2835.011944444443,49.0
2023-10-22 20:27:27.495,10698,256,7,100,False,0,car,0 days 00:00:54.063000,0 days 02:26:25.262000,2849.2341666666657,49.0
2023-10-22 20:27:27.655,10750,258,7,100,False,0,car,0 days 00:00:54.223000,0 days 02:26:25.422000,2860.700833333332,49.0
2023-10-22 20:27:27.935,11013,264,7,100,False,0,car,0 days 00:00:54.503000,0 days 02:26:25.702000,2881.2341666666653,49.0
2023-10-22 20:27:28.175,11039,265,7,100,False,0,car,0 days 00:00:54.743000,0 days 02:26:25.942000,2898.9008333333322,49.0
2023-10-22 20:27:28.455,11222,269,7,100,False,0,car,0 days 00:00:55.023000,0 days 02:26:26.222000,2919.8230555555547,49.0
2023-10-22 20:27:28.655,11394,272,7,100,False,0,car,0 days 00:00:55.223000,0 days 02:26:26.422000,2934.9341666666655,49.0
2023-10-22 20:27:28.855,11114,273,7,100,False,0,car,0 days 00:00:55.423000,0 days 02:26:26.622000,2950.1008333333325,49.0
2023-10-22 20:27:29.135,10175,277,8,100,False,0,car,0 days 00:00:55.703000,0 days 02:26:26.902000,2971.645277777777,49.0
2023-10-22 20:27:29.295,10453,277,8,100,False,0,car,0 days 00:00:55.863000,0 days 02:26:27.062000,2983.956388888888,49.0
2023-10-22 20:27:29.495,10292,279,8,98,False,0,car,0 days 00:00:56.063000,0 days 02:26:27.262000,2999.456388888888,49.0
2023-10-22 20:27:29.895,10445,283,8,100,False,0,car,0 days 00:00:56.463000,0 days 02:26:27.662000,3030.9008333333322,49.0
2023-10-22 20:27:30.215,10512,285,8,100,False,0,car,0 days 00:00:56.783000,0 days 02:26:27.982000,3056.2341666666657,49.0
2023-10-22 20:27:30.575,10638,289,8,100,False,0,car,0 days 00:00:57.143000,0 days 02:26:28.342000,3085.134166666666,49.0
2023-10-22 20:27:30.775,10679,289,8,100,False,0,car,0 days 00:00:57.343000,0 days 02:26:28.542000,3101.1897222222215,49.0
2023-10-22 20:27:31.055,10761,292,8,100,False,0,car,0 days 00:00:57.623000,0 days 02:26:28.822000,3123.9008333333322,49.0
2023-10-22 20:27:31.255,10832,293,8,100,False,0,car,0 days 00:00:57.823000,0 days 02:26:29.022000,3140.17861111111,49.0
2023-10-22 20:27:31.535,10843,295,8,100,False,0,car,0 days 00:00:58.103000,0 days 02:26:29.302000,3163.1230555555544,49.0
2023-10-22 20:27:31.734,10880,295,8,100,False,0,car,0 days 00:00:58.302000,0 days 02:26:29.501000,3179.4299999999985,49.0
2023-10-22 20:27:31.934,10941,297,8,100,False,0,car,0 days 00:00:58.502000,0 days 02:26:29.701000,3195.929999999999,49.0
2023-10-22 20:27:32.174,10923,297,8,100,False,0,car,0 days 00:00:58.742000,0 days 02:26:29.941000,3215.7299999999987,49.0
2023-10-22 20:27:32.575,11082,299,8,100,False,0,car,0 days 00:00:59.143000,0 days 02:26:30.342000,3249.0352777777766,49.0
2023-10-22 20:27:32.815,11044,299,8,100,False,0,car,0 days 00:00:59.383000,0 days 02:26:30.582000,3268.96861111111,49.0
2023-10-22 20:27:33.135,11038,300,8,100,False,0,car,0 days 00:00:59.703000,0 days 02:26:30.902000,3295.6352777777765,49.0
2023-10-22 20:27:33.495,11057,300,8,100,False,0,car,0 days 00:01:00.063000,0 days 02:26:31.262000,3325.6352777777765,49.0
2023-10-22 20:27:33.695,11077,301,8,100,False,0,car,0 days 00:01:00.263000,0 days 02:26:31.462000,3342.3574999999983,49.0
2023-10-22 20:27:33.935,11124,302,8,99,False,0,car,0 days 00:01:00.503000,0 days 02:26:31.702000,3362.490833333332,49.0
2023-10-22 20:27:34.335,11118,302,8,100,False,0,car,0 days 00:01:00.903000,0 days 02:26:32.102000,3396.0463888888876,49.0
2023-10-22 20:27:34.735,11128,303,8,100,False,0,car,0 days 00:01:01.303000,0 days 02:26:32.502000,3429.713055555554,49.0
2023-10-22 20:27:35.015,11143,302,8,100,False,0,car,0 days 00:01:01.583000,0 days 02:26:32.782000,3453.201944444443,49.0
2023-10-22 20:27:35.215,11171,303,8,100,False,0,car,0 days 00:01:01.783000,0 days 02:26:32.982000,3470.0352777777766,49.0
2023-10-22 20:27:35.575,10729,294,8,0,False,0,car,0 days 00:01:02.143000,0 days 02:26:33.342000,3499.4352777777767,49.0
2023-10-22 20:27:35.735,10553,290,8,0,False,0,car,0 days 00:01:02.303000,0 days 02:26:33.502000,3512.3241666666654,49.0
2023-10-22 20:27:35.935,10360,282,8,0,False,0,car,0 days 00:01:02.503000,0 days 02:26:33.702000,3527.9908333333324,49.0
2023-10-22 20:27:36.415,9681,266,8,0,True,0,car,0 days 00:01:02.983000,0 days 02:26:34.182000,3563.4574999999986,49.0
2023-10-22 20:27:36.615,9254,254,8,0,True,0,car,0 days 00:01:03.183000,0 days 02:26:34.382000,3577.56861111111,49.0
2023-10-22 20:27:36.775,8811,240,8,0,True,0,car,0 days 00:01:03.343000,0 days 02:26:34.542000,3588.235277777777,49.0
2023-10-22 20:27:37.015,9342,229,7,0,True,0,car,0 days 00:01:03.583000,0 days 02:26:34.782000,3603.5019444444433,49.0
2023-10-22 20:27:37.375,9428,202,7,0,True,0,car,0 days 00:01:03.943000,0 days 02:26:35.142000,3623.701944444443,49.0
2023-10-22 20:27:37.655,9385,181,6,0,True,0,car,0 days 00:01:04.223000,0 days 02:26:35.422000,3637.779722222221,49.0
2023-10-22 20:27:37.935,8642,161,5,0,True,0,car,0 days 00:01:04.503000,0 days 02:26:35.702000,3650.3019444444435,49.0
2023-10-22 20:27:38.295,9587,147,4,0,True,0,car,0 days 00:01:04.863000,0 days 02:26:36.062000,3665.0019444444433,49.0
2023-10-22 20:27:38.494,9156,129,3,0,True,0,car,0 days 00:01:05.062000,0 days 02:26:36.261000,3672.1327777777765,49.0
2023-10-22 20:27:38.694,8332,120,3,0,True,0,car,0 days 00:01:05.262000,0 days 02:26:36.461000,3678.7994444444435,49.0
2023-10-22 20:27:38.855,7762,111,3,0,True,0,car,0 days 00:01:05.423000,0 days 02:26:36.622000,3683.76361111111,49.0
2023-10-22 20:27:39.015,7547,111,3,0,True,0,car,0 days 00:01:05.583000,0 days 02:26:36.782000,3688.6969444444435,49.0
2023-10-22 20:27:39.335,6892,95,3,0,True,0,car,0 days 00:01:05.903000,0 days 02:26:37.102000,3697.1413888888883,49.0
2023-10-22 20:27:39.495,6618,93,3,0,True,0,car,0 days 00:01:06.063000,0 days 02:26:37.262000,3701.2747222222215,49.0
2023-10-22 20:27:39.735,6062,88,3,0,True,0,car,0 days 00:01:06.303000,0 days 02:26:37.502000,3707.141388888888,49.0
2023-10-22 20:27:40.135,5764,83,3,0,False,0,car,0 days 00:01:06.703000,0 days 02:26:37.902000,3716.36361111111,49.0
2023-10-22 20:27:40.375,5729,82,3,0,False,0,car,0 days 00:01:06.943000,0 days 02:26:38.142000,3721.8302777777767,49.0
2023-10-22 20:27:40.695,5976,80,3,21,False,0,car,0 days 00:01:07.263000,0 days 02:26:38.462000,3728.941388888888,49.0
2023-10-22 20:27:40.855,6138,82,3,25,False,0,car,0 days 00:01:07.423000,0 days 02:26:38.622000,3732.585833333332,49.0
2023-10-22 20:27:41.175,6453,86,3,35,False,0,car,0 days 00:01:07.743000,0 days 02:26:38.942000,3740.2302777777763,49.0
2023-10-22 20:27:41.495,7450,95,3,54,False,0,car,0 days 00:01:08.063000,0 days 02:26:39.262000,3748.674722222221,49.0
2023-10-22 20:27:41.695,7702,103,3,57,False,0,car,0 days 00:01:08.263000,0 days 02:26:39.462000,3754.3969444444433,49.0
2023-10-22 20:27:41.855,7982,111,3,57,False,0,car,0 days 00:01:08.423000,0 days 02:26:39.622000,3759.3302777777767,49.0
2023-10-22 20:27:42.095,9140,120,3,62,False,0,car,0 days 00:01:08.663000,0 days 02:26:39.862000,3767.3302777777767,49.0
2023-10-22 20:27:42.415,10169,133,3,79,False,0,car,0 days 00:01:08.983000,0 days 02:26:40.182000,3779.1524999999992,49.0
2023-10-22 20:27:42.855,11402,158,3,99,False,0,car,0 days 00:01:09.423000,0 days 02:26:40.622000,3798.4636111111104,49.0
2023-10-22 20:27:43.015,10315,163,3,99,False,0,car,0 days 00:01:09.583000,0 days 02:26:40.782000,3805.7080555555544,49.0
2023-10-22 20:27:43.255,11157,176,4,100,False,0,car,0 days 00:01:09.823000,0 days 02:26:41.022000,3817.4413888888876,49.0
2023-10-22 20:27:43.415,11347,181,4,100,False,0,car,0 days 00:01:09.983000,0 days 02:26:41.182000,3825.4858333333327,49.0
2023-10-22 20:27:43.575,10227,186,4,100,False,0,car,0 days 00:01:10.143000,0 days 02:26:41.342000,3833.752499999999,49.0
2023-10-22 20:27:43.855,10145,187,5,0,True,0,car,0 days 00:01:10.423000,0 days 02:26:41.622000,3848.296944444444,49.0
2023-10-22 20:27:44.055,9735,180,5,0,True,0,car,0 days 00:01:10.623000,0 days 02:26:41.822000,3858.296944444444,49.0
2023-10-22 20:27:44.215,9845,180,5,0,True,0,car,0 days 00:01:10.783000,0 days 02:26:41.982000,3866.296944444444,49.0
2023-10-22 20:27:44.535,11130,154,4,0,True,0,car,0 days 00:01:11.103000,0 days 02:26:42.302000,3879.9858333333323,49.0
2023-10-22 20:27:44.935,9508,131,3,0,True,0,car,0 days 00:01:11.503000,0 days 02:26:42.702000,3894.541388888888,49.0
2023-10-22 20:27:45.134,8892,123,3,0,True,0,car,0 days 00:01:11.702000,0 days 02:26:42.901000,3901.3405555555546,49.0
2023-10-22 20:27:45.455,8031,113,3,0,True,0,car,0 days 00:01:12.023000,0 days 02:26:43.222000,3911.416388888888,49.0
2023-10-22 20:27:45.735,7707,109,3,0,False,0,car,0 days 00:01:12.303000,0 days 02:26:43.502000,3919.8941666666656,49.0
2023-10-22 20:27:45.895,7498,107,3,0,False,0,car,0 days 00:01:12.463000,0 days 02:26:43.662000,3924.649722222221,49.0
2023-10-22 20:27:46.135,7358,104,3,0,False,0,car,0 days 00:01:12.703000,0 days 02:26:43.902000,3931.5830555555544,49.0
2023-10-22 20:27:46.535,7026,99,3,0,False,0,car,0 days 00:01:13.103000,0 days 02:26:44.302000,3942.583055555554,49.0
2023-10-22 20:27:46.895,6948,94,3,13,False,0,car,0 days 00:01:13.463000,0 days 02:26:44.662000,3951.983055555554,49.0
2023-10-22 20:27:47.135,7129,95,3,23,False,0,car,0 days 00:01:13.703000,0 days 02:26:44.902000,3958.3163888888876,49.0
2023-10-22 20:27:47.615,7459,99,3,32,False,0,car,0 days 00:01:14.183000,0 days 02:26:45.382000,3971.516388888888,49.0
2023-10-22 20:27:48.015,7582,103,3,29,False,0,car,0 days 00:01:14.583000,0 days 02:26:45.782000,3982.960833333332,49.0
2023-10-22 20:27:48.335,8079,110,3,40,False,0,car,0 days 00:01:14.903000,0 days 02:26:46.102000,3992.73861111111,49.0
2023-10-22 20:27:48.695,8829,116,3,48,False,0,car,0 days 00:01:15.263000,0 days 02:26:46.462000,4004.33861111111,49.0
2023-10-22 20:27:49.015,9333,121,3,56,False,0,car,0 days 00:01:15.583000,0 days 02:26:46.782000,4015.0941666666654,49.0
2023-10-22 20:27:49.255,9584,129,3,55,False,0,car,0 days 00:01:15.823000,0 days 02:26:47.022000,4023.6941666666653,49.0
2023-10-22 20:27:49.455,10410,140,3,69,False,0,car,0 days 00:01:16.023000,0 days 02:26:47.222000,4031.471944444443,49.0
2023-10-22 20:27:49.735,11377,152,3,80,False,0,car,0 days 00:01:16.303000,0 days 02:26:47.502000,4043.294166666665,49.0
2023-10-22 20:27:49.975,11429,156,3,97,False,0,car,0 days 00:01:16.543000,0 days 02:26:47.742000,4053.6941666666658,49.0
2023-10-22 20:27:50.135,10470,160,4,100,False,0,car,0 days 00:01:16.703000,0 days 02:26:47.902000,4060.8052777777766,49.0
2023-10-22 20:27:50.295,10746,167,4,100,False,0,car,0 days 00:01:16.863000,0 days 02:26:48.062000,4068.2274999999986,49.0
2023-10-22 20:27:50.615,10994,175,4,100,False,0,car,0 days 00:01:17.183000,0 days 02:26:48.382000,4083.7830555555547,49.0
2023-10-22 20:27:50.775,10014,182,5,98,False,0,car,0 days 00:01:17.343000,0 days 02:26:48.542000,4091.871944444443,49.0
2023-10-22 20:27:51.055,9564,172,5,0,True,0,car,0 days 00:01:17.623000,0 days 02:26:48.822000,4105.249722222221,49.0
2023-10-22 20:27:51.375,9798,159,5,0,True,0,car,0 days 00:01:17.943000,0 days 02:26:49.142000,4119.383055555554,49.0
2023-10-22 20:27:51.695,8819,146,4,0,True,0,car,0 days 00:01:18.263000,0 days 02:26:49.462000,4132.360833333332,49.0
2023-10-22 20:27:52.055,9316,131,4,0,True,0,car,0 days 00:01:18.623000,0 days 02:26:49.822000,4145.460833333333,49.0
2023-10-22 20:27:52.455,8344,124,3,0,True,0,car,0 days 00:01:19.023000,0 days 02:26:50.222000,4159.23861111111,49.0
2023-10-22 20:27:52.615,8100,115,3,0,True,0,car,0 days 00:01:19.183000,0 days 02:26:50.382000,4164.349722222221,49.0
2023-10-22 20:27:52.815,7799,115,3,0,True,0,car,0 days 00:01:19.383000,0 days 02:26:50.582000,4170.73861111111,49.0
2023-10-22 20:27:53.055,7388,106,3,0,True,0,car,0 days 00:01:19.623000,0 days 02:26:50.822000,4177.805277777777,49.0
2023-10-22 20:27:53.215,7203,102,3,0,True,0,car,0 days 00:01:19.783000,0 days 02:26:50.982000,4182.3386111111095,49.0
2023-10-22 20:27:53.415,6832,99,3,0,True,0,car,0 days 00:01:19.983000,0 days 02:26:51.182000,4187.8386111111095,49.0
2023-10-22 20:27:53.655,6520,93,3,0,True,0,car,0 days 00:01:20.223000,0 days 02:26:51.422000,4194.038611111109,49.0
2023-10-22 20:27:53.975,6256,89,3,0,False,0,car,0 days 00:01:20.543000,0 days 02:26:51.742000,4201.949722222221,49.0
2023-10-22 20:27:54.255,6090,86,3,0,False,0,car,0 days 00:01:20.823000,0 days 02:26:52.022000,4208.63861111111,49.0
2023-10-22 20:27:54.575,5959,82,3,0,False,0,car,0 days 00:01:21.143000,0 days 02:26:52.342000,4215.927499999999,49.0
2023-10-22 20:27:54.775,5766,79,3,5,False,0,car,0 days 00:01:21.343000,0 days 02:26:52.542000,4220.316388888888,49.0
2023-10-22 20:27:55.015,6051,79,3,14,False,0,car,0 days 00:01:21.583000,0 days 02:26:52.782000,4225.583055555554,49.0
2023-10-22 20:27:55.335,6284,84,3,24,False,0,car,0 days 00:01:21.903000,0 days 02:26:53.102000,4233.049722222221,49.0
2023-10-22 20:27:55.615,6553,87,3,32,False,0,car,0 days 00:01:22.183000,0 days 02:26:53.382000,4239.816388888888,49.0
2023-10-22 20:27:55.855,6896,92,3,37,False,0,car,0 days 00:01:22.423000,0 days 02:26:53.622000,4245.949722222221,49.0
2023-10-22 20:27:56.215,7714,100,3,48,False,0,car,0 days 00:01:22.783000,0 days 02:26:53.982000,4255.949722222221,49.0
2023-10-22 20:27:56.375,8081,106,3,51,False,0,car,0 days 00:01:22.943000,0 days 02:26:54.142000,4260.6608333333315,49.0
2023-10-22 20:27:56.655,8412,117,3,61,False,0,car,0 days 00:01:23.223000,0 days 02:26:54.422000,4269.760833333332,49.0
2023-10-22 20:27:56.815,9109,121,3,67,False,0,car,0 days 00:01:23.383000,0 days 02:26:54.582000,4275.13861111111,49.0
2023-10-22 20:27:57.095,10151,134,3,77,False,0,car,0 days 00:01:23.663000,0 days 02:26:54.862000,4285.560833333332,49.0
2023-10-22 20:27:57.415,11326,148,3,96,False,0,car,0 days 00:01:23.983000,0 days 02:26:55.182000,4298.716388888888,49.0
2023-10-22 20:27:57.655,10640,163,3,99,False,0,car,0 days 00:01:24.223000,0 days 02:26:55.422000,4309.583055555555,49.0
2023-10-22 20:27:57.975,11145,176,4,100,False,0,car,0 days 00:01:24.543000,0 days 02:26:55.742000,4325.2275,49.0
2023-10-22 20:27:58.295,11339,188,4,100,False,0,car,0 days 00:01:24.863000,0 days 02:26:56.062000,4341.938611111111,49.0
2023-10-22 20:27:58.615,10856,195,5,99,False,0,car,0 days 00:01:25.183000,0 days 02:26:56.382000,4359.271944444445,49.0
2023-10-22 20:27:58.935,10290,204,5,82,False,0,car,0 days 00:01:25.503000,0 days 02:26:56.702000,4377.405277777778,49.0
2023-10-22 20:27:59.135,10213,211,6,60,False,0,car,0 days 00:01:25.703000,0 days 02:26:56.902000,4389.1275000000005,49.0
2023-10-22 20:27:59.295,9980,212,6,67,False,0,car,0 days 00:01:25.863000,0 days 02:26:57.062000,4398.549722222223,49.0
2023-10-22 20:27:59.495,10047,212,6,70,False,0,car,0 days 00:01:26.063000,0 days 02:26:57.262000,4410.327500000001,49.0
2023-10-22 20:27:59.975,10409,220,6,77,False,0,car,0 days 00:01:26.543000,0 days 02:26:57.742000,4439.660833333335,49.0
2023-10-22 20:28:00.135,10409,222,6,78,False,0,car,0 days 00:01:26.703000,0 days 02:26:57.902000,4449.527500000002,49.0
2023-10-22 20:28:00.295,10533,222,6,76,False,0,car,0 days 00:01:26.863000,0 days 02:26:58.062000,4459.394166666669,49.0
2023-10-22 20:28:00.455,10393,223,6,76,False,0,car,0 days 00:01:27.023000,0 days 02:26:58.222000,4469.305277777779,49.0
2023-10-22 20:28:00.735,9461,225,7,72,False,0,car,0 days 00:01:27.303000,0 days 02:26:58.502000,4486.805277777779,49.0
2023-10-22 20:28:00.975,9488,226,7,71,False,0,car,0 days 00:01:27.543000,0 days 02:26:58.742000,4501.871944444447,49.0
2023-10-22 20:28:01.135,9524,227,7,72,False,0,car,0 days 00:01:27.703000,0 days 02:26:58.902000,4511.960833333335,49.0
2023-10-22 20:28:01.415,9596,227,7,73,False,0,car,0 days 00:01:27.983000,0 days 02:26:59.182000,4529.616388888891,49.0
2023-10-22 20:28:01.815,9597,229,7,67,False,0,car,0 days 00:01:28.383000,0 days 02:26:59.582000,4555.060833333336,49.0
2023-10-22 20:28:02.015,9559,229,7,63,False,0,car,0 days 00:01:28.583000,0 days 02:26:59.782000,4567.783055555558,49.0
2023-10-22 20:28:02.455,9597,229,7,63,False,0,car,0 days 00:01:29.023000,0 days 02:27:00.222000,4595.771944444447,49.0
2023-10-22 20:28:02.735,9637,230,7,69,False,0,car,0 days 00:01:29.303000,0 days 02:27:00.502000,4613.660833333336,49.0
2023-10-22 20:28:02.975,9708,232,7,74,False,0,car,0 days 00:01:29.543000,0 days 02:27:00.742000,4629.127500000003,49.0
2023-10-22 20:28:03.255,9886,235,7,82,False,0,car,0 days 00:01:29.823000,0 days 02:27:01.022000,4647.405277777781,49.0
2023-10-22 20:28:03.415,9938,236,7,84,False,0,car,0 days 00:01:29.983000,0 days 02:27:01.182000,4657.894166666671,49.0
2023-10-22 20:28:03.575,10037,238,7,83,False,0,car,0 days 00:01:30.143000,0 days 02:27:01.342000,4668.471944444448,49.0
2023-10-22 20:28:03.775,10074,240,7,79,False,0,car,0 days 00:01:30.343000,0 days 02:27:01.542000,4681.805277777782,49.0
2023-10-22 20:28:04.015,10156,242,7,78,False,0,car,0 days 00:01:30.583000,0 days 02:27:01.782000,4697.938611111115,49.0
2023-10-22 20:28:04.295,10345,243,7,78,False,0,car,0 days 00:01:30.863000,0 days 02:27:02.062000,4716.838611111115,49.0
2023-10-22 20:28:04.735,10415,249,7,79,False,0,car,0 days 00:01:31.303000,0 days 02:27:02.502000,4747.271944444448,49.0
2023-10-22 20:28:05.855,10399,255,7,0,False,0,car,0 days 00:01:32.423000,0 days 02:27:03.622000,4826.605277777782,49.0
2023-10-22 20:28:06.095,10093,249,7,0,True,0,car,0 days 00:01:32.663000,0 days 02:27:03.862000,4843.205277777782,49.0
2023-10-22 20:28:06.375,10302,235,7,0,True,0,car,0 days 00:01:32.943000,0 days 02:27:04.142000,4861.48305555556,49.0
2023-10-22 20:28:06.735,9958,214,6,0,True,0,car,0 days 00:01:33.303000,0 days 02:27:04.502000,4882.88305555556,49.0
2023-10-22 20:28:07.095,10044,203,6,0,True,0,car,0 days 00:01:33.663000,0 days 02:27:04.862000,4903.18305555556,49.0
2023-10-22 20:28:07.295,9930,194,5,0,True,0,car,0 days 00:01:33.863000,0 days 02:27:05.062000,4913.960833333338,49.0
2023-10-22 20:28:07.735,9123,172,5,0,True,0,car,0 days 00:01:34.303000,0 days 02:27:05.502000,4934.98305555556,49.0
2023-10-22 20:28:07.895,8946,169,5,0,True,0,car,0 days 00:01:34.463000,0 days 02:27:05.662000,4942.494166666671,49.0
2023-10-22 20:28:08.095,8615,164,5,0,False,0,car,0 days 00:01:34.663000,0 days 02:27:05.862000,4951.605277777782,49.0
2023-10-22 20:28:08.375,8489,159,5,0,False,0,car,0 days 00:01:34.943000,0 days 02:27:06.142000,4963.971944444449,49.0
2023-10-22 20:28:08.655,8599,156,5,28,False,0,car,0 days 00:01:35.223000,0 days 02:27:06.422000,4976.105277777782,49.0
2023-10-22 20:28:08.815,8599,156,5,36,False,0,car,0 days 00:01:35.383000,0 days 02:27:06.582000,4983.038611111116,49.0
2023-10-22 20:28:09.175,8784,158,5,51,False,0,car,0 days 00:01:35.743000,0 days 02:27:06.942000,4998.838611111116,49.0
2023-10-22 20:28:09.375,9115,165,5,60,False,0,car,0 days 00:01:35.943000,0 days 02:27:07.142000,5008.005277777783,49.0
2023-10-22 20:28:09.775,9431,176,5,76,False,0,car,0 days 00:01:36.343000,0 days 02:27:07.542000,5027.560833333338,49.0
2023-10-22 20:28:10.055,10269,187,5,99,False,0,car,0 days 00:01:36.623000,0 days 02:27:07.822000,5042.105277777783,49.0
2023-10-22 20:28:10.335,10769,198,5,99,False,0,car,0 days 00:01:36.903000,0 days 02:27:08.102000,5057.505277777783,49.0
2023-10-22 20:28:10.575,11211,204,5,100,False,0,car,0 days 00:01:37.143000,0 days 02:27:08.342000,5071.105277777782,49.0
2023-10-22 20:28:11.055,9314,214,6,0,False,0,car,0 days 00:01:37.623000,0 days 02:27:08.822000,5099.638611111116,49.0
2023-10-22 20:28:11.255,9587,206,6,0,True,0,car,0 days 00:01:37.823000,0 days 02:27:09.022000,5111.083055555559,49.0
2023-10-22 20:28:11.415,9330,201,6,0,True,0,car,0 days 00:01:37.983000,0 days 02:27:09.182000,5120.016388888894,49.0
2023-10-22 20:28:11.856,9540,179,5,0,True,0,car,0 days 00:01:38.424000,0 days 02:27:09.623000,5141.9438888888935,49.0
2023-10-22 20:28:12.135,10306,165,4,0,True,0,car,0 days 00:01:38.703000,0 days 02:27:09.902000,5154.731388888893,49.0
2023-10-22 20:28:12.415,9465,155,4,0,True,0,car,0 days 00:01:38.983000,0 days 02:27:10.182000,5166.786944444449,49.0
2023-10-22 20:28:12.695,9996,140,3,0,True,0,car,0 days 00:01:39.263000,0 days 02:27:10.462000,5177.675833333337,49.0
2023-10-22 20:28:13.015,8970,126,3,0,True,0,car,0 days 00:01:39.583000,0 days 02:27:10.782000,5188.875833333337,49.0
2023-10-22 20:28:13.415,7757,110,3,0,True,0,car,0 days 00:01:39.983000,0 days 02:27:11.182000,5201.09805555556,49.0
2023-10-22 20:28:13.735,7050,99,3,0,True,0,car,0 days 00:01:40.303000,0 days 02:27:11.502000,5209.89805555556,49.0
2023-10-22 20:28:13.895,6844,97,3,0,True,0,car,0 days 00:01:40.463000,0 days 02:27:11.662000,5214.209166666671,49.0
2023-10-22 20:28:14.335,6227,89,3,0,False,0,car,0 days 00:01:40.903000,0 days 02:27:12.102000,5225.086944444449,49.0
2023-10-22 20:28:14.535,6163,87,3,0,False,0,car,0 days 00:01:41.103000,0 days 02:27:12.302000,5229.920277777782,49.0
2023-10-22 20:28:14.815,6249,83,3,6,False,0,car,0 days 00:01:41.383000,0 days 02:27:12.582000,5236.375833333337,49.0
2023-10-22 20:28:15.135,6225,83,3,12,False,0,car,0 days 00:01:41.703000,0 days 02:27:12.902000,5243.753611111115,49.0
2023-10-22 20:28:15.415,6182,84,3,21,False,0,car,0 days 00:01:41.983000,0 days 02:27:13.182000,5250.286944444449,49.0
2023-10-22 20:28:15.655,6417,86,3,24,False,0,car,0 days 00:01:42.223000,0 days 02:27:13.422000,5256.020277777782,49.0
2023-10-22 20:28:16.015,6755,89,3,30,False,0,car,0 days 00:01:42.583000,0 days 02:27:13.782000,5264.920277777782,49.0
2023-10-22 20:28:16.335,7079,97,3,34,False,0,car,0 days 00:01:42.903000,0 days 02:27:14.102000,5273.542500000004,49.0
2023-10-22 20:28:16.775,7757,95,3,0,False,0,car,0 days 00:01:43.343000,0 days 02:27:14.542000,5285.153611111115,49.0
2023-10-22 20:28:16.975,7792,91,3,0,True,0,car,0 days 00:01:43.543000,0 days 02:27:14.742000,5290.209166666671,49.0
2023-10-22 20:28:17.215,7422,88,2,1,True,0,car,0 days 00:01:43.783000,0 days 02:27:14.982000,5296.075833333338,49.0
2023-10-22 20:28:17.415,7106,84,2,2,True,0,car,0 days 00:01:43.983000,0 days 02:27:15.182000,5300.742500000005,49.0
2023-10-22 20:28:17.615,6770,80,2,1,True,0,car,0 days 00:01:44.183000,0 days 02:27:15.382000,5305.186944444449,49.0
2023-10-22 20:28:17.935,6544,77,2,18,True,0,car,0 days 00:01:44.503000,0 days 02:27:15.702000,5312.031388888893,49.0
2023-10-22 20:28:18.295,6803,77,2,40,False,0,car,0 days 00:01:44.863000,0 days 02:27:16.062000,5319.731388888893,49.0
2023-10-22 20:28:18.695,6610,79,2,50,False,0,car,0 days 00:01:45.263000,0 days 02:27:16.462000,5328.509166666671,49.0
2023-10-22 20:28:18.975,6780,79,2,50,False,0,car,0 days 00:01:45.543000,0 days 02:27:16.742000,5334.653611111115,49.0
2023-10-22 20:28:19.215,6785,79,2,50,False,0,car,0 days 00:01:45.783000,0 days 02:27:16.982000,5339.920277777782,49.0
2023-10-22 20:28:19.455,6707,79,2,50,False,0,car,0 days 00:01:46.023000,0 days 02:27:17.222000,5345.186944444448,49.0
2023-10-22 20:28:19.695,6766,80,2,53,False,0,car,0 days 00:01:46.263000,0 days 02:27:17.462000,5350.520277777782,49.0
2023-10-22 20:28:19.935,6787,79,2,53,False,0,car,0 days 00:01:46.503000,0 days 02:27:17.702000,5355.786944444449,49.0
